                    1     2.5000000000000001E-003    -6.2584872022827945E-018
                    2     7.4999999999999997E-003    -1.2512211306535157E-017
                    3     1.2500000000000001E-002    -1.7533004781011371E-017
                    4     1.7500000000000002E-002    -2.3464459091881305E-017
                    5     2.2499999999999999E-002    -3.1811693263122497E-017
                    6     2.7500000000000000E-002    -4.3158900873647690E-017
                    7     3.2500000000000001E-002    -5.8883322722712715E-017
                    8     3.7500000000000006E-002    -8.2214436896980166E-017
                    9     4.2499999999999996E-002    -1.1677490854774087E-016
                   10     4.7500000000000001E-002    -1.6856789346598535E-016
                   11     5.2500000000000005E-002    -2.4927796307667251E-016
                   12     5.7499999999999996E-002    -3.7904286225248554E-016
                   13     6.2500000000000000E-002    -5.9264137137263420E-016
                   14     6.7500000000000004E-002    -9.4940808336222451E-016
                   15     7.2500000000000009E-002    -1.5698946006101846E-015
                   16     7.7499999999999999E-002    -2.7033987575396303E-015
                   17     8.2500000000000004E-002    -4.8415392758279493E-015
                   18     8.7499999999999994E-002    -9.0903224738405229E-015
                   19     9.2499999999999999E-002    -1.8109902578204410E-014
                   20     9.7500000000000003E-002    -3.8622533969983914E-014
                   21    0.10250000000000001         -8.9567259616752835E-014
                   22    0.10750000000000000         -2.3050457745058344E-013
                   23    0.11250000000000000         -6.7965792948721306E-013
                   24    0.11749999999999999         -2.3888671534379230E-012
                   25    0.12250000000000000         -1.0568353463130445E-011
                   26    0.12750000000000000         -6.9314823795650184E-011
                   27    0.13250000000000001         -5.3141361742297679E-009
                   28    0.13750000000000001         -2.2153327271050424E-007
                   29    0.14250000000000002         -3.6379156642770394E-009
                   30    0.14749999999999999         -3.8097654150786973E-009
                   31    0.15250000000000000         -3.9661982608742281E-009
                   32    0.15750000000000000         -4.1071084274215971E-009
                   33    0.16250000000000001         -4.2321887632600213E-009
                   34    0.16750000000000001         -4.3409341905897745E-009
                   35    0.17250000000000001         -4.4326678612476073E-009
                   36    0.17749999999999999         -4.5065846860647507E-009
                   37    0.18250000000000000         -4.5618059473530848E-009
                   38    0.18750000000000000         -4.5974385349895403E-009
                   39    0.19250000000000000         -4.6126328771282146E-009
                   40    0.19750000000000001         -4.6066346873644411E-009
                   41    0.20250000000000001         -4.5788270052516236E-009
                   42    0.20750000000000002         -4.5287604573985120E-009
                   43    0.21249999999999999         -4.4561710388281791E-009
                   44    0.21750000000000000         -4.3609858843933822E-009
                   45    0.22250000000000000         -4.2433183965013520E-009
                   46    0.22750000000000001         -4.1034546931183658E-009
                   47    0.23250000000000001         -3.9418336521603374E-009
                   48    0.23749999999999999         -3.7590228934500834E-009
                   49    0.24249999999999999         -3.5556929110487683E-009
                   50    0.24750000000000000         -3.3325913053616097E-009
                   51    0.25250000000000000         -3.0905187221376037E-009
                   52    0.25750000000000001         -2.8303077332328972E-009
                   53    0.26250000000000001         -2.5528055308742568E-009
                   54    0.26750000000000002         -2.2588609809905931E-009
                   55    0.27250000000000002         -1.9493163099097607E-009
                   56    0.27750000000000002         -1.6250034901324909E-009
                   57    0.28250000000000003         -1.2867452453789647E-009
                   58    0.28749999999999998         -9.3536050654608870E-010
                   59    0.29249999999999998         -5.7167410736516749E-010
                   60    0.29749999999999999         -1.9653049018307544E-010
