                    1   2.5000000000000001E-003  -5.3798915866638586     
                    2   7.4999999999999997E-003  -5.2005253309148394     
                    3   1.2500000000000001E-002  -5.0131985229695459     
                    4   1.7500000000000002E-002  -4.8249516390915890     
                    5   2.2499999999999999E-002  -4.6363794802065659     
                    6   2.7500000000000000E-002  -4.4473965060581033     
                    7   3.2500000000000001E-002  -4.2579978301596002     
                    8   3.7500000000000006E-002  -4.0684305294801693     
                    9   4.2499999999999996E-002  -3.8787842642319612     
                   10   4.7500000000000001E-002  -3.6890321534976973     
                   11   5.2500000000000005E-002  -3.4992576544585345     
                   12   5.7499999999999996E-002  -3.3094735205764243     
                   13   6.2500000000000000E-002  -3.1197749924989053     
                   14   6.7500000000000004E-002  -2.9302328918261042     
                   15   7.2500000000000009E-002  -2.7408871660422047     
                   16   7.7499999999999999E-002  -2.5519394671902291     
                   17   8.2500000000000004E-002  -2.3636362104915802     
                   18   8.7499999999999994E-002  -2.1761717749596690     
                   19   9.2499999999999999E-002  -1.9895784520731108     
                   20   9.7500000000000003E-002  -1.8038779095023243     
                   21  0.10250000000000001       -1.6191738109510827     
                   22  0.10750000000000000       -1.4354071235368917     
                   23  0.11250000000000000       -1.2523345874214571     
                   24  0.11749999999999999       -1.0696294857173938     
                   25  0.12250000000000000      -0.88740033973790644     
                   26  0.12750000000000000      -0.70843827631072276     
                   27  0.13250000000000001      -0.53740484449448589     
                   28  0.13750000000000001      -0.37391568194424807     
                   29  0.14250000000000002      -0.21459907658361893     
                   30  0.14749999999999999       -5.7172870690340639E-002
                   31  0.15250000000000000        9.9636673209852644E-002
                   32  0.15750000000000000       0.25566812349987950     
                   33  0.16250000000000001       0.41094601556893817     
                   34  0.16750000000000001       0.56549711997996410     
                   35  0.17250000000000001       0.71934996701003528     
                   36  0.17749999999999999       0.87253434358168824     
                   37  0.18250000000000000        1.0250808350501555     
                   38  0.18750000000000000        1.1770204472190535     
                   39  0.19250000000000000        1.3283843186078386     
                   40  0.19750000000000001        1.4792035177717342     
                   41  0.20250000000000001        1.6295089128233990     
                   42  0.20750000000000002        1.7793310977264776     
                   43  0.21249999999999999        1.9287003603920336     
                   44  0.21750000000000000        2.0776466796323820     
                   45  0.22250000000000000        2.2261997406330503     
                   46  0.22750000000000001        2.3743889612026354     
                   47  0.23250000000000001        2.5222435233426248     
                   48  0.23749999999999999        2.6697924065213599     
                   49  0.24249999999999999        2.8170644204279078     
                   50  0.24750000000000000        2.9640882359728833     
                   51  0.25250000000000000        3.1108924139695953     
                   52  0.25750000000000001        3.2575054313494070     
                   53  0.26250000000000001        3.4039557050106635     
                   54  0.26750000000000002        3.5502716135287180     
                   55  0.27250000000000002        3.6964815170090883     
                   56  0.27750000000000002        3.8426137753775782     
                   57  0.28250000000000003        3.9886967653910848     
                   58  0.28749999999999998        4.1347588966337980     
                   59  0.29249999999999998        4.2808286267433351     
                   60  0.29749999999999999        4.4269344760942344     
