                    1   2.5000000000000001E-003  -5.5176209533066087     
                    2   7.4999999999999997E-003  -5.3781812990745443     
                    3   1.2500000000000001E-002  -5.2325185008347592     
                    4   1.7500000000000002E-002  -5.0860973509068410     
                    5   2.2499999999999999E-002  -4.9393707379000915     
                    6   2.7500000000000000E-002  -4.7922622979413303     
                    7   3.2500000000000001E-002  -4.6447585671360585     
                    8   3.7500000000000006E-002  -4.4970428069751982     
                    9   4.2499999999999996E-002  -4.3491757758095098     
                   10   4.7500000000000001E-002  -4.2011277940621277     
                   11   5.2500000000000005E-002  -4.0529558193122135     
                   12   5.7499999999999996E-002  -3.9046621961378243     
                   13   6.2500000000000000E-002  -3.7563149994830369     
                   14   6.7500000000000004E-002  -3.6079643791907916     
                   15   7.2500000000000009E-002  -3.4596382775308960     
                   16   7.7499999999999999E-002  -3.3114949384428423     
                   17   8.2500000000000004E-002  -3.1637324879936903     
                   18   8.7499999999999994E-002  -3.0165144003766162     
                   19   9.2499999999999999E-002  -2.8698839473614761     
                   20   9.7500000000000003E-002  -2.7238893241305213     
                   21  0.10250000000000001       -2.5786643324337826     
                   22  0.10750000000000000       -2.4342428909965483     
                   23  0.11250000000000000       -2.2905539662460010     
                   24  0.11749999999999999       -2.1474754745149385     
                   25  0.12250000000000000       -2.0049184910301188     
                   26  0.12750000000000000       -1.8627949395418724     
                   27  0.13250000000000001       -1.7209299693208862     
                   28  0.13750000000000001       -1.5791349330141549     
                   29  0.14250000000000002       -1.4371806132069600     
                   30  0.14749999999999999       -1.2947460023120936     
                   31  0.15250000000000000       -1.1513570401831461     
                   32  0.15750000000000000       -1.0062665205783334     
                   33  0.16250000000000001      -0.85801553867081548     
                   34  0.16750000000000001      -0.70105705819443886     
                   35  0.17250000000000001      -0.52930127225109236     
                   36  0.17749999999999999      -0.34257456817101439     
                   37  0.18250000000000000      -0.14729869952067071     
                   38  0.18750000000000000        5.0028474671261369E-002
                   39  0.19250000000000000       0.24763599656961294     
                   40  0.19750000000000001       0.44520976826037195     
                   41  0.20250000000000001       0.64275705831326801     
                   42  0.20750000000000002       0.84028492672946820     
                   43  0.21249999999999999        1.0378003068763244     
                   44  0.21750000000000000        1.2353100789872036     
                   45  0.22250000000000000        1.4328211341430024     
                   46  0.22750000000000001        1.6303404281773770     
                   47  0.23250000000000001        1.8278750254095197     
                   48  0.23749999999999999        2.0254321324938420     
                   49  0.24249999999999999        2.2230191229786147     
                   50  0.24750000000000000        2.4206435533846271     
                   51  0.25250000000000000        2.6183131717543424     
                   52  0.25750000000000001        2.8160359196897558     
                   53  0.26250000000000001        3.0138199289038150     
                   54  0.26750000000000002        3.2116735132679013     
                   55  0.27250000000000002        3.4096051572591710     
                   56  0.27750000000000002        3.6076235016087166     
                   57  0.28250000000000003        3.8057373268359558     
                   58  0.28749999999999998        4.0039555352363436     
                   59  0.29249999999999998        4.2022871317769681     
                   60  0.29749999999999999        4.4007412042546274     
