                    1   2.5000000000000001E-003  -12.684065307752036     
                    2   7.4999999999999997E-003  -13.695196475664783     
                    3   1.2500000000000001E-002  -13.810593307363522     
                    4   1.7500000000000002E-002  -13.835642717951938     
                    5   2.2499999999999999E-002  -13.864430604428726     
                    6   2.7500000000000000E-002  -13.904206219130462     
                    7   3.2500000000000001E-002  -13.935470787197264     
                    8   3.7500000000000006E-002  -13.939372999083238     
                    9   4.2499999999999996E-002  -13.958573400924937     
                   10   4.7500000000000001E-002  -13.967866227824256     
                   11   5.2500000000000005E-002  -13.975529102685126     
                   12   5.7499999999999996E-002  -13.983861660338643     
                   13   6.2500000000000000E-002  -13.977639964186423     
                   14   6.7500000000000004E-002  -13.975537461761522     
                   15   7.2500000000000009E-002  -13.963168656573352     
                   16   7.7499999999999999E-002  -13.929443086782740     
                   17   8.2500000000000004E-002  -13.877840913257248     
                   18   8.7499999999999994E-002  -13.811996163177909     
                   19   9.2499999999999999E-002  -13.752125982721896     
                   20   9.7500000000000003E-002  -13.678004111122203     
                   21  0.10250000000000001       -13.594919167813231     
                   22  0.10750000000000000       -13.520207512026165     
                   23  0.11250000000000000       -13.464190132326678     
                   24  0.11749999999999999       -13.445188908069944     
                   25  0.12250000000000000       -13.497504143985010     
                   26  0.12750000000000000       -13.849679291302406     
                   27  0.13250000000000001       -15.552568712029320     
                   28  0.13750000000000001       -17.780403879126744     
                   29  0.14250000000000002       -18.796920872416568     
                   30  0.14749999999999999       -18.956969651623673     
                   31  0.15250000000000000       -18.894707920345464     
                   32  0.15750000000000000       -18.834172530970395     
                   33  0.16250000000000001       -18.775804103199622     
                   34  0.16750000000000001       -18.719983018624902     
                   35  0.17250000000000001       -18.667006517583733     
                   36  0.17749999999999999       -18.617085111774742     
                   37  0.18250000000000000       -18.570350664445058     
                   38  0.18750000000000000       -18.526870141942705     
                   39  0.19250000000000000       -18.486660921212650     
                   40  0.19750000000000001       -18.449705176618167     
                   41  0.20250000000000001       -18.415962102529793     
                   42  0.20750000000000002       -18.385377557400936     
                   43  0.21249999999999999       -18.357891212952218     
                   44  0.21750000000000000       -18.333441547949406     
                   45  0.22250000000000000       -18.311969120999230     
                   46  0.22750000000000001       -18.293418554807666     
                   47  0.23250000000000001       -18.277739611479312     
                   48  0.23749999999999999       -18.264887665246452     
                   49  0.24249999999999999       -18.254823804073034     
                   50  0.24750000000000000       -18.247514724841054     
                   51  0.25250000000000000       -18.242932532498337     
                   52  0.25750000000000001       -18.241054512290287     
                   53  0.26250000000000001       -18.241862914743688     
                   54  0.26750000000000002       -18.245344773298548     
                   55  0.27250000000000002       -18.251491762103619     
                   56  0.27750000000000002       -18.260300094412450     
                   57  0.28250000000000003       -18.271770458522983     
                   58  0.28749999999999998       -18.285907986989642     
                   59  0.29249999999999998       -18.302722254979933     
                   60  0.29749999999999999       -18.322227304540981     
