                    1   2.5000000000000001E-003  0.25774520758921837     
                    2   7.4999999999999997E-003  0.24117424139104085     
                    3   1.2500000000000001E-002  0.23940864236292575     
                    4   1.7500000000000002E-002  0.23903202753005665     
                    5   2.2499999999999999E-002  0.23860007176038572     
                    6   2.7500000000000000E-002  0.23800494807890521     
                    7   3.2500000000000001E-002  0.23754028358447532     
                    8   3.7500000000000006E-002  0.23748902192535526     
                    9   4.2499999999999996E-002  0.23720964838389569     
                   10   4.7500000000000001E-002  0.23708091233285072     
                   11   5.2500000000000005E-002  0.23697896209724900     
                   12   5.7499999999999996E-002  0.23686986934724730     
                   13   6.2500000000000000E-002  0.23698221956088650     
                   14   6.7500000000000004E-002  0.23703767388432867     
                   15   7.2500000000000009E-002  0.23725329581141133     
                   16   7.7499999999999999E-002  0.23779841998110346     
                   17   8.2500000000000004E-002  0.23862720526238912     
                   18   8.7499999999999994E-002  0.23969303507481993     
                   19   9.2499999999999999E-002  0.24069840963394307     
                   20   9.7500000000000003E-002  0.24196688574538433     
                   21  0.10250000000000001       0.24344348463126997     
                   22  0.10750000000000000       0.24490525646388939     
                   23  0.11250000000000000       0.24628347857478489     
                   24  0.11749999999999999       0.24752040006723630     
                   25  0.12250000000000000       0.24881134955756640     
                   26  0.12750000000000000       0.25001805622677536     
                   27  0.13250000000000001       0.25109636212688891     
                   28  0.13750000000000001       0.25217275157961527     
                   29  0.14250000000000002       0.25319740749600100     
                   30  0.14749999999999999       0.25428456076736494     
                   31  0.15250000000000000       0.25547610092746337     
                   32  0.15750000000000000       0.25704688133515713     
                   33  0.16250000000000001       0.25849899555115996     
                   34  0.16750000000000001       0.24489852832134593     
                   35  0.17250000000000001       0.20679446739490243     
                   36  0.17749999999999999       0.17704954991414884     
                   37  0.18250000000000000       0.16876428623733786     
                   38  0.18750000000000000       0.16793952750694124     
                   39  0.19250000000000000       0.16785121351368942     
                   40  0.19750000000000001       0.16775469842864754     
                   41  0.20250000000000001       0.16765045084532673     
                   42  0.20750000000000002       0.16753880777494784     
                   43  0.21249999999999999       0.16741998601287880     
                   44  0.21750000000000000       0.16729409564455577     
                   45  0.22250000000000000       0.16716115485527389     
                   46  0.22750000000000001       0.16702110529027109     
                   47  0.23250000000000001       0.16687382731668399     
                   48  0.23749999999999999       0.16671915465838599     
                   49  0.24249999999999999       0.16655688799972260     
                   50  0.24750000000000000       0.16638680727688399     
                   51  0.25250000000000000       0.16620868248961174     
                   52  0.25750000000000001       0.16602228296626625     
                   53  0.26250000000000001       0.16582738509884559     
                   54  0.26750000000000002       0.16562377862978805     
                   55  0.27250000000000002       0.16541127161914077     
                   56  0.27750000000000002       0.16518969424983171     
                   57  0.28250000000000003       0.16495890164201230     
                   58  0.28749999999999998       0.16471877584688202     
                   59  0.29249999999999998       0.16446922717843032     
                   60  0.29749999999999999       0.16421019502053030     
