                    1   2.5000000000000001E-003  -5.5513113274829244     
                    2   7.4999999999999997E-003  -5.4756496747270926     
                    3   1.2500000000000001E-002  -5.3649684095567594     
                    4   1.7500000000000002E-002  -5.2467930930903472     
                    5   2.2499999999999999E-002  -5.1271524263836668     
                    6   2.7500000000000000E-002  -5.0065423887184162     
                    7   3.2500000000000001E-002  -4.8848949308190974     
                    8   3.7500000000000006E-002  -4.7629089847144535     
                    9   4.2499999999999996E-002  -4.6407431924325842     
                   10   4.7500000000000001E-002  -4.5180910611182696     
                   11   5.2500000000000005E-002  -4.3949520219434817     
                   12   5.7499999999999996E-002  -4.2713740186201274     
                   13   6.2500000000000000E-002  -4.1476882079190869     
                   14   6.7500000000000004E-002  -4.0242936528277191     
                   15   7.2500000000000009E-002  -3.9012304785459979     
                   16   7.7499999999999999E-002  -3.7785472061469969     
                   17   8.2500000000000004E-002  -3.6565037778447129     
                   18   8.7499999999999994E-002  -3.5353482435796542     
                   19   9.2499999999999999E-002  -3.4152673407328598     
                   20   9.7500000000000003E-002  -3.2962551151455424     
                   21  0.10250000000000001       -3.1781408502763711     
                   22  0.10750000000000000       -3.0607659953621997     
                   23  0.11250000000000000       -2.9440122111809774     
                   24  0.11749999999999999       -2.8276845613002743     
                   25  0.12250000000000000       -2.7114019302610619     
                   26  0.12750000000000000       -2.5948564020757487     
                   27  0.13250000000000001       -2.4778503617362029     
                   28  0.13750000000000001       -2.3601727228561304     
                   29  0.14250000000000002       -2.2416648281471963     
                   30  0.14749999999999999       -2.1221762317850277     
                   31  0.15250000000000000       -2.0016467549224259     
                   32  0.15750000000000000       -1.8801788287160921     
                   33  0.16250000000000001       -1.7579485983773004     
                   34  0.16750000000000001       -1.6352180411030486     
                   35  0.17250000000000001       -1.5122157603873523     
                   36  0.17749999999999999       -1.3881170337778452     
                   37  0.18250000000000000       -1.2554779385061381     
                   38  0.18750000000000000       -1.0887517298387843     
                   39  0.19250000000000000      -0.87151638023237954     
                   40  0.19750000000000001      -0.62218126698789300     
                   41  0.20250000000000001      -0.36403632837704786     
                   42  0.20750000000000002      -0.10592841154225872     
                   43  0.21249999999999999       0.15058961464171003     
                   44  0.21750000000000000       0.40547532875395131     
                   45  0.22250000000000000       0.65894112620799383     
                   46  0.22750000000000001       0.91116877992870715     
                   47  0.23250000000000001        1.1623155724194514     
                   48  0.23749999999999999        1.4125192004590423     
                   49  0.24249999999999999        1.6619016977812926     
                   50  0.24750000000000000        1.9105725456282090     
                   51  0.25250000000000000        2.1586311237030014     
                   52  0.25750000000000001        2.4061686412116998     
                   53  0.26250000000000001        2.6532696685348074     
                   54  0.26750000000000002        2.9000133673352444     
                   55  0.27250000000000002        3.1464744949340906     
                   56  0.27750000000000002        3.3927242401698416     
                   57  0.28250000000000003        3.6388309334782130     
                   58  0.28749999999999998        3.8848606632897136     
                   59  0.29249999999999998        4.1308778233225985     
                   60  0.29749999999999999        4.3769456101903748     
