                    1   0.0000000000000000       -5.4373092527775215     
                    2   5.0000000000000001E-003  -5.3750774294201218     
                    3   1.0000000000000000E-002  -5.2369805463411856     
                    4   1.4999999999999999E-002  -5.0820934606076431     
                    5   2.0000000000000000E-002  -4.9242455272810517     
                    6   2.5000000000000001E-002  -4.7655796267189681     
                    7   2.9999999999999999E-002  -4.6052850064730535     
                    8   3.5000000000000003E-002  -4.4440121761939055     
                    9   4.0000000000000001E-002  -4.2829760730348578     
                   10   4.4999999999999998E-002  -4.1213994923210411     
                   11   5.0000000000000003E-002  -3.9592688768199809     
                   12   5.5000000000000000E-002  -3.7966143780653088     
                   13   5.9999999999999998E-002  -3.6335494374053843     
                   14   6.5000000000000002E-002  -3.4708471251893886     
                   15   7.0000000000000007E-002  -3.3087961146775080     
                   16   7.4999999999999997E-002  -3.1472230678537931     
                   17   8.0000000000000002E-002  -2.9864350247969909     
                   18   8.5000000000000006E-002  -2.8268080556646367     
                   19   8.9999999999999997E-002  -2.6686111791181206     
                   20   9.5000000000000001E-002  -2.5120518071198630     
                   21  0.10000000000000001       -2.3568868342635629     
                   22  0.10500000000000000       -2.2028820713521533     
                   23  0.11000000000000000       -2.0498078309772221     
                   24  0.11500000000000000       -1.8975024062861139     
                   25  0.12000000000000000       -1.7454778024023578     
                   26  0.12500000000000000       -1.5929652397190284     
                   27  0.13000000000000000       -1.4393564024467826     
                   28  0.13500000000000001       -1.2831830851945707     
                   29  0.14000000000000001       -1.1190134668112428     
                   30  0.14499999999999999      -0.92478406263835589     
                   31  0.14999999999999999      -0.71589504356133293     
                   32  0.15500000000000000      -0.50986911215423125     
                   33  0.16000000000000000      -0.31387573633317406     
                   34  0.16500000000000001      -0.12135044652837451     
                   35  0.17000000000000001        6.8073759890635688E-002
                   36  0.17500000000000002       0.25463487651124855     
                   37  0.17999999999999999       0.43867737055073075     
                   38  0.18500000000000000       0.62048137962175476     
                   39  0.19000000000000000       0.80028012326830622     
                   40  0.19500000000000001       0.97827181029351173     
                   41  0.20000000000000001        1.1546278978900248     
                   42  0.20500000000000002        1.3294989654133715     
                   43  0.20999999999999999        1.5030190071984371     
                   44  0.21500000000000000        1.6753086529745285     
                   45  0.22000000000000000        1.8464776411123665     
                   46  0.22500000000000001        2.0166267568975900     
                   47  0.23000000000000001        2.1858493776740739     
                   48  0.23500000000000001        2.3542327222014001     
                   49  0.23999999999999999        2.5218588728617650     
                   50  0.24500000000000000        2.6888056204217721     
                   51  0.25000000000000000        2.8551471682806824     
                   52  0.25500000000000000        3.0209547243064736     
                   53  0.26000000000000001        3.1862970021043289     
                   54  0.26500000000000001        3.3512406490195663     
                   55  0.27000000000000002        3.5158506148023738     
                   56  0.27500000000000002        3.6801904723042149     
                   57  0.28000000000000003        3.8443226996072455     
                   58  0.28500000000000003        4.0083089314553284     
                   59  0.28999999999999998        4.1722101866270735     
                   60  0.29499999999999998        4.3360870767275737     
                   61  0.29999999999999999        4.5000000000000000     
