                    1   0.0000000000000000        4.3182757886333469     
                    2   5.0000000000000001E-003  -9.0547433926525454     
                    3   1.0000000000000000E-002  -10.798855862292887     
                    4   1.4999999999999999E-002  -11.109376633079604     
                    5   2.0000000000000000E-002  -11.172717618472612     
                    6   2.5000000000000001E-002  -11.215843562905835     
                    7   2.9999999999999999E-002  -11.383835201628536     
                    8   3.5000000000000003E-002  -11.344796654439385     
                    9   4.0000000000000001E-002  -11.359767139375332     
                   10   4.4999999999999998E-002  -11.420809998337189     
                   11   5.0000000000000003E-002  -11.438416505569691     
                   12   5.5000000000000000E-002  -11.496747232463578     
                   13   5.9999999999999998E-002  -11.500594428959428     
                   14   6.5000000000000002E-002  -11.460505526977592     
                   15   7.0000000000000007E-002  -11.427763773033034     
                   16   7.4999999999999997E-002  -11.410313843161225     
                   17   8.0000000000000002E-002  -11.338354445270515     
                   18   8.5000000000000006E-002  -11.272448031371097     
                   19   8.9999999999999997E-002  -11.165798229377334     
                   20   9.5000000000000001E-002  -11.072594283025621     
                   21  0.10000000000000001       -10.996333421849366     
                   22  0.10500000000000000       -10.931901418490011     
                   23  0.11000000000000000       -10.883306719417307     
                   24  0.11500000000000000       -10.837252384661637     
                   25  0.12000000000000000       -10.848868260405295     
                   26  0.12500000000000000       -10.900011526863004     
                   27  0.13000000000000000       -10.991100141398466     
                   28  0.13500000000000001       -11.250881850198141     
                   29  0.14000000000000001       -12.191572372478664     
                   30  0.14499999999999999       -17.487069020102549     
                   31  0.14999999999999999       -27.249198190122755     
                   32  0.15500000000000000       -29.881037676995913     
                   33  0.16000000000000000       -30.037552320739128     
                   34  0.16500000000000001       -28.986283622242709     
                   35  0.17000000000000001       -28.019403289919762     
                   36  0.17500000000000002       -27.235457015717305     
                   37  0.17999999999999999       -26.586412094112070     
                   38  0.18500000000000000       -26.040238347383752     
                   39  0.19000000000000000       -25.574745891122276     
                   40  0.19500000000000001       -25.174044554166457     
                   41  0.20000000000000001       -24.826432207688125     
                   42  0.20500000000000002       -24.523086627470743     
                   43  0.20999999999999999       -24.257225332871165     
                   44  0.21500000000000000       -24.023547739258632     
                   45  0.22000000000000000       -23.817853618987360     
                   46  0.22500000000000001       -23.636775364292916     
                   47  0.23000000000000001       -23.477585967719637     
                   48  0.23500000000000001       -23.338058757710467     
                   49  0.23999999999999999       -23.216363349348473     
                   50  0.24500000000000000       -23.110987453006356     
                   51  0.25000000000000000       -23.020677471247392     
                   52  0.25500000000000000       -22.944392959574039     
                   53  0.26000000000000001       -22.881271462584444     
                   54  0.26500000000000001       -22.830601220118069     
                   55  0.27000000000000002       -22.791799924424716     
                   56  0.27500000000000002       -22.764398197810994     
                   57  0.28000000000000003       -22.748026815179525     
                   58  0.28500000000000003       -22.742406961873492     
                   59  0.28999999999999998       -22.747343025168629     
                   60  0.29499999999999998       -22.762717579023235     
                   61  0.29999999999999999       -22.788488291165368     
