                    1   2.5000000000000001E-003   2.4099085795752293E-002
                    2   7.4999999999999997E-003   2.5241791875965411E-002
                    3   1.2500000000000001E-002   2.8327405228190966E-002
                    4   1.7500000000000002E-002   4.1965880770419052E-002
                    5   2.2499999999999999E-002   9.6892834422982202E-002
                    6   2.7500000000000000E-002  0.14390220093392905     
                    7   3.2500000000000001E-002  0.15441904899212389     
                    8   3.7500000000000006E-002  0.16315549098121224     
                    9   4.2499999999999996E-002  0.16973395731185489     
                   10   4.7500000000000001E-002  0.17482548267250009     
                   11   5.2500000000000005E-002  0.17887488060401577     
                   12   5.7499999999999996E-002  0.18216352338352179     
                   13   6.2500000000000000E-002  0.18487433004360820     
                   14   6.7500000000000004E-002  0.18713213652051672     
                   15   7.2500000000000009E-002  0.18902648592991009     
                   16   7.7499999999999999E-002  0.19062436608474131     
                   17   8.2500000000000004E-002  0.19197753421356384     
                   18   8.7499999999999994E-002  0.19312694160562519     
                   19   9.2499999999999999E-002  0.19410556158584547     
                   20   9.7500000000000003E-002  0.19494029545955233     
                   21  0.10250000000000001       0.19565331503069575     
                   22  0.10750000000000000       0.19626304156650454     
                   23  0.11250000000000000       0.19678487923800878     
                   24  0.11749999999999999       0.19723177677978185     
                   25  0.12250000000000000       0.19761466564413493     
                   26  0.12750000000000000       0.19794280736228270     
                   27  0.13250000000000001       0.19822407282840454     
                   28  0.13750000000000001       0.19846516957185212     
                   29  0.14250000000000002       0.19867182855933080     
                   30  0.14749999999999999       0.19884895895090118     
                   31  0.15250000000000000       0.19900077706484287     
                   32  0.15750000000000000       0.19913091428524973     
                   33  0.16250000000000001       0.19924250756845172     
                   34  0.16750000000000001       0.19933827543029922     
                   35  0.17250000000000001       0.19942058173040189     
                   36  0.17749999999999999       0.19949148914645831     
                   37  0.18250000000000000       0.19955280390780142     
                   38  0.18750000000000000       0.19960611310270246     
                   39  0.19250000000000000       0.19965281566925308     
                   40  0.19750000000000001       0.19969414801192265     
                   41  0.20250000000000001       0.19973120504676567     
                   42  0.20750000000000002       0.19976495736220640     
                   43  0.21249999999999999       0.19979626508560244     
                   44  0.21750000000000000       0.19982588896556058     
                   45  0.22250000000000000       0.19985449911380798     
                   46  0.22750000000000001       0.19988268179626262     
                   47  0.23250000000000001       0.19991094462161887     
                   48  0.23749999999999999       0.19993972040093444     
                   49  0.24249999999999999       0.19996937011897781     
                   50  0.24750000000000000       0.20000018509371367     
                   51  0.25250000000000000       0.20003238847665564     
                   52  0.25750000000000001       0.20006613652410496     
                   53  0.26250000000000001       0.20010151972683832     
                   54  0.26750000000000002       0.20013856392761192     
                   55  0.27250000000000002       0.20017723153074068     
                   56  0.27750000000000002       0.20021742286464489     
                   57  0.28250000000000003       0.20025897771015352     
                   58  0.28749999999999998       0.20030167695485790     
                   59  0.29249999999999998       0.20034524427797612     
                   60  0.29749999999999999       0.20038934771161324     
