                    1   2.5000000000000001E-003  0.38996404708333077     
                    2   7.4999999999999997E-003  0.26333399059813500     
                    3   1.2500000000000001E-002  0.24359385913980205     
                    4   1.7500000000000002E-002  0.24015990747166560     
                    5   2.2499999999999999E-002  0.23914775771356478     
                    6   2.7500000000000000E-002  0.23721433948018952     
                    7   3.2500000000000001E-002  0.23600905783183226     
                    8   3.7500000000000006E-002  0.23614479057033361     
                    9   4.2499999999999996E-002  0.23540044878729485     
                   10   4.7500000000000001E-002  0.23463000888130348     
                   11   5.2500000000000005E-002  0.23388062264066667     
                   12   5.7499999999999996E-002  0.23324620636064811     
                   13   6.2500000000000000E-002  0.23345835245744245     
                   14   6.7500000000000004E-002  0.23398263106768510     
                   15   7.2500000000000009E-002  0.23430530742963407     
                   16   7.7499999999999999E-002  0.23496535299090521     
                   17   8.2500000000000004E-002  0.23604783801989276     
                   18   8.7499999999999994E-002  0.23743996002125239     
                   19   9.2499999999999999E-002  0.23908294055595103     
                   20   9.7500000000000003E-002  0.24046566047821744     
                   21  0.10250000000000001       0.24160095885730232     
                   22  0.10750000000000000       0.24250298295645367     
                   23  0.11250000000000000       0.24327159416805030     
                   24  0.11749999999999999       0.24356516358254676     
                   25  0.12250000000000000       0.24314689084973534     
                   26  0.12750000000000000       0.24246940491918048     
                   27  0.13250000000000001       0.24141245762695918     
                   28  0.13750000000000001       0.24005055490211502     
                   29  0.14250000000000002       0.23846198090849363     
                   30  0.14749999999999999       0.23658257615088552     
                   31  0.15250000000000000       0.23473073485638102     
                   32  0.15750000000000000       0.23304565490440338     
                   33  0.16250000000000001       0.23155961963194716     
                   34  0.16750000000000001       0.23042521462731513     
                   35  0.17250000000000001       0.22927845273655734     
                   36  0.17749999999999999       0.22509689576508168     
                   37  0.18250000000000000       0.20043871774161129     
                   38  0.18750000000000000       0.11749028909616976     
                   39  0.19250000000000000        3.8265172179235633E-002
                   40  0.19750000000000001        5.3659692241226596E-003
                   41  0.20250000000000001        2.0927286244514304E-004
                   42  0.20750000000000002        0.0000000000000000     
                   43  0.21249999999999999        0.0000000000000000     
                   44  0.21750000000000000        0.0000000000000000     
                   45  0.22250000000000000        0.0000000000000000     
                   46  0.22750000000000001        0.0000000000000000     
                   47  0.23250000000000001        0.0000000000000000     
                   48  0.23749999999999999        0.0000000000000000     
                   49  0.24249999999999999        0.0000000000000000     
                   50  0.24750000000000000        0.0000000000000000     
                   51  0.25250000000000000        0.0000000000000000     
                   52  0.25750000000000001        0.0000000000000000     
                   53  0.26250000000000001        0.0000000000000000     
                   54  0.26750000000000002        0.0000000000000000     
                   55  0.27250000000000002        0.0000000000000000     
                   56  0.27750000000000002        0.0000000000000000     
                   57  0.28250000000000003        0.0000000000000000     
                   58  0.28749999999999998        0.0000000000000000     
                   59  0.29249999999999998        0.0000000000000000     
                   60  0.29749999999999999        0.0000000000000000     
