                    1   0.0000000000000000       -5.5895273596151664     
                    2   5.0000000000000001E-003  -5.3874014018087273     
                    3   1.0000000000000000E-002  -5.1812050912309635     
                    4   1.4999999999999999E-002  -4.9755332975947697     
                    5   2.0000000000000000E-002  -4.7694701246100859     
                    6   2.5000000000000001E-002  -4.5631347696915814     
                    7   2.9999999999999999E-002  -4.3566534577614089     
                    8   3.5000000000000003E-002  -4.1502574099965734     
                    9   4.0000000000000001E-002  -3.9439160471734716     
                   10   4.4999999999999998E-002  -3.7376446965156047     
                   11   5.0000000000000003E-002  -3.5318439179543759     
                   12   5.5000000000000000E-002  -3.3260845379287982     
                   13   5.9999999999999998E-002  -3.1209266184159223     
                   14   6.5000000000000002E-002  -2.9163672123462647     
                   15   7.0000000000000007E-002  -2.7119527098406047     
                   16   7.4999999999999997E-002  -2.5081850797081717     
                   17   8.0000000000000002E-002  -2.3051340284292179     
                   18   8.5000000000000006E-002  -2.1028023262428737     
                   19   8.9999999999999997E-002  -1.9015168095624035     
                   20   9.5000000000000001E-002  -1.7014530876398379     
                   21  0.10000000000000001       -1.5029110873870599     
                   22  0.10500000000000000       -1.3060817421650808     
                   23  0.11000000000000000       -1.1113193878795329     
                   24  0.11500000000000000      -0.91934569391570320     
                   25  0.12000000000000000      -0.73208080135827958     
                   26  0.12500000000000000      -0.55238673223175727     
                   27  0.13000000000000000      -0.38356397085354110     
                   28  0.13500000000000001      -0.21815926499041410     
                   29  0.14000000000000001       -5.3129485739491299E-002
                   30  0.14499999999999999       0.11122259763997087     
                   31  0.14999999999999999       0.27491987891155173     
                   32  0.15500000000000000       0.43798781323554037     
                   33  0.16000000000000000       0.60045230319685583     
                   34  0.16500000000000001       0.76233869472741200     
                   35  0.17000000000000001       0.92367153342061314     
                   36  0.17500000000000002        1.0844746681763255     
                   37  0.17999999999999999        1.2447714583178087     
                   38  0.18500000000000000        1.4045849730186302     
                   39  0.19000000000000000        1.5639381446929728     
                   40  0.19500000000000001        1.7228538716421133     
                   41  0.20000000000000001        1.8813550782179063     
                   42  0.20500000000000002        2.0394647439850044     
                   43  0.20999999999999999        2.1972059124843644     
                   44  0.21500000000000000        2.3546016879514058     
                   45  0.22000000000000000        2.5116752259579473     
                   46  0.22500000000000001        2.6684497219188290     
                   47  0.23000000000000001        2.8249483998642582     
                   48  0.23500000000000001        2.9811945027989979     
                   49  0.23999999999999999        3.1372112852614986     
                   50  0.24500000000000000        3.2930220082621591     
                   51  0.25000000000000000        3.4486499365342325     
                   52  0.25500000000000000        3.6041183379068142     
                   53  0.26000000000000001        3.7594504845589634     
                   54  0.26500000000000001        3.9146696559053229     
                   55  0.27000000000000002        4.0697991428761933     
                   56  0.27500000000000002        4.2248622533768874     
                   57  0.28000000000000003        4.3798823187355325     
                   58  0.28500000000000003        4.5348827009717585     
                   59  0.28999999999999998        4.6898868007393251     
                   60  0.29499999999999998        4.8449180658126521     
                   61  0.29999999999999999        5.0000000000000000     
