                    1   2.5000000000000001E-003  -80.107653123110879     
                    2   7.4999999999999997E-003  -80.038844794016399     
                    3   1.2500000000000001E-002  -79.945384802539934     
                    4   1.7500000000000002E-002  -79.826219804003301     
                    5   2.2499999999999999E-002  -79.680020034579442     
                    6   2.7500000000000000E-002  -79.504890553412110     
                    7   3.2500000000000001E-002  -79.298399183060354     
                    8   3.7500000000000006E-002  -79.057104338488386     
                    9   4.2499999999999996E-002  -78.776266808910776     
                   10   4.7500000000000001E-002  -78.448855402930079     
                   11   5.2500000000000005E-002  -78.064477503927577     
                   12   5.7499999999999996E-002  -77.606754828775408     
                   13   6.2500000000000000E-002  -77.049164039455235     
                   14   6.7500000000000004E-002  -76.345558758034670     
                   15   7.2500000000000009E-002  -75.409538947900103     
                   16   7.7499999999999999E-002  -74.063968360345811     
                   17   8.2500000000000004E-002  -71.891138531586691     
                   18   8.7499999999999994E-002  -67.723421703388880     
                   19   9.2499999999999999E-002  -58.298658653171280     
                   20   9.7500000000000003E-002  -45.650301490342670     
                   21  0.10250000000000001       -40.575329621407406     
                   22  0.10750000000000000       -39.467074124690498     
                   23  0.11250000000000000       -39.202892118521895     
                   24  0.11749999999999999       -38.956885478778865     
                   25  0.12250000000000000       -38.708319073531101     
                   26  0.12750000000000000       -38.460729102920951     
                   27  0.13250000000000001       -38.215845110505953     
                   28  0.13750000000000001       -37.974627623854907     
                   29  0.14250000000000002       -37.737683436797624     
                   30  0.14749999999999999       -37.505442613082721     
                   31  0.15250000000000000       -37.278239423917881     
                   32  0.15750000000000000       -37.056352156939923     
                   33  0.16250000000000001       -36.840024126479015     
                   34  0.16750000000000001       -36.629475483645301     
                   35  0.17250000000000001       -36.424910206784467     
                   36  0.17749999999999999       -36.226520402859492     
                   37  0.18250000000000000       -36.034489025714095     
                   38  0.18750000000000000       -35.848991621012132     
                   39  0.19250000000000000       -35.670197450583402     
                   40  0.19750000000000001       -35.498270206750725     
                   41  0.20250000000000001       -35.333368444627133     
                   42  0.20750000000000002       -35.175645811175315     
                   43  0.21249999999999999       -35.025251120609724     
                   44  0.21750000000000000       -34.882328308808923     
                   45  0.22250000000000000       -34.747016290044648     
                   46  0.22750000000000001       -34.619448734408437     
                   47  0.23250000000000001       -34.499753781839686     
                   48  0.23749999999999999       -34.388053707313418     
                   49  0.24249999999999999       -34.284464550820815     
                   50  0.24750000000000000       -34.189095724893107     
                   51  0.25250000000000000       -34.102049611359980     
                   52  0.25750000000000001       -34.023421157855857     
                   53  0.26250000000000001       -33.953297483243787     
                   54  0.26750000000000002       -33.891757499702940     
                   55  0.27250000000000002       -33.838871557673400     
                   56  0.27750000000000002       -33.794701118038603     
                   57  0.28250000000000003       -33.759298453388823     
                   58  0.28749999999999998       -33.732706375817571     
                   59  0.29249999999999998       -33.714957979784955     
                   60  0.29749999999999999       -33.706076368705780     
