                    1   2.5000000000000001E-003  -111.62085647697181     
                    2   7.4999999999999997E-003  -111.40055175721000     
                    3   1.2500000000000001E-002  -111.09751820551114     
                    4   1.7500000000000002E-002  -110.70455879691032     
                    5   2.2499999999999999E-002  -110.21080404874411     
                    6   2.7500000000000000E-002  -109.59873430616346     
                    7   3.2500000000000001E-002  -108.83961170421126     
                    8   3.7500000000000006E-002  -107.88274993711251     
                    9   4.2499999999999996E-002  -106.63118357995749     
                   10   4.7500000000000001E-002  -104.87942877107153     
                   11   5.2500000000000005E-002  -102.11967599333900     
                   12   5.7499999999999996E-002  -96.779313438100289     
                   13   6.2500000000000000E-002  -82.775426068896550     
                   14   6.7500000000000004E-002  -56.926782143827857     
                   15   7.2500000000000009E-002  -46.084213968012676     
                   16   7.7499999999999999E-002  -44.223347085238217     
                   17   8.2500000000000004E-002  -43.644639742449087     
                   18   8.7499999999999994E-002  -43.049508147607277     
                   19   9.2499999999999999E-002  -42.438805966721375     
                   20   9.7500000000000003E-002  -41.814371910212323     
                   21  0.10250000000000001       -41.177567856735045     
                   22  0.10750000000000000       -40.529655818998300     
                   23  0.11250000000000000       -39.871919185087059     
                   24  0.11749999999999999       -39.205696945716852     
                   25  0.12250000000000000       -38.532388344229020     
                   26  0.12750000000000000       -37.853447843059158     
                   27  0.13250000000000001       -37.170377318312511     
                   28  0.13750000000000001       -36.484717813346343     
                   29  0.14250000000000002       -35.798041563291704     
                   30  0.14749999999999999       -35.111944449852672     
                   31  0.15250000000000000       -34.428038876052653     
                   32  0.15750000000000000       -33.747947012883060     
                   33  0.16250000000000001       -33.073294372736690     
                   34  0.16750000000000001       -32.405703676557508     
                   35  0.17250000000000001       -31.746788993019344     
                   36  0.17749999999999999       -31.098150136577601     
                   37  0.18250000000000000       -30.461367316902376     
                   38  0.18750000000000000       -29.837996035600447     
                   39  0.19250000000000000       -29.229562227826293     
                   40  0.19750000000000001       -28.637557646921994     
                   41  0.20250000000000001       -28.063435489935397     
                   42  0.20750000000000002       -27.508606261198995     
                   43  0.21249999999999999       -26.974433870211971     
                   44  0.21750000000000000       -26.462231959180880     
                   45  0.22250000000000000       -25.973260454738938     
                   46  0.22750000000000001       -25.508722337745997     
                   47  0.23250000000000001       -25.069760624630259     
                   48  0.23749999999999999       -24.657455553530394     
                   49  0.24249999999999999       -24.272821968480230     
                   50  0.24750000000000000       -23.916806895045987     
                   51  0.25250000000000000       -23.590287301135589     
                   52  0.25750000000000001       -23.294068037126880     
                   53  0.26250000000000001       -23.028879949978137     
                   54  0.26750000000000002       -22.795378166532259     
                   55  0.27250000000000002       -22.594140541754150     
                   56  0.27750000000000002       -22.425666268072810     
                   57  0.28250000000000003       -22.290374642050399     
                   58  0.28749999999999998       -22.188603983819014     
                   59  0.29249999999999998       -22.120610701944720     
                   60  0.29749999999999999       -22.086568488876285     
