                    1   0.0000000000000000       -20.375386119077479     
                    2   5.0000000000000001E-003  -21.950603415270280     
                    3   1.0000000000000000E-002  -21.818603476438621     
                    4   1.4999999999999999E-002  -21.782416838852853     
                    5   2.0000000000000000E-002  -21.995999166162893     
                    6   2.5000000000000001E-002  -21.925482203349567     
                    7   2.9999999999999999E-002  -22.104402332941131     
                    8   3.5000000000000003E-002  -21.959968339601186     
                    9   4.0000000000000001E-002  -22.166749305688285     
                   10   4.4999999999999998E-002  -22.038153496297809     
                   11   5.0000000000000003E-002  -22.129347240521888     
                   12   5.5000000000000000E-002  -22.231314710834393     
                   13   5.9999999999999998E-002  -22.292751870577987     
                   14   6.5000000000000002E-002  -23.607452502284723     
                   15   7.0000000000000007E-002  -26.503763947829380     
                   16   7.4999999999999997E-002  -27.350733024475108     
                   17   8.0000000000000002E-002  -27.093057338791372     
                   18   8.5000000000000006E-002  -26.863388178936798     
                   19   8.9999999999999997E-002  -26.663413793220311     
                   20   9.5000000000000001E-002  -26.488743597481548     
                   21  0.10000000000000001       -26.336009247589811     
                   22  0.10500000000000000       -26.202393233473167     
                   23  0.11000000000000000       -26.085458526087706     
                   24  0.11500000000000000       -25.983082343371802     
                   25  0.12000000000000000       -25.893416606300232     
                   26  0.12500000000000000       -25.814853919046843     
                   27  0.13000000000000000       -25.745995930867018     
                   28  0.13500000000000001       -25.685624717074262     
                   29  0.14000000000000001       -25.632677775203149     
                   30  0.14499999999999999       -25.586226676863586     
                   31  0.14999999999999999       -25.545459064972572     
                   32  0.15500000000000000       -25.509663552640099     
                   33  0.16000000000000000       -25.478217067780559     
                   34  0.16500000000000001       -25.450574227193488     
                   35  0.17000000000000001       -25.426258380306411     
                   36  0.17500000000000002       -25.404854020832801     
                   37  0.17999999999999999       -25.386000318248513     
                   38  0.18500000000000000       -25.369385568006862     
                   39  0.19000000000000000       -25.354742399179873     
                   40  0.19500000000000001       -25.341843610900991     
                   41  0.20000000000000001       -25.330498535193176     
                   42  0.20500000000000002       -25.320549844323999     
                   43  0.20999999999999999       -25.311870736646103     
                   44  0.21500000000000000       -25.304362446850686     
                   45  0.22000000000000000       -25.297952035495744     
                   46  0.22500000000000001       -25.292590419275875     
                   47  0.23000000000000001       -25.288250608365470     
                   48  0.23500000000000001       -25.284926120773395     
                   49  0.23999999999999999       -25.282629546378324     
                   50  0.24500000000000000       -25.281391235468856     
                   51  0.25000000000000000       -25.281258088421133     
                   52  0.25500000000000000       -25.282292424777683     
                   53  0.26000000000000001       -25.284570911563982     
                   54  0.26500000000000001       -25.288183532271937     
                   55  0.27000000000000002       -25.293232579595983     
                   56  0.27500000000000002       -25.299831656745251     
                   57  0.28000000000000003       -25.308104673969474     
                   58  0.28500000000000003       -25.318184828809208     
                   59  0.28999999999999998       -25.330213560481102     
                   60  0.29499999999999998       -25.344339470693047     
                   61  0.29999999999999999       -25.360717204985743     
