                    1   2.5000000000000001E-003  0.15972135809063001     
                    2   7.4999999999999997E-003  0.15439936619430708     
                    3   1.2500000000000001E-002  0.15500704528033432     
                    4   1.7500000000000002E-002  0.15439527606847303     
                    5   2.2499999999999999E-002  0.15391275289148998     
                    6   2.7500000000000000E-002  0.15356529728567794     
                    7   3.2500000000000001E-002  0.15349075713084895     
                    8   3.7500000000000006E-002  0.15334458246095328     
                    9   4.2499999999999996E-002  0.15318596411808505     
                   10   4.7500000000000001E-002  0.15351590148738503     
                   11   5.2500000000000005E-002  0.15324177156029870     
                   12   5.7499999999999996E-002  0.15365731339488964     
                   13   6.2500000000000000E-002  0.15401247965544115     
                   14   6.7500000000000004E-002  0.15369003181277424     
                   15   7.2500000000000009E-002  0.15392362914631441     
                   16   7.7499999999999999E-002  0.15407365039191587     
                   17   8.2500000000000004E-002  0.15389009337925488     
                   18   8.7499999999999994E-002  0.15324131942521296     
                   19   9.2499999999999999E-002  0.14741003643575221     
                   20   9.7500000000000003E-002  0.13457203709842724     
                   21  0.10250000000000001       0.12510132818293138     
                   22  0.10750000000000000       0.12331742568549910     
                   23  0.11250000000000000       0.12400363913358800     
                   24  0.11749999999999999       0.12479293687211804     
                   25  0.12250000000000000       0.12550818612169265     
                   26  0.12750000000000000       0.12616571514247676     
                   27  0.13250000000000001       0.12677259331988283     
                   28  0.13750000000000001       0.12733287754255945     
                   29  0.14250000000000002       0.12784960596928316     
                   30  0.14749999999999999       0.12832541490838306     
                   31  0.15250000000000000       0.12876273257629689     
                   32  0.15750000000000000       0.12916384420498664     
                   33  0.16250000000000001       0.12953091445309955     
                   34  0.16750000000000001       0.12986599301515298     
                   35  0.17250000000000001       0.13017101320411670     
                   36  0.17749999999999999       0.13044778847131655     
                   37  0.18250000000000000       0.13069800957957206     
                   38  0.18750000000000000       0.13092324364883540     
                   39  0.19250000000000000       0.13112493530895888     
                   40  0.19750000000000001       0.13130440965789283     
                   41  0.20250000000000001       0.13146287652176641     
                   42  0.20750000000000002       0.13160143551362222     
                   43  0.21249999999999999       0.13172108148190093     
                   44  0.21750000000000000       0.13182271005826030     
                   45  0.22250000000000000       0.13190712312074676     
                   46  0.22750000000000001       0.13197503406925681     
                   47  0.23250000000000001       0.13202707286477319     
                   48  0.23749999999999999       0.13206379081670444     
                   49  0.24249999999999999       0.13208566511984757     
                   50  0.24750000000000000       0.13209310314949507     
                   51  0.25250000000000000       0.13208644652421397     
                   52  0.25750000000000001       0.13206597494372158     
                   53  0.26250000000000001       0.13203190980589041     
                   54  0.26750000000000002       0.13198441760328511     
                   55  0.27250000000000002       0.13192361309630091     
                   56  0.27750000000000002       0.13184956225716238     
                   57  0.28250000000000003       0.13176228497679945     
                   58  0.28749999999999998       0.13166175752490825     
                   59  0.29249999999999998       0.13154791475230293     
                   60  0.29749999999999999       0.13142065202407899     
