   0.0000000000000000        1.0000000000000000     
   1.0000000000000000       0.90000000000000002     
   1.8999999999999999       0.81000000000000005     
   2.7100000000000000       0.81000000000000005     
   3.5200000000000000       0.81000000000000005     
   4.3300000000000001       0.81000000000000005     
   5.1400000000000006       0.81000000000000005     
   5.9500000000000011       0.81000000000000005     
   6.7600000000000016       0.81000000000000005     
   7.5700000000000021       0.81000000000000005     
   8.3800000000000026       0.81000000000000005     
   9.1900000000000031       0.81000000000000005     
   10.000000000000004       0.81000000000000005     
   10.810000000000004       0.85860000000000014     
   11.668600000000005       0.91011600000000015     
   12.578716000000005       0.96472296000000024     
   13.543438960000005       0.96472296000000024     
   14.508161920000004        1.0226063376000003     
   15.530768257600005        1.0839627178560003     
   16.614730975456006        1.1490004809273604     
   17.763731456383365        1.1490004809273604     
   18.912731937310724        1.2179405097830021     
   20.130672447093726        1.2910169403699823     
   21.421689387463708        1.3684779567921812     
   22.790167344255888        1.3684779567921812     
   24.158645301048068        1.4505866341997122     
   25.609231935247781        1.5376218322516950     
   27.146853767499476        1.5376218322516950     
   28.684475599751170        1.6298791421867969     
   30.314354741937969        1.7276718907180049     
   32.042026632655976        1.7276718907180049     
   33.769698523373982        1.8313322041610853     
   35.601030727535068        1.8313322041610853     
   37.432362931696154        1.9412121364107506     
   39.373575068106902        1.9412121364107506     
   41.314787204517650        2.0576848645953958     
   43.372472069113044        2.0576848645953958     
   45.430156933708439        2.1811459564711195     
   47.611302890179559        2.1811459564711195     
   49.792448846650679        2.3120147138593867     
   52.104463560510062        2.3120147138593867     
   54.416478274369446        2.4507355966909499     
   56.867213871060393        2.4507355966909499     
   59.317949467751340        2.5977797324924068     
   61.915729200243746        2.5977797324924068     
   64.513508932736158        2.5977797324924068     
   67.111288665228571        2.7536465164419512     
   69.864935181670518        2.7536465164419512     
   72.618581698112465        2.9188653074284683     
   75.537447005540926        2.9188653074284683     
   78.456312312969388        2.9188653074284683     
   81.375177620397849        2.9188653074284683     
   84.294042927826311        2.9188653074284683     
   87.212908235254773        2.9188653074284683     
   90.131773542683234        2.9188653074284683     
   93.050638850111696        2.9188653074284683     
   95.969504157540158        2.9188653074284683     
   98.888369464968619        2.9188653074284683     
   101.80723477239708        3.0939972258741766     
   104.90123199827126        3.2796370594266273     
   108.18086905769789        3.4764152829922250     
   111.65728434069011        3.6850001999717588     
   115.34228454066186        3.9061002119700645     
   119.24838475263194        4.1404662246882689     
   123.38885097732020        4.3888941981695648     
   127.77774517548977        4.6522278500597389     
   132.42997302554951        4.6522278500597389     
   137.08220087560926        4.6522278500597389     
   141.73442872566901        4.6522278500597389     
   146.38665657572875        4.6522278500597389     
   151.03888442578850        4.6522278500597389     
   155.69111227584824        4.6522278500597389     
   160.34334012590799        4.6522278500597389     
   164.99556797596773        4.6522278500597389     
   169.64779582602748        4.6522278500597389     
   174.30002367608722        4.9313615210633239     
   179.23138519715056        5.2272432123271235     
   184.45862840947768        5.5408778050667511     
   189.99950621454443        5.8733304733707561     
   195.87283668791517        6.2257303017730017     
   202.09856698968818        6.5992741198793823     
   208.69784110956755        6.9952305670721460     
   215.69307167663970        6.9952305670721460     
   222.68830224371186        6.9952305670721460     
   229.68353281078402        6.9952305670721460     
   236.67876337785617        6.9952305670721460     
   243.67399394492833        6.9952305670721460     
   250.66922451200048        6.9952305670721460     
   257.66445507907264        6.9952305670721460     
   264.65968564614479        6.9952305670721460     
   271.65491621321695        6.9952305670721460     
   278.65014678028911        6.9952305670721460     
   285.64537734736126        6.9952305670721460     
   292.64060791443342        6.9952305670721460     
   299.63583848150557        6.9952305670721460     
   306.63106904857773        6.9952305670721460     
   313.62629961564988        6.9952305670721460     
   320.62153018272204        7.4149444010964753     
   328.03647458381852        7.8598410651622643     
   335.89631564898076        8.3314315290720007     
   344.22774717805277        8.3314315290720007     
   352.55917870712477        8.3314315290720007     
   360.89061023619678        8.3314315290720007     
   369.22204176526878        8.3314315290720007     
   377.55347329434079        8.3314315290720007     
   385.88490482341280        8.3314315290720007     
   394.21633635248480        8.3314315290720007     
   402.54776788155681        8.3314315290720007     
   410.87919941062881        8.3314315290720007     
   419.21063093970082        8.3314315290720007     
   427.54206246877283        8.3314315290720007     
   435.87349399784483        7.4982883761648012     
   443.37178237400963        7.4982883761648012     
   450.87007075017442        7.4982883761648012     
   458.36835912633921        7.4982883761648012     
   465.86664750250401        7.4982883761648012     
   473.36493587866880        7.4982883761648012     
   480.86322425483360        7.4982883761648012     
   488.36151263099839        7.4982883761648012     
   495.85980100716318        7.4982883761648012     
   503.35808938332798        7.4982883761648012     
   510.85637775949277        7.4982883761648012     
   518.35466613565757        7.4982883761648012     
   525.85295451182242        7.4982883761648012     
   533.35124288798727        7.4982883761648012     
   540.84953126415212        7.4982883761648012     
   548.34781964031697        7.4982883761648012     
   555.84610801648182        7.4982883761648012     
   563.34439639264667        7.4982883761648012     
   570.84268476881152        7.4982883761648012     
   578.34097314497637        7.4982883761648012     
   585.83926152114122        7.4982883761648012     
   593.33754989730608        7.4982883761648012     
   600.83583827347093        7.4982883761648012     
   608.33412664963578        7.4982883761648012     
   615.83241502580063        7.9481856787346894     
   623.78060070453535        8.4250768194587717     
   632.20567752399415        8.9305814286262990     
   641.13625895262044        9.4664163143438778     
   650.60267526696430        10.034401293204510     
   660.63707656016879        10.636465370796781     
   671.27354193096562        11.274653293044588     
   682.54819522401021        11.951132490627264     
   694.49932771463750        12.668200440064901     
   707.16752815470238        13.428292466468795     
   720.59582062117113        14.233990014456923     
   734.82981063562806        15.088029415324339     
   749.91784005095235        15.088029415324339     
   765.00586946627664        15.088029415324339     
   780.09389888160092        15.088029415324339     
   795.18192829692521        15.088029415324339     
   810.26995771224949        15.088029415324339     
   825.35798712757378        15.088029415324339     
   840.44601654289806        15.088029415324339     
   855.53404595822235        15.088029415324339     
   870.62207537354664        15.088029415324339     
   885.71010478887092        15.088029415324339     
   900.79813420419521        15.088029415324339     
   915.88616361951949        15.088029415324339     
   930.97419303484378        15.088029415324339     
   946.06222245016806        15.993311180243801     
   962.05553363041190        16.952909851058429     
   979.00844348147029        17.970084442121937     
   996.97852792359220        17.970084442121937     
   1014.9486123657141        16.173075997909745     
   1031.1216883636239        17.143460557784330     
   1048.2651489214081        18.172068191251391     
   1066.4372171126595        19.262392282726477     
   1085.6996093953860        20.418135819690068     
   1106.1177452150762        20.418135819690068     
   1126.5358810347664        20.418135819690068     
   1146.9540168544565        20.418135819690068     
   1167.3721526741467        20.418135819690068     
   1187.7902884938369        20.418135819690068     
   1208.2084243135271        20.418135819690068     
   1228.6265601332173        20.418135819690068     
   1249.0446959529074        20.418135819690068     
   1269.4628317725976        20.418135819690068     
   1289.8809675922878        20.418135819690068     
   1310.2991034119780        20.418135819690068     
   1330.7172392316681        20.418135819690068     
   1351.1353750513583        20.418135819690068     
   1371.5535108710485        20.418135819690068     
   1391.9716466907387        20.418135819690068     
   1412.3897825104289        18.376322237721062     
   1430.7661047481499        18.376322237721062     
   1449.1424269858710        18.376322237721062     
   1467.5187492235921        18.376322237721062     
   1485.8950714613131        18.376322237721062     
   1504.2713936990342        18.376322237721062     
   1522.6477159367553        18.376322237721062     
   1541.0240381744763        18.376322237721062     
   1559.4003604121974        18.376322237721062     
   1577.7766826499185        19.478901571984327     
   1597.2555842219028        20.647635666303387     
   1617.9032198882062        20.647635666303387     
   1638.5508555545096        20.647635666303387     
   1659.1984912208129        20.647635666303387     
   1679.8461268871163        20.647635666303387     
   1700.4937625534196        21.886493806281592     
   1722.3802563597012        21.886493806281592     
   1744.2667501659828        21.886493806281592     
   1766.1532439722644        21.886493806281592     
   1788.0397377785459        21.886493806281592     
   1809.9262315848275        21.886493806281592     
   1831.8127253911091        21.886493806281592     
   1853.6992191973907        21.886493806281592     
   1875.5857130036723        23.199683434658489     
   1898.7853964383307        24.591664440738001     
   1923.3770608790687        24.591664440738001     
   1947.9687253198067        24.591664440738001     
   1972.5603897605447        24.591664440738001     
   1997.1520542012827        24.591664440738001     
   2021.7437186420207        24.591664440738001     
   2046.3353830827587        24.591664440738001     
   2070.9270475234966        24.591664440738001     
   2095.5187119642346        24.591664440738001     
   2120.1103764049726        24.591664440738001     
   2144.7020408457106        24.591664440738001     
   2169.2937052864486        24.591664440738001     
   2193.8853697271866        22.132497996664203     
   2216.0178677238509        22.132497996664203     
   2238.1503657205153        22.132497996664203     
   2260.2828637171797        22.132497996664203     
   2282.4153617138440        22.132497996664203     
   2304.5478597105084        22.132497996664203     
   2326.6803577071728        22.132497996664203     
   2348.8128557038372        22.132497996664203     
   2370.9453537005015        22.132497996664203     
   2393.0778516971659        22.132497996664203     
   2415.2103496938303        23.460447876464055     
   2438.6707975702943        24.868074749051900     
   2463.5388723193464        24.868074749051900     
   2488.4069470683985        26.360159233995017     
   2514.7671063023936        27.941768788034718     
   2542.7088750904281        27.941768788034718     
   2570.6506438784627        27.941768788034718     
   2598.5924126664972        27.941768788034718     
   2626.5341814545318        27.941768788034718     
   2654.4759502425663        27.941768788034718     
   2682.4177190306009        27.941768788034718     
   2710.3594878186354        27.941768788034718     
   2738.3012566066700        27.941768788034718     
   2766.2430253947045        27.941768788034718     
   2794.1847941827391        27.941768788034718     
   2822.1265629707736        27.941768788034718     
   2850.0683317588082        27.941768788034718     
   2878.0101005468428        27.941768788034718     
   2905.9518693348773        27.941768788034718     
   2933.8936381229119        27.941768788034718     
   2961.8354069109464        27.941768788034718     
   2989.7771756989810        27.941768788034718     
   3017.7189444870155        27.941768788034718     
   3045.6607132750501        22.353415030427776     
   3068.0141283054777        23.694619932253442     
   3091.7087482377310        21.325157939028099     
   3113.0339061767590        22.604667415369786     
   3135.6385735921290        22.604667415369786     
   3158.2432410074989        23.960947460291973     
   3182.2041884677910        25.398604307909491     
   3207.6027927757004        25.398604307909491     
   3233.0013970836098        26.922520566384062     
   3259.9239176499941        26.922520566384062     
   3286.8464382163784        26.922520566384062     
   3313.7689587827626        26.922520566384062     
   3340.6914793491469        26.922520566384062     
   3367.6139999155312        26.922520566384062     
   3394.5365204819154        28.537871800367107     
   3423.0743922822826        28.537871800367107     
   3451.6122640826497        30.250144108389136     
   3481.8624081910389        30.250144108389136     
   3512.1125522994280        30.250144108389136     
   3542.3626964078171        30.250144108389136     
   3572.6128405162062        30.250144108389136     
   3602.8629846245954        30.250144108389136     
   3633.1131287329845        30.250144108389136     
   3663.3632728413736        30.250144108389136     
   3693.6134169497627        30.250144108389136     
   3723.8635610581518        30.250144108389136     
   3754.1137051665410        30.250144108389136     
   3784.3638492749301        30.250144108389136     
   3814.6139933833192        30.250144108389136     
   3844.8641374917083        30.250144108389136     
   3875.1142816000975        30.250144108389136     
   3905.3644257084866        30.250144108389136     
   3935.6145698168757        32.065152754892488     
   3967.6797225717683        33.989061920186039     
   4001.6687844919543        33.989061920186039     
   4035.6578464121403        33.989061920186039     
   4069.6469083323263        33.989061920186039     
   4103.6359702525124        30.590155728167435     
   4134.2261259806801        30.590155728167435     
   4164.8162817088478        30.590155728167435     
   4195.4064374370155        30.590155728167435     
   4225.9965931651832        30.590155728167435     
   4256.5867488933509        30.590155728167435     
   4287.1769046215186        30.590155728167435     
   4317.7670603496863        32.425565071857484     
   4350.1926254215441        32.425565071857484     
   4382.6181904934019        34.371098976168938     
   4416.9892894695713        34.371098976168938     
   4451.3603884457407        36.433364914739073     
   4487.7937533604800        36.433364914739073     
   4524.2271182752193        36.433364914739073     
   4560.6604831899585        36.433364914739073     
   4597.0938481046978        36.433364914739073     
   4633.5272130194371        36.433364914739073     
   4669.9605779341764        36.433364914739073     
   4706.3939428489157        36.433364914739073     
   4742.8273077636550        36.433364914739073     
   4779.2606726783943        36.433364914739073     
   4815.6940375931335        36.433364914739073     
   4852.1274025078728        36.433364914739073     
   4888.5607674226121        36.433364914739073     
   4924.9941323373514        36.433364914739073     
   4961.4274972520907        36.433364914739073     
   4997.8608621668300        36.433364914739073     
   5034.2942270815693        36.433364914739073     
   5070.7275919963085        36.433364914739073     
   5107.1609569110478        36.433364914739073     
   5143.5943218257871        36.433364914739073     
   5180.0276867405264        36.433364914739073     
   5216.4610516552657        38.619366809623422     
   5255.0804184648887        40.936528818200827     
   5296.0169472830894        36.842875936380743     
   5332.8598232194699        36.842875936380743     
   5369.7026991558505        36.842875936380743     
   5406.5455750922310        36.842875936380743     
   5443.3884510286116        36.842875936380743     
   5480.2313269649921        36.842875936380743     
   5517.0742029013727        36.842875936380743     
   5553.9170788377533        36.842875936380743     
   5590.7599547741338        36.842875936380743     
   5627.6028307105144        39.053448492563589     
   5666.6562792030782        39.053448492563589     
   5705.7097276956420        41.396655402117403     
   5747.1063830977591        41.396655402117403     
   5788.5030384998763        41.396655402117403     
   5829.8996939019935        41.396655402117403     
   5871.2963493041107        41.396655402117403     
   5912.6930047062278        41.396655402117403     
   5954.0896601083450        41.396655402117403     
   5995.4863155104622        41.396655402117403     
   6036.8829709125794        41.396655402117403     
   6078.2796263146965        41.396655402117403     
   6119.6762817168137        41.396655402117403     
   6161.0729371189309        41.396655402117403     
   6202.4695925210481        41.396655402117403     
   6243.8662479231652        41.396655402117403     
   6285.2629033252824        41.396655402117403     
   6326.6595587273996        41.396655402117403     
   6368.0562141295168        41.396655402117403     
   6409.4528695316340        41.396655402117403     
   6450.8495249337511        41.396655402117403     
   6492.2461803358683        41.396655402117403     
   6533.6428357379855        41.396655402117403     
   6575.0394911401027        41.396655402117403     
   6616.4361465422198        41.396655402117403     
   6657.8328019443370        41.396655402117403     
   6699.2294573464542        41.396655402117403     
   6740.6261127485714        41.396655402117403     
   6782.0227681506885        41.396655402117403     
   6823.4194235528057        41.396655402117403     
   6864.8160789549229        41.396655402117403     
   6906.2127343570401        41.396655402117403     
   6947.6093897591572        41.396655402117403     
   6989.0060451612744        43.880454726244452     
   7032.8864998875188        43.880454726244452     
   7076.7669546137631        43.880454726244452     
   7120.6474093400075        43.880454726244452     
   7164.5278640662518        43.880454726244452     
   7208.4083187924962        43.880454726244452     
   7252.2887735187405        43.880454726244452     
   7296.1692282449849        43.880454726244452     
   7340.0496829712292        43.880454726244452     
   7383.9301376974736        43.880454726244452     
   7427.8105924237179        43.880454726244452     
   7471.6910471499623        43.880454726244452     
   7515.5715018762066        43.880454726244452     
   7559.4519566024510        43.880454726244452     
   7603.3324113286953        43.880454726244452     
   7647.2128660549397        43.880454726244452     
   7691.0933207811840        43.880454726244452     
   7734.9737755074284        43.880454726244452     
   7778.8542302336728        43.880454726244452     
   7822.7346849599171        43.880454726244452     
   7866.6151396861615        43.880454726244452     
   7910.4955944124058        43.880454726244452     
   7954.3760491386502        43.880454726244452     
   7998.2565038648945        43.880454726244452     
   8042.1369585911389        43.880454726244452     
   8086.0174133173832        43.880454726244452     
   8129.8978680436276        43.880454726244452     
   8173.7783227698719        43.880454726244452     
   8217.6587774961172        46.513282009819122     
   8264.1720595059360        49.304078930408274     
   8313.4761384363446        49.304078930408274     
   8362.7802173667533        49.304078930408274     
   8412.0842962971619        49.304078930408274     
   8461.3883752275706        49.304078930408274     
   8510.6924541579792        49.304078930408274     
   8559.9965330883879        49.304078930408274     
   8609.3006120187965        49.304078930408274     
   8658.6046909492052        49.304078930408274     
   8707.9087698796138        49.304078930408274     
   8757.2128488100225        49.304078930408274     
   8806.5169277404311        52.262323666232774     
   8858.7792514066641        52.262323666232774     
   8911.0415750728971        52.262323666232774     
   8963.3038987391301        52.262323666232774     
   9015.5662224053631        52.262323666232774     
   9067.8285460715961        52.262323666232774     
   9120.0908697378291        52.262323666232774     
   9172.3531934040620        52.262323666232774     
   9224.6155170702950        52.262323666232774     
   9276.8778407365280        52.262323666232774     
   9329.1401644027610        52.262323666232774     
   9381.4024880689940        52.262323666232774     
   9433.6648117352270        52.262323666232774     
   9485.9271354014600        52.262323666232774     
   9538.1894590676930        52.262323666232774     
   9590.4517827339259        52.262323666232774     
   9642.7141064001589        52.262323666232774     
   9694.9764300663919        52.262323666232774     
   9747.2387537326249        52.262323666232774     
   9799.5010773988579        52.262323666232774     
   9851.7634010650909        52.262323666232774     
   9904.0257247313239        52.262323666232774     
   9956.2880483975568        55.398063086206740     
   10011.686111483763        55.398063086206740     
   10067.084174569969        58.721946871379146     
   10125.806121441348        58.721946871379146     
   10184.528068312728        58.721946871379146     
   10243.250015184107        58.721946871379146     
   10301.971962055486        58.721946871379146     
   10360.693908926865        58.721946871379146     
   10419.415855798245        58.721946871379146     
   10478.137802669624        58.721946871379146     
   10536.859749541003        58.721946871379146     
   10595.581696412382        58.721946871379146     
   10654.303643283762        58.721946871379146     
   10713.025590155141        58.721946871379146     
   10771.747537026520        58.721946871379146     
   10830.469483897899        58.721946871379146     
   10889.191430769279        58.721946871379146     
   10947.913377640658        58.721946871379146     
   11006.635324512037        58.721946871379146     
   11065.357271383416        58.721946871379146     
   11124.079218254796        58.721946871379146     
   11182.801165126175        58.721946871379146     
   11241.523111997554        58.721946871379146     
   11300.245058868933        58.721946871379146     
   11358.967005740313        58.721946871379146     
   11417.688952611692        58.721946871379146     
   11476.410899483071        58.721946871379146     
   11535.132846354451        58.721946871379146     
   11593.854793225830        58.721946871379146     
   11652.576740097209        58.721946871379146     
   11711.298686968588        58.721946871379146     
   11770.020633839968        58.721946871379146     
   11828.742580711347        58.721946871379146     
   11887.464527582726        58.721946871379146     
   11946.186474454105        62.245263683661896     
   12008.431738137768        62.245263683661896     
   12070.677001821430        62.245263683661896     
   12132.922265505093        62.245263683661896     
   12195.167529188755        62.245263683661896     
   12257.412792872417        62.245263683661896     
   12319.658056556080        62.245263683661896     
   12381.903320239742        62.245263683661896     
   12444.148583923405        62.245263683661896     
   12506.393847607067        62.245263683661896     
   12568.639111290729        65.979979504681609     
   12634.619090795411        65.979979504681609     
   12700.599070300093        65.979979504681609     
   12766.579049804775        65.979979504681609     
   12832.559029309457        65.979979504681609     
   12898.539008814139        65.979979504681609     
   12964.518988318821        65.979979504681609     
   13030.498967823503        65.979979504681609     
   13096.478947328185        65.979979504681609     
   13162.458926832867        65.979979504681609     
   13228.438906337549        65.979979504681609     
   13294.418885842231        65.979979504681609     
   13360.398865346913        65.979979504681609     
   13426.378844851595        65.979979504681609     
   13492.358824356277        65.979979504681609     
   13558.338803860959        65.979979504681609     
   13624.318783365641        65.979979504681609     
   13690.298762870323        65.979979504681609     
   13756.278742375005        65.979979504681609     
   13822.258721879687        65.979979504681609     
   13888.238701384369        69.938778274962502     
   13958.177479659331        69.938778274962502     
   14028.116257934293        69.938778274962502     
   14098.055036209254        69.938778274962502     
   14167.993814484216        69.938778274962502     
   14237.932592759178        69.938778274962502     
   14307.871371034140        69.938778274962502     
   14377.810149309102        69.938778274962502     
   14447.748927584063        69.938778274962502     
   14517.687705859025        74.135104971460251     
   14591.822810830485        74.135104971460251     
   14665.957915801944        74.135104971460251     
   14740.093020773404        74.135104971460251     
   14814.228125744863        74.135104971460251     
   14888.363230716323        74.135104971460251     
   14962.498335687782        74.135104971460251     
   15036.633440659241        74.135104971460251     
   15110.768545630701        74.135104971460251     
   15184.903650602160        74.135104971460251     
   15259.038755573620        74.135104971460251     
   15333.173860545079        74.135104971460251     
   15407.308965516539        74.135104971460251     
   15481.444070487998        74.135104971460251     
   15555.579175459457        74.135104971460251     
   15629.714280430917        74.135104971460251     
   15703.849385402376        74.135104971460251     
   15777.984490373836        74.135104971460251     
   15852.119595345295        74.135104971460251     
   15926.254700316755        74.135104971460251     
   16000.389805288214        74.135104971460251     
   16074.524910259674        74.135104971460251     
   16148.660015231133        78.583211269747864     
   16227.243226500881        78.583211269747864     
   16305.826437770629        78.583211269747864     
   16384.409649040375        78.583211269747864     
   16462.992860310122        78.583211269747864     
   16541.576071579868        78.583211269747864     
   16620.159282849614        83.298203945932741     
   16703.457486795545        83.298203945932741     
   16786.755690741476        83.298203945932741     
   16870.053894687408        83.298203945932741     
   16953.352098633339        83.298203945932741     
   17036.650302579270        83.298203945932741     
   17119.948506525201        83.298203945932741     
   17203.246710471132        83.298203945932741     
   17286.544914417063        83.298203945932741     
   17369.843118362995        83.298203945932741     
   17453.141322308926        83.298203945932741     
   17536.439526254857        83.298203945932741     
   17619.737730200788        83.298203945932741     
   17703.035934146719        83.298203945932741     
   17786.334138092650        83.298203945932741     
   17869.632342038582        83.298203945932741     
   17952.930545984513        83.298203945932741     
   18036.228749930444        83.298203945932741     
   18119.526953876375        83.298203945932741     
   18202.825157822306        83.298203945932741     
   18286.123361768237        83.298203945932741     
   18369.421565714169        83.298203945932741     
   18452.719769660100        88.296096182688714     
   18541.015865842790        88.296096182688714     
   18629.311962025480        88.296096182688714     
   18717.608058208170        88.296096182688714     
   18805.904154390861        88.296096182688714     
   18894.200250573551        88.296096182688714     
   18982.496346756241        88.296096182688714     
   19070.792442938931        88.296096182688714     
   19159.088539121622        88.296096182688714     
   19247.384635304312        88.296096182688714     
   19335.680731487002        88.296096182688714     
   19423.976827669692        88.296096182688714     
   19512.272923852383        88.296096182688714     
   19600.569020035073        88.296096182688714     
   19688.865116217763        88.296096182688714     
   19777.161212400453        88.296096182688714     
   19865.457308583143        88.296096182688714     
   19953.753404765834        88.296096182688714     
   20042.049500948524        88.296096182688714     
   20130.345597131214        88.296096182688714     
   20218.641693313904        88.296096182688714     
   20306.937789496595        88.296096182688714     
   20395.233885679285        88.296096182688714     
   20483.529981861975        88.296096182688714     
   20571.826078044665        88.296096182688714     
   20660.122174227356        88.296096182688714     
   20748.418270410046        88.296096182688714     
   20836.714366592736        93.593861953650048     
   20930.308228546386        93.593861953650048     
   21023.902090500036        99.209493670869051     
   21123.111584170903        99.209493670869051     
   21222.321077841771        99.209493670869051     
   21321.530571512638        99.209493670869051     
   21420.740065183505        99.209493670869051     
   21519.949558854372        99.209493670869051     
   21619.159052525240        99.209493670869051     
   21718.368546196107        99.209493670869051     
   21817.578039866974        99.209493670869051     
   21916.787533537841        99.209493670869051     
   22015.997027208708        99.209493670869051     
   22115.206520879576        99.209493670869051     
   22214.416014550443        99.209493670869051     
   22313.625508221310        99.209493670869051     
   22412.835001892177        99.209493670869051     
   22512.044495563045        99.209493670869051     
   22611.253989233912        99.209493670869051     
   22710.463482904779        99.209493670869051     
   22809.672976575646        99.209493670869051     
   22908.882470246514        99.209493670869051     
   23008.091963917381        99.209493670869051     
   23107.301457588248        99.209493670869051     
   23206.510951259115        99.209493670869051     
   23305.720444929982        99.209493670869051     
   23404.929938600850        99.209493670869051     
   23504.139432271717        99.209493670869051     
   23603.348925942584        99.209493670869051     
   23702.558419613451        99.209493670869051     
   23801.767913284319        105.16206329112120     
   23906.929976575440        105.16206329112120     
   24012.092039866562        105.16206329112120     
   24117.254103157684        105.16206329112120     
   24222.416166448806        105.16206329112120     
   24327.578229739927        111.47178708858847     
   24439.050016828514        111.47178708858847     
   24550.521803917101        111.47178708858847     
   24661.993591005688        111.47178708858847     
   24773.465378094275        111.47178708858847     
   24884.937165182862        111.47178708858847     
   24996.408952271449        111.47178708858847     
   25107.880739360036        111.47178708858847     
   25219.352526448623        111.47178708858847     
   25330.824313537210        111.47178708858847     
   25442.296100625797        111.47178708858847     
   25553.767887714384        111.47178708858847     
   25665.239674802971        111.47178708858847     
   25776.711461891558        111.47178708858847     
   25888.183248980145        111.47178708858847     
   25999.655036068732        111.47178708858847     
   26111.126823157319        111.47178708858847     
   26222.598610245906        111.47178708858847     
   26334.070397334493        111.47178708858847     
   26445.542184423080        111.47178708858847     
   26557.013971511667        111.47178708858847     
   26668.485758600254        118.16009431390378     
   26786.645852914160        118.16009431390378     
   26904.805947228066        118.16009431390378     
   27022.966041541971        118.16009431390378     
   27141.126135855877        118.16009431390378     
   27259.286230169782        118.16009431390378     
   27377.446324483688        118.16009431390378     
   27495.606418797594        118.16009431390378     
   27613.766513111499        118.16009431390378     
   27731.926607425405        118.16009431390378     
   27850.086701739310        118.16009431390378     
   27968.246796053216        118.16009431390378     
   28086.406890367121        118.16009431390378     
   28204.566984681027        118.16009431390378     
   28322.727078994933        118.16009431390378     
   28440.887173308838        118.16009431390378     
   28559.047267622744        118.16009431390378     
   28677.207361936649        118.16009431390378     
   28795.367456250555        118.16009431390378     
   28913.527550564460        118.16009431390378     
   29031.687644878366        118.16009431390378     
   29149.847739192272        118.16009431390378     
   29268.007833506177        118.16009431390378     
   29386.167927820083        118.16009431390378     
   29504.328022133988        118.16009431390378     
   29622.488116447894        125.24969997273801     
   29747.737816420631        125.24969997273801     
   29872.987516393368        125.24969997273801     
   29998.237216366106        132.76468197110231     
   30131.001898337207        132.76468197110231     
   30263.766580308307        132.76468197110231     
   30396.531262279408        132.76468197110231     
   30529.295944250509        132.76468197110231     
   30662.060626221610        132.76468197110231     
   30794.825308192711        132.76468197110231     
   30927.589990163811        132.76468197110231     
   31060.354672134912        132.76468197110231     
   31193.119354106013        132.76468197110231     
   31325.884036077114        132.76468197110231     
   31458.648718048215        132.76468197110231     
   31591.413400019315        132.76468197110231     
   31724.178081990416        132.76468197110231     
   31856.942763961517        132.76468197110231     
   31989.707445932618        132.76468197110231     
   32122.472127903719        132.76468197110231     
   32255.236809874819        132.76468197110231     
   32388.001491845920        132.76468197110231     
   32520.766173817021        132.76468197110231     
   32653.530855788122        132.76468197110231     
   32786.295537759222        132.76468197110231     
   32919.060219730323        140.73056288936846     
   33059.790782619690        140.73056288936846     
   33200.521345509056        140.73056288936846     
   33341.251908398423        140.73056288936846     
   33481.982471287789        140.73056288936846     
   33622.713034177155        140.73056288936846     
   33763.443597066522        140.73056288936846     
   33904.174159955888        140.73056288936846     
   34044.904722845255        140.73056288936846     
   34185.635285734621        140.73056288936846     
   34326.365848623987        140.73056288936846     
   34467.096411513354        140.73056288936846     
   34607.826974402720        140.73056288936846     
   34748.557537292087        140.73056288936846     
   34889.288100181453        140.73056288936846     
   35030.018663070819        140.73056288936846     
   35170.749225960186        140.73056288936846     
   35311.479788849552        140.73056288936846     
   35452.210351738919        140.73056288936846     
   35592.940914628285        140.73056288936846     
   35733.671477517652        140.73056288936846     
   35874.402040407018        140.73056288936846     
   36015.132603296384        140.73056288936846     
   36155.863166185751        140.73056288936846     
   36296.593729075117        140.73056288936846     
   36437.324291964484        140.73056288936846     
   36578.054854853850        149.17439666273057     
   36727.229251516583        149.17439666273057     
   36876.403648179315        158.12486046249441     
   37034.528508641808        158.12486046249441     
   37192.653369104301        158.12486046249441     
   37350.778229566793        158.12486046249441     
   37508.903090029286        158.12486046249441     
   37667.027950491778        158.12486046249441     
   37825.152810954271        158.12486046249441     
   37983.277671416763        158.12486046249441     
   38141.402531879256        158.12486046249441     
   38299.527392341748        158.12486046249441     
   38457.652252804241        158.12486046249441     
   38615.777113266733        158.12486046249441     
   38773.901973729226        158.12486046249441     
   38932.026834191718        158.12486046249441     
   39090.151694654211        158.12486046249441     
   39248.276555116703        158.12486046249441     
   39406.401415579196        158.12486046249441     
   39564.526276041688        158.12486046249441     
   39722.651136504181        158.12486046249441     
   39880.775996966673        158.12486046249441     
   40038.900857429166        158.12486046249441     
   40197.025717891658        158.12486046249441     
   40355.150578354151        158.12486046249441     
   40513.275438816643        167.61235209024409     
   40680.887790906891        167.61235209024409     
   40848.500142997138        167.61235209024409     
   41016.112495087385        167.61235209024409     
   41183.724847177633        167.61235209024409     
   41351.337199267880        167.61235209024409     
   41518.949551358128        167.61235209024409     
   41686.561903448375        167.61235209024409     
   41854.174255538623        167.61235209024409     
   42021.786607628870        167.61235209024409     
   42189.398959719118        167.61235209024409     
   42357.011311809365        167.61235209024409     
   42524.623663899612        167.61235209024409     
   42692.236015989860        167.61235209024409     
   42859.848368080107        167.61235209024409     
   43027.460720170355        177.66909321565873     
   43205.129813386011        177.66909321565873     
   43382.798906601667        177.66909321565873     
   43560.467999817323        177.66909321565873     
   43738.137093032979        177.66909321565873     
   43915.806186248636        177.66909321565873     
   44093.475279464292        177.66909321565873     
   44271.144372679948        177.66909321565873     
   44448.813465895604        177.66909321565873     
   44626.482559111260        177.66909321565873     
   44804.151652326917        188.32923880859826     
   44992.480891135514        188.32923880859826     
   45180.810129944111        188.32923880859826     
   45369.139368752709        188.32923880859826     
   45557.468607561306        188.32923880859826     
   45745.797846369904        188.32923880859826     
   45934.127085178501        188.32923880859826     
   46122.456323987099        188.32923880859826     
   46310.785562795696        188.32923880859826     
   46499.114801604293        188.32923880859826     
   46687.444040412891        188.32923880859826     
   46875.773279221488        188.32923880859826     
   47064.102518030086        188.32923880859826     
   47252.431756838683        188.32923880859826     
   47440.760995647281        188.32923880859826     
   47629.090234455878        188.32923880859826     
   47817.419473264476        188.32923880859826     
   48005.748712073073        188.32923880859826     
   48194.077950881670        188.32923880859826     
   48382.407189690268        188.32923880859826     
   48570.736428498865        188.32923880859826     
   48759.065667307463        188.32923880859826     
   48947.394906116060        188.32923880859826     
   49135.724144924658        188.32923880859826     
   49324.053383733255        188.32923880859826     
   49512.382622541852        199.62899313711418     
   49712.011615678966        199.62899313711418     
   49911.640608816080        199.62899313711418     
   50111.269601953194        199.62899313711418     
   50310.898595090308        199.62899313711418     
   50510.527588227422        199.62899313711418     
   50710.156581364536        199.62899313711418     
   50909.785574501650        199.62899313711418     
   51109.414567638763        199.62899313711418     
   51309.043560775877        199.62899313711418     
   51508.672553912991        199.62899313711418     
   51708.301547050105        199.62899313711418     
   51907.930540187219        199.62899313711418     
   52107.559533324333        199.62899313711418     
   52307.188526461447        199.62899313711418     
   52506.817519598560        200.00000000000000     
   52706.817519598560        200.00000000000000     
   52906.817519598560        200.00000000000000     
   53106.817519598560        200.00000000000000     
   53306.817519598560        200.00000000000000     
   53506.817519598560        200.00000000000000     
   53706.817519598560        200.00000000000000     
   53906.817519598560        200.00000000000000     
   54106.817519598560        200.00000000000000     
   54306.817519598560        200.00000000000000     
   54506.817519598560        200.00000000000000     
   54706.817519598560        200.00000000000000     
   54906.817519598560        200.00000000000000     
   55106.817519598560        200.00000000000000     
   55306.817519598560        200.00000000000000     
   55506.817519598560        200.00000000000000     
   55706.817519598560        200.00000000000000     
   55906.817519598560        200.00000000000000     
   56106.817519598560        200.00000000000000     
   56306.817519598560        200.00000000000000     
   56506.817519598560        200.00000000000000     
   56706.817519598560        200.00000000000000     
   56906.817519598560        200.00000000000000     
   57106.817519598560        200.00000000000000     
   57306.817519598560        200.00000000000000     
   57506.817519598560        200.00000000000000     
   57706.817519598560        200.00000000000000     
   57906.817519598560        200.00000000000000     
   58106.817519598560        200.00000000000000     
   58306.817519598560        200.00000000000000     
   58506.817519598560        200.00000000000000     
   58706.817519598560        200.00000000000000     
   58906.817519598560        200.00000000000000     
   59106.817519598560        200.00000000000000     
   59306.817519598560        200.00000000000000     
   59506.817519598560        200.00000000000000     
   59706.817519598560        200.00000000000000     
   59906.817519598560        200.00000000000000     
   60106.817519598560        200.00000000000000     
   60306.817519598560        200.00000000000000     
   60506.817519598560        200.00000000000000     
   60706.817519598560        200.00000000000000     
   60906.817519598560        200.00000000000000     
   61106.817519598560        200.00000000000000     
   61306.817519598560        200.00000000000000     
   61506.817519598560        200.00000000000000     
   61706.817519598560        200.00000000000000     
   61906.817519598560        200.00000000000000     
   62106.817519598560        200.00000000000000     
   62306.817519598560        200.00000000000000     
   62506.817519598560        200.00000000000000     
   62706.817519598560        200.00000000000000     
   62906.817519598560        200.00000000000000     
   63106.817519598560        200.00000000000000     
   63306.817519598560        200.00000000000000     
   63506.817519598560        200.00000000000000     
   63706.817519598560        200.00000000000000     
   63906.817519598560        200.00000000000000     
   64106.817519598560        200.00000000000000     
   64306.817519598560        200.00000000000000     
   64506.817519598560        200.00000000000000     
   64706.817519598560        200.00000000000000     
   64906.817519598560        200.00000000000000     
   65106.817519598560        200.00000000000000     
   65306.817519598560        200.00000000000000     
   65506.817519598560        200.00000000000000     
   65706.817519598553        200.00000000000000     
   65906.817519598553        200.00000000000000     
   66106.817519598553        200.00000000000000     
   66306.817519598553        200.00000000000000     
   66506.817519598553        200.00000000000000     
   66706.817519598553        200.00000000000000     
   66906.817519598553        200.00000000000000     
   67106.817519598553        200.00000000000000     
   67306.817519598553        200.00000000000000     
   67506.817519598553        200.00000000000000     
   67706.817519598553        200.00000000000000     
   67906.817519598553        200.00000000000000     
   68106.817519598553        200.00000000000000     
   68306.817519598553        200.00000000000000     
   68506.817519598553        200.00000000000000     
   68706.817519598553        200.00000000000000     
   68906.817519598553        200.00000000000000     
   69106.817519598553        200.00000000000000     
   69306.817519598553        200.00000000000000     
   69506.817519598553        200.00000000000000     
   69706.817519598553        200.00000000000000     
   69906.817519598553        200.00000000000000     
   70106.817519598553        200.00000000000000     
   70306.817519598553        200.00000000000000     
   70506.817519598553        200.00000000000000     
   70706.817519598553        200.00000000000000     
   70906.817519598553        200.00000000000000     
   71106.817519598553        200.00000000000000     
   71306.817519598553        200.00000000000000     
   71506.817519598553        200.00000000000000     
   71706.817519598553        200.00000000000000     
   71906.817519598553        200.00000000000000     
   72106.817519598553        200.00000000000000     
   72306.817519598553        200.00000000000000     
   72506.817519598553        200.00000000000000     
   72706.817519598553        200.00000000000000     
   72906.817519598553        200.00000000000000     
   73106.817519598553        200.00000000000000     
   73306.817519598553        200.00000000000000     
   73506.817519598553        200.00000000000000     
   73706.817519598553        200.00000000000000     
   73906.817519598553        200.00000000000000     
   74106.817519598553        200.00000000000000     
   74306.817519598553        200.00000000000000     
   74506.817519598553        200.00000000000000     
   74706.817519598553        200.00000000000000     
   74906.817519598553        200.00000000000000     
   75106.817519598553        200.00000000000000     
   75306.817519598553        200.00000000000000     
   75506.817519598553        200.00000000000000     
   75706.817519598553        200.00000000000000     
   75906.817519598553        200.00000000000000     
   76106.817519598553        200.00000000000000     
   76306.817519598553        200.00000000000000     
   76506.817519598553        200.00000000000000     
   76706.817519598553        200.00000000000000     
   76906.817519598553        200.00000000000000     
   77106.817519598553        200.00000000000000     
   77306.817519598553        200.00000000000000     
   77506.817519598553        200.00000000000000     
   77706.817519598553        200.00000000000000     
   77906.817519598553        200.00000000000000     
   78106.817519598553        200.00000000000000     
   78306.817519598553        200.00000000000000     
   78506.817519598553        200.00000000000000     
   78706.817519598553        200.00000000000000     
   78906.817519598553        200.00000000000000     
   79106.817519598553        200.00000000000000     
   79306.817519598553        200.00000000000000     
   79506.817519598553        200.00000000000000     
   79706.817519598553        200.00000000000000     
   79906.817519598553        200.00000000000000     
   80106.817519598553        200.00000000000000     
   80306.817519598553        200.00000000000000     
   80506.817519598553        200.00000000000000     
   80706.817519598553        200.00000000000000     
   80906.817519598553        200.00000000000000     
   81106.817519598553        200.00000000000000     
   81306.817519598553        200.00000000000000     
   81506.817519598553        200.00000000000000     
   81706.817519598553        200.00000000000000     
   81906.817519598553        200.00000000000000     
   82106.817519598553        200.00000000000000     
   82306.817519598553        200.00000000000000     
   82506.817519598553        200.00000000000000     
   82706.817519598553        200.00000000000000     
   82906.817519598553        200.00000000000000     
   83106.817519598553        200.00000000000000     
   83306.817519598553        200.00000000000000     
   83506.817519598553        200.00000000000000     
   83706.817519598553        200.00000000000000     
   83906.817519598553        200.00000000000000     
   84106.817519598553        200.00000000000000     
   84306.817519598553        200.00000000000000     
   84506.817519598553        200.00000000000000     
   84706.817519598553        200.00000000000000     
   84906.817519598553        200.00000000000000     
   85106.817519598553        200.00000000000000     
   85306.817519598553        200.00000000000000     
   85506.817519598553        200.00000000000000     
   85706.817519598553        200.00000000000000     
   85906.817519598553        200.00000000000000     
   86106.817519598553        200.00000000000000     
   86306.817519598553        200.00000000000000     
   86506.817519598553        200.00000000000000     
   86706.817519598553        200.00000000000000     
   86906.817519598553        200.00000000000000     
   87106.817519598553        200.00000000000000     
   87306.817519598553        200.00000000000000     
   87506.817519598553        200.00000000000000     
   87706.817519598553        200.00000000000000     
   87906.817519598553        200.00000000000000     
   88106.817519598553        200.00000000000000     
   88306.817519598553        200.00000000000000     
   88506.817519598553        200.00000000000000     
   88706.817519598553        200.00000000000000     
   88906.817519598553        200.00000000000000     
   89106.817519598553        200.00000000000000     
   89306.817519598553        200.00000000000000     
   89506.817519598553        200.00000000000000     
   89706.817519598553        200.00000000000000     
   89906.817519598553        200.00000000000000     
   90106.817519598553        200.00000000000000     
   90306.817519598553        200.00000000000000     
   90506.817519598553        200.00000000000000     
   90706.817519598553        200.00000000000000     
   90906.817519598553        200.00000000000000     
   91106.817519598553        200.00000000000000     
   91306.817519598553        200.00000000000000     
   91506.817519598553        200.00000000000000     
   91706.817519598553        200.00000000000000     
   91906.817519598553        200.00000000000000     
   92106.817519598553        200.00000000000000     
   92306.817519598553        200.00000000000000     
   92506.817519598553        200.00000000000000     
   92706.817519598553        200.00000000000000     
   92906.817519598553        200.00000000000000     
   93106.817519598553        200.00000000000000     
   93306.817519598553        200.00000000000000     
   93506.817519598553        200.00000000000000     
   93706.817519598553        200.00000000000000     
   93906.817519598553        200.00000000000000     
   94106.817519598553        200.00000000000000     
   94306.817519598553        200.00000000000000     
   94506.817519598553        200.00000000000000     
   94706.817519598553        200.00000000000000     
   94906.817519598553        200.00000000000000     
   95106.817519598553        200.00000000000000     
   95306.817519598553        200.00000000000000     
   95506.817519598553        200.00000000000000     
   95706.817519598553        200.00000000000000     
   95906.817519598553        200.00000000000000     
   96106.817519598553        200.00000000000000     
   96306.817519598553        200.00000000000000     
   96506.817519598553        200.00000000000000     
   96706.817519598553        200.00000000000000     
   96906.817519598553        200.00000000000000     
   97106.817519598553        200.00000000000000     
   97306.817519598553        200.00000000000000     
   97506.817519598553        200.00000000000000     
   97706.817519598553        200.00000000000000     
   97906.817519598553        200.00000000000000     
   98106.817519598553        200.00000000000000     
   98306.817519598553        200.00000000000000     
   98506.817519598553        200.00000000000000     
   98706.817519598553        200.00000000000000     
   98906.817519598553        200.00000000000000     
   99106.817519598553        200.00000000000000     
   99306.817519598553        200.00000000000000     
   99506.817519598553        200.00000000000000     
   99706.817519598553        200.00000000000000     
   99906.817519598553        200.00000000000000     
   100106.81751959855        200.00000000000000     
   100306.81751959855        200.00000000000000     
   100506.81751959855        200.00000000000000     
   100706.81751959855        200.00000000000000     
   100906.81751959855        200.00000000000000     
   101106.81751959855        200.00000000000000     
   101306.81751959855        200.00000000000000     
   101506.81751959855        200.00000000000000     
   101706.81751959855        200.00000000000000     
   101906.81751959855        200.00000000000000     
   102106.81751959855        200.00000000000000     
   102306.81751959855        200.00000000000000     
   102506.81751959855        200.00000000000000     
   102706.81751959855        200.00000000000000     
   102906.81751959855        200.00000000000000     
   103106.81751959855        200.00000000000000     
   103306.81751959855        200.00000000000000     
   103506.81751959855        200.00000000000000     
   103706.81751959855        200.00000000000000     
   103906.81751959855        200.00000000000000     
   104106.81751959855        200.00000000000000     
   104306.81751959855        200.00000000000000     
   104506.81751959855        200.00000000000000     
   104706.81751959855        200.00000000000000     
   104906.81751959855        200.00000000000000     
   105106.81751959855        200.00000000000000     
   105306.81751959855        200.00000000000000     
   105506.81751959855        200.00000000000000     
   105706.81751959855        200.00000000000000     
   105906.81751959855        200.00000000000000     
   106106.81751959855        200.00000000000000     
   106306.81751959855        200.00000000000000     
   106506.81751959855        200.00000000000000     
   106706.81751959855        200.00000000000000     
   106906.81751959855        200.00000000000000     
   107106.81751959855        200.00000000000000     
   107306.81751959855        200.00000000000000     
   107506.81751959855        200.00000000000000     
   107706.81751959855        200.00000000000000     
   107906.81751959855        200.00000000000000     
   108106.81751959855        200.00000000000000     
   108306.81751959855        200.00000000000000     
   108506.81751959855        200.00000000000000     
   108706.81751959855        200.00000000000000     
   108906.81751959855        200.00000000000000     
   109106.81751959855        200.00000000000000     
   109306.81751959855        200.00000000000000     
   109506.81751959855        200.00000000000000     
   109706.81751959855        200.00000000000000     
   109906.81751959855        200.00000000000000     
   110106.81751959855        200.00000000000000     
   110306.81751959855        200.00000000000000     
   110506.81751959855        200.00000000000000     
   110706.81751959855        200.00000000000000     
   110906.81751959855        200.00000000000000     
   111106.81751959855        200.00000000000000     
   111306.81751959855        200.00000000000000     
   111506.81751959855        200.00000000000000     
   111706.81751959855        200.00000000000000     
   111906.81751959855        200.00000000000000     
   112106.81751959855        200.00000000000000     
   112306.81751959855        200.00000000000000     
   112506.81751959855        200.00000000000000     
   112706.81751959855        200.00000000000000     
   112906.81751959855        200.00000000000000     
   113106.81751959855        200.00000000000000     
   113306.81751959855        200.00000000000000     
   113506.81751959855        200.00000000000000     
   113706.81751959855        200.00000000000000     
   113906.81751959855        200.00000000000000     
   114106.81751959855        200.00000000000000     
   114306.81751959855        200.00000000000000     
   114506.81751959855        200.00000000000000     
   114706.81751959855        200.00000000000000     
   114906.81751959855        200.00000000000000     
   115106.81751959855        200.00000000000000     
   115306.81751959855        200.00000000000000     
   115506.81751959855        200.00000000000000     
   115706.81751959855        200.00000000000000     
   115906.81751959855        200.00000000000000     
   116106.81751959855        200.00000000000000     
   116306.81751959855        200.00000000000000     
   116506.81751959855        200.00000000000000     
   116706.81751959855        200.00000000000000     
   116906.81751959855        200.00000000000000     
   117106.81751959855        200.00000000000000     
   117306.81751959855        200.00000000000000     
   117506.81751959855        200.00000000000000     
   117706.81751959855        200.00000000000000     
   117906.81751959855        200.00000000000000     
   118106.81751959855        200.00000000000000     
   118306.81751959855        200.00000000000000     
   118506.81751959855        200.00000000000000     
   118706.81751959855        200.00000000000000     
   118906.81751959855        200.00000000000000     
   119106.81751959855        200.00000000000000     
   119306.81751959855        200.00000000000000     
   119506.81751959855        200.00000000000000     
   119706.81751959855        200.00000000000000     
   119906.81751959855        200.00000000000000     
   120106.81751959855        200.00000000000000     
   120306.81751959855        200.00000000000000     
   120506.81751959855        200.00000000000000     
   120706.81751959855        200.00000000000000     
   120906.81751959855        200.00000000000000     
   121106.81751959855        200.00000000000000     
   121306.81751959855        200.00000000000000     
   121506.81751959855        200.00000000000000     
   121706.81751959855        200.00000000000000     
   121906.81751959855        200.00000000000000     
   122106.81751959855        200.00000000000000     
   122306.81751959855        200.00000000000000     
   122506.81751959855        200.00000000000000     
   122706.81751959855        200.00000000000000     
   122906.81751959855        200.00000000000000     
   123106.81751959855        200.00000000000000     
   123306.81751959855        200.00000000000000     
   123506.81751959855        200.00000000000000     
   123706.81751959855        200.00000000000000     
   123906.81751959855        200.00000000000000     
   124106.81751959855        200.00000000000000     
   124306.81751959855        200.00000000000000     
   124506.81751959855        200.00000000000000     
   124706.81751959855        200.00000000000000     
   124906.81751959855        200.00000000000000     
   125106.81751959855        200.00000000000000     
   125306.81751959855        200.00000000000000     
   125506.81751959855        200.00000000000000     
   125706.81751959855        200.00000000000000     
   125906.81751959855        200.00000000000000     
   126106.81751959855        200.00000000000000     
   126306.81751959855        200.00000000000000     
   126506.81751959855        200.00000000000000     
   126706.81751959855        200.00000000000000     
   126906.81751959855        200.00000000000000     
   127106.81751959855        200.00000000000000     
   127306.81751959855        200.00000000000000     
   127506.81751959855        200.00000000000000     
   127706.81751959855        200.00000000000000     
   127906.81751959855        200.00000000000000     
   128106.81751959855        200.00000000000000     
   128306.81751959855        200.00000000000000     
   128506.81751959855        200.00000000000000     
   128706.81751959855        200.00000000000000     
   128906.81751959855        200.00000000000000     
   129106.81751959855        200.00000000000000     
   129306.81751959855        200.00000000000000     
   129506.81751959855        200.00000000000000     
   129706.81751959855        200.00000000000000     
   129906.81751959855        200.00000000000000     
   130106.81751959855        200.00000000000000     
   130306.81751959855        200.00000000000000     
   130506.81751959855        200.00000000000000     
   130706.81751959855        200.00000000000000     
   130906.81751959855        200.00000000000000     
   131106.81751959855        200.00000000000000     
   131306.81751959855        200.00000000000000     
   131506.81751959855        200.00000000000000     
   131706.81751959855        200.00000000000000     
   131906.81751959855        200.00000000000000     
   132106.81751959855        200.00000000000000     
   132306.81751959855        200.00000000000000     
   132506.81751959855        200.00000000000000     
   132706.81751959855        200.00000000000000     
   132906.81751959855        200.00000000000000     
   133106.81751959855        200.00000000000000     
   133306.81751959855        200.00000000000000     
   133506.81751959855        200.00000000000000     
   133706.81751959855        200.00000000000000     
   133906.81751959855        200.00000000000000     
   134106.81751959855        200.00000000000000     
   134306.81751959855        200.00000000000000     
   134506.81751959855        200.00000000000000     
   134706.81751959855        200.00000000000000     
   134906.81751959855        200.00000000000000     
   135106.81751959855        200.00000000000000     
   135306.81751959855        200.00000000000000     
   135506.81751959855        200.00000000000000     
   135706.81751959855        200.00000000000000     
   135906.81751959855        200.00000000000000     
   136106.81751959855        200.00000000000000     
   136306.81751959855        200.00000000000000     
   136506.81751959855        200.00000000000000     
   136706.81751959855        200.00000000000000     
   136906.81751959855        200.00000000000000     
   137106.81751959855        200.00000000000000     
   137306.81751959855        200.00000000000000     
   137506.81751959855        200.00000000000000     
   137706.81751959855        200.00000000000000     
   137906.81751959855        200.00000000000000     
   138106.81751959855        200.00000000000000     
   138306.81751959855        200.00000000000000     
   138506.81751959855        200.00000000000000     
   138706.81751959855        200.00000000000000     
   138906.81751959855        200.00000000000000     
   139106.81751959855        200.00000000000000     
   139306.81751959855        200.00000000000000     
   139506.81751959855        200.00000000000000     
   139706.81751959855        200.00000000000000     
   139906.81751959855        200.00000000000000     
   140106.81751959855        200.00000000000000     
   140306.81751959855        200.00000000000000     
   140506.81751959855        200.00000000000000     
   140706.81751959855        200.00000000000000     
   140906.81751959855        200.00000000000000     
   141106.81751959855        200.00000000000000     
   141306.81751959855        200.00000000000000     
   141506.81751959855        200.00000000000000     
   141706.81751959855        200.00000000000000     
   141906.81751959855        200.00000000000000     
   142106.81751959855        200.00000000000000     
   142306.81751959855        200.00000000000000     
   142506.81751959855        200.00000000000000     
   142706.81751959855        200.00000000000000     
   142906.81751959855        200.00000000000000     
   143106.81751959855        200.00000000000000     
   143306.81751959855        200.00000000000000     
   143506.81751959855        200.00000000000000     
   143706.81751959855        200.00000000000000     
   143906.81751959855        200.00000000000000     
   144106.81751959855        200.00000000000000     
   144306.81751959855        200.00000000000000     
   144506.81751959855        200.00000000000000     
   144706.81751959855        200.00000000000000     
   144906.81751959855        200.00000000000000     
   145106.81751959855        200.00000000000000     
   145306.81751959855        200.00000000000000     
   145506.81751959855        200.00000000000000     
   145706.81751959855        200.00000000000000     
   145906.81751959855        200.00000000000000     
   146106.81751959855        200.00000000000000     
   146306.81751959855        200.00000000000000     
   146506.81751959855        200.00000000000000     
   146706.81751959855        200.00000000000000     
   146906.81751959855        200.00000000000000     
   147106.81751959855        200.00000000000000     
   147306.81751959855        200.00000000000000     
   147506.81751959855        200.00000000000000     
   147706.81751959855        200.00000000000000     
   147906.81751959855        200.00000000000000     
   148106.81751959855        200.00000000000000     
   148306.81751959855        200.00000000000000     
   148506.81751959855        200.00000000000000     
   148706.81751959855        200.00000000000000     
   148906.81751959855        200.00000000000000     
   149106.81751959855        200.00000000000000     
   149306.81751959855        200.00000000000000     
   149506.81751959855        200.00000000000000     
   149706.81751959855        200.00000000000000     
   149906.81751959855        200.00000000000000     
   150106.81751959855        200.00000000000000     
   150306.81751959855        200.00000000000000     
   150506.81751959855        200.00000000000000     
   150706.81751959855        200.00000000000000     
   150906.81751959855        200.00000000000000     
   151106.81751959855        200.00000000000000     
   151306.81751959855        200.00000000000000     
   151506.81751959855        200.00000000000000     
   151706.81751959855        200.00000000000000     
   151906.81751959855        200.00000000000000     
   152106.81751959855        200.00000000000000     
   152306.81751959855        200.00000000000000     
   152506.81751959855        200.00000000000000     
   152706.81751959855        200.00000000000000     
   152906.81751959855        200.00000000000000     
   153106.81751959855        200.00000000000000     
   153306.81751959855        200.00000000000000     
   153506.81751959855        200.00000000000000     
   153706.81751959855        200.00000000000000     
   153906.81751959855        200.00000000000000     
   154106.81751959855        200.00000000000000     
   154306.81751959855        200.00000000000000     
   154506.81751959855        200.00000000000000     
   154706.81751959855        200.00000000000000     
   154906.81751959855        200.00000000000000     
   155106.81751959855        200.00000000000000     
   155306.81751959855        200.00000000000000     
   155506.81751959855        200.00000000000000     
   155706.81751959855        200.00000000000000     
   155906.81751959855        200.00000000000000     
   156106.81751959855        200.00000000000000     
   156306.81751959855        200.00000000000000     
   156506.81751959855        200.00000000000000     
   156706.81751959855        200.00000000000000     
   156906.81751959855        200.00000000000000     
   157106.81751959855        200.00000000000000     
   157306.81751959855        200.00000000000000     
   157506.81751959855        200.00000000000000     
   157706.81751959855        200.00000000000000     
   157906.81751959855        200.00000000000000     
   158106.81751959855        200.00000000000000     
   158306.81751959855        200.00000000000000     
   158506.81751959855        200.00000000000000     
   158706.81751959855        200.00000000000000     
   158906.81751959855        200.00000000000000     
   159106.81751959855        200.00000000000000     
   159306.81751959855        200.00000000000000     
   159506.81751959855        200.00000000000000     
   159706.81751959855        200.00000000000000     
   159906.81751959855        200.00000000000000     
   160106.81751959855        200.00000000000000     
   160306.81751959855        200.00000000000000     
   160506.81751959855        200.00000000000000     
   160706.81751959855        200.00000000000000     
   160906.81751959855        200.00000000000000     
   161106.81751959855        200.00000000000000     
   161306.81751959855        200.00000000000000     
   161506.81751959855        200.00000000000000     
   161706.81751959855        200.00000000000000     
   161906.81751959855        200.00000000000000     
   162106.81751959855        200.00000000000000     
   162306.81751959855        200.00000000000000     
   162506.81751959855        200.00000000000000     
   162706.81751959855        200.00000000000000     
   162906.81751959855        200.00000000000000     
   163106.81751959855        200.00000000000000     
   163306.81751959855        200.00000000000000     
   163506.81751959855        200.00000000000000     
   163706.81751959855        200.00000000000000     
   163906.81751959855        200.00000000000000     
   164106.81751959855        200.00000000000000     
   164306.81751959855        200.00000000000000     
   164506.81751959855        200.00000000000000     
   164706.81751959855        200.00000000000000     
   164906.81751959855        200.00000000000000     
   165106.81751959855        200.00000000000000     
   165306.81751959855        200.00000000000000     
   165506.81751959855        200.00000000000000     
   165706.81751959855        200.00000000000000     
   165906.81751959855        200.00000000000000     
   166106.81751959855        200.00000000000000     
   166306.81751959855        200.00000000000000     
   166506.81751959855        200.00000000000000     
   166706.81751959855        200.00000000000000     
   166906.81751959855        200.00000000000000     
   167106.81751959855        200.00000000000000     
   167306.81751959855        200.00000000000000     
   167506.81751959855        200.00000000000000     
   167706.81751959855        200.00000000000000     
   167906.81751959855        200.00000000000000     
   168106.81751959855        200.00000000000000     
   168306.81751959855        200.00000000000000     
   168506.81751959855        200.00000000000000     
   168706.81751959855        200.00000000000000     
   168906.81751959855        200.00000000000000     
   169106.81751959855        200.00000000000000     
   169306.81751959855        200.00000000000000     
   169506.81751959855        200.00000000000000     
   169706.81751959855        200.00000000000000     
   169906.81751959855        200.00000000000000     
   170106.81751959855        200.00000000000000     
   170306.81751959855        200.00000000000000     
   170506.81751959855        200.00000000000000     
   170706.81751959855        200.00000000000000     
   170906.81751959855        200.00000000000000     
   171106.81751959855        200.00000000000000     
   171306.81751959855        200.00000000000000     
   171506.81751959855        200.00000000000000     
   171706.81751959855        200.00000000000000     
   171906.81751959855        200.00000000000000     
   172106.81751959855        200.00000000000000     
   172306.81751959855        200.00000000000000     
   172506.81751959855        200.00000000000000     
   172706.81751959855        200.00000000000000     
   172906.81751959855        200.00000000000000     
   173106.81751959855        200.00000000000000     
   173306.81751959855        200.00000000000000     
   173506.81751959855        200.00000000000000     
   173706.81751959855        200.00000000000000     
   173906.81751959855        200.00000000000000     
   174106.81751959855        200.00000000000000     
   174306.81751959855        200.00000000000000     
   174506.81751959855        200.00000000000000     
   174706.81751959855        200.00000000000000     
   174906.81751959855        200.00000000000000     
   175106.81751959855        200.00000000000000     
   175306.81751959855        200.00000000000000     
   175506.81751959855        200.00000000000000     
   175706.81751959855        200.00000000000000     
   175906.81751959855        200.00000000000000     
   176106.81751959855        200.00000000000000     
   176306.81751959855        200.00000000000000     
   176506.81751959855        200.00000000000000     
   176706.81751959855        200.00000000000000     
   176906.81751959855        200.00000000000000     
   177106.81751959855        200.00000000000000     
   177306.81751959855        200.00000000000000     
   177506.81751959855        200.00000000000000     
   177706.81751959855        200.00000000000000     
   177906.81751959855        200.00000000000000     
   178106.81751959855        200.00000000000000     
   178306.81751959855        200.00000000000000     
   178506.81751959855        200.00000000000000     
   178706.81751959855        200.00000000000000     
   178906.81751959855        200.00000000000000     
   179106.81751959855        200.00000000000000     
   179306.81751959855        200.00000000000000     
   179506.81751959855        200.00000000000000     
   179706.81751959855        200.00000000000000     
   179906.81751959855        200.00000000000000     
   180106.81751959855        200.00000000000000     
   180306.81751959855        200.00000000000000     
   180506.81751959855        200.00000000000000     
   180706.81751959855        200.00000000000000     
   180906.81751959855        200.00000000000000     
   181106.81751959855        200.00000000000000     
   181306.81751959855        200.00000000000000     
   181506.81751959855        200.00000000000000     
   181706.81751959855        200.00000000000000     
   181906.81751959855        200.00000000000000     
   182106.81751959855        200.00000000000000     
   182306.81751959855        200.00000000000000     
   182506.81751959855        200.00000000000000     
   182706.81751959855        200.00000000000000     
   182906.81751959855        200.00000000000000     
   183106.81751959855        200.00000000000000     
   183306.81751959855        200.00000000000000     
   183506.81751959855        200.00000000000000     
   183706.81751959855        200.00000000000000     
   183906.81751959855        200.00000000000000     
   184106.81751959855        200.00000000000000     
   184306.81751959855        200.00000000000000     
   184506.81751959855        200.00000000000000     
   184706.81751959855        200.00000000000000     
   184906.81751959855        200.00000000000000     
   185106.81751959855        200.00000000000000     
   185306.81751959855        200.00000000000000     
   185506.81751959855        200.00000000000000     
   185706.81751959855        200.00000000000000     
   185906.81751959855        200.00000000000000     
   186106.81751959855        200.00000000000000     
   186306.81751959855        200.00000000000000     
   186506.81751959855        200.00000000000000     
   186706.81751959855        200.00000000000000     
   186906.81751959855        200.00000000000000     
   187106.81751959855        200.00000000000000     
   187306.81751959855        200.00000000000000     
   187506.81751959855        200.00000000000000     
   187706.81751959855        200.00000000000000     
   187906.81751959855        200.00000000000000     
   188106.81751959855        200.00000000000000     
   188306.81751959855        200.00000000000000     
   188506.81751959855        200.00000000000000     
   188706.81751959855        200.00000000000000     
   188906.81751959855        200.00000000000000     
   189106.81751959855        200.00000000000000     
   189306.81751959855        200.00000000000000     
   189506.81751959855        200.00000000000000     
   189706.81751959855        200.00000000000000     
   189906.81751959855        200.00000000000000     
   190106.81751959855        200.00000000000000     
   190306.81751959855        200.00000000000000     
   190506.81751959855        200.00000000000000     
   190706.81751959855        200.00000000000000     
   190906.81751959855        200.00000000000000     
   191106.81751959855        200.00000000000000     
   191306.81751959855        200.00000000000000     
   191506.81751959855        200.00000000000000     
   191706.81751959855        200.00000000000000     
   191906.81751959855        200.00000000000000     
   192106.81751959855        200.00000000000000     
   192306.81751959855        200.00000000000000     
   192506.81751959855        200.00000000000000     
   192706.81751959855        200.00000000000000     
   192906.81751959855        200.00000000000000     
   193106.81751959855        200.00000000000000     
   193306.81751959855        200.00000000000000     
   193506.81751959855        200.00000000000000     
   193706.81751959855        200.00000000000000     
   193906.81751959855        200.00000000000000     
   194106.81751959855        200.00000000000000     
   194306.81751959855        200.00000000000000     
   194506.81751959855        200.00000000000000     
   194706.81751959855        200.00000000000000     
   194906.81751959855        200.00000000000000     
   195106.81751959855        200.00000000000000     
   195306.81751959855        200.00000000000000     
   195506.81751959855        200.00000000000000     
   195706.81751959855        200.00000000000000     
   195906.81751959855        200.00000000000000     
   196106.81751959855        200.00000000000000     
   196306.81751959855        200.00000000000000     
   196506.81751959855        200.00000000000000     
   196706.81751959855        200.00000000000000     
   196906.81751959855        200.00000000000000     
   197106.81751959855        200.00000000000000     
   197306.81751959855        200.00000000000000     
   197506.81751959855        200.00000000000000     
   197706.81751959855        200.00000000000000     
   197906.81751959855        200.00000000000000     
   198106.81751959855        200.00000000000000     
   198306.81751959855        200.00000000000000     
   198506.81751959855        200.00000000000000     
   198706.81751959855        200.00000000000000     
   198906.81751959855        200.00000000000000     
   199106.81751959855        200.00000000000000     
   199306.81751959855        200.00000000000000     
   199506.81751959855        200.00000000000000     
   199706.81751959855        200.00000000000000     
   199906.81751959855        200.00000000000000     
   200106.81751959855        200.00000000000000     
   200306.81751959855        200.00000000000000     
   200506.81751959855        200.00000000000000     
   200706.81751959855        200.00000000000000     
   200906.81751959855        200.00000000000000     
   201106.81751959855        200.00000000000000     
   201306.81751959855        200.00000000000000     
   201506.81751959855        200.00000000000000     
   201706.81751959855        200.00000000000000     
   201906.81751959855        200.00000000000000     
   202106.81751959855        200.00000000000000     
   202306.81751959855        200.00000000000000     
   202506.81751959855        200.00000000000000     
   202706.81751959855        200.00000000000000     
   202906.81751959855        200.00000000000000     
   203106.81751959855        200.00000000000000     
   203306.81751959855        200.00000000000000     
   203506.81751959855        200.00000000000000     
   203706.81751959855        200.00000000000000     
   203906.81751959855        200.00000000000000     
   204106.81751959855        200.00000000000000     
   204306.81751959855        200.00000000000000     
   204506.81751959855        200.00000000000000     
   204706.81751959855        200.00000000000000     
   204906.81751959855        200.00000000000000     
   205106.81751959855        200.00000000000000     
   205306.81751959855        200.00000000000000     
   205506.81751959855        200.00000000000000     
   205706.81751959855        200.00000000000000     
   205906.81751959855        200.00000000000000     
   206106.81751959855        200.00000000000000     
   206306.81751959855        200.00000000000000     
   206506.81751959855        200.00000000000000     
   206706.81751959855        200.00000000000000     
   206906.81751959855        200.00000000000000     
   207106.81751959855        200.00000000000000     
   207306.81751959855        200.00000000000000     
   207506.81751959855        200.00000000000000     
   207706.81751959855        200.00000000000000     
   207906.81751959855        200.00000000000000     
   208106.81751959855        200.00000000000000     
   208306.81751959855        200.00000000000000     
   208506.81751959855        200.00000000000000     
   208706.81751959855        200.00000000000000     
   208906.81751959855        200.00000000000000     
   209106.81751959855        200.00000000000000     
   209306.81751959855        200.00000000000000     
   209506.81751959855        200.00000000000000     
   209706.81751959855        200.00000000000000     
   209906.81751959855        200.00000000000000     
   210106.81751959855        200.00000000000000     
   210306.81751959855        200.00000000000000     
   210506.81751959855        200.00000000000000     
   210706.81751959855        200.00000000000000     
   210906.81751959855        200.00000000000000     
   211106.81751959855        200.00000000000000     
   211306.81751959855        200.00000000000000     
   211506.81751959855        200.00000000000000     
   211706.81751959855        200.00000000000000     
   211906.81751959855        200.00000000000000     
   212106.81751959855        200.00000000000000     
   212306.81751959855        200.00000000000000     
   212506.81751959855        200.00000000000000     
   212706.81751959855        200.00000000000000     
   212906.81751959855        200.00000000000000     
   213106.81751959855        200.00000000000000     
   213306.81751959855        200.00000000000000     
   213506.81751959855        200.00000000000000     
   213706.81751959855        200.00000000000000     
   213906.81751959855        200.00000000000000     
   214106.81751959855        200.00000000000000     
   214306.81751959855        200.00000000000000     
   214506.81751959855        200.00000000000000     
   214706.81751959855        200.00000000000000     
   214906.81751959855        200.00000000000000     
   215106.81751959855        200.00000000000000     
   215306.81751959855        200.00000000000000     
   215506.81751959855        200.00000000000000     
   215706.81751959855        200.00000000000000     
   215906.81751959855        200.00000000000000     
   216106.81751959855        200.00000000000000     
   216306.81751959855        200.00000000000000     
   216506.81751959855        200.00000000000000     
   216706.81751959855        200.00000000000000     
   216906.81751959855        200.00000000000000     
   217106.81751959855        200.00000000000000     
   217306.81751959855        200.00000000000000     
   217506.81751959855        200.00000000000000     
   217706.81751959855        200.00000000000000     
   217906.81751959855        200.00000000000000     
   218106.81751959855        200.00000000000000     
   218306.81751959855        200.00000000000000     
   218506.81751959855        200.00000000000000     
   218706.81751959855        200.00000000000000     
   218906.81751959855        200.00000000000000     
   219106.81751959855        200.00000000000000     
   219306.81751959855        200.00000000000000     
   219506.81751959855        200.00000000000000     
   219706.81751959855        200.00000000000000     
   219906.81751959855        200.00000000000000     
   220106.81751959855        200.00000000000000     
   220306.81751959855        200.00000000000000     
   220506.81751959855        200.00000000000000     
   220706.81751959855        200.00000000000000     
   220906.81751959855        200.00000000000000     
   221106.81751959855        200.00000000000000     
   221306.81751959855        200.00000000000000     
   221506.81751959855        200.00000000000000     
   221706.81751959855        200.00000000000000     
   221906.81751959855        200.00000000000000     
   222106.81751959855        200.00000000000000     
   222306.81751959855        200.00000000000000     
   222506.81751959855        200.00000000000000     
   222706.81751959855        200.00000000000000     
   222906.81751959855        200.00000000000000     
   223106.81751959855        200.00000000000000     
   223306.81751959855        200.00000000000000     
   223506.81751959855        200.00000000000000     
   223706.81751959855        200.00000000000000     
   223906.81751959855        200.00000000000000     
   224106.81751959855        200.00000000000000     
   224306.81751959855        200.00000000000000     
   224506.81751959855        200.00000000000000     
   224706.81751959855        200.00000000000000     
   224906.81751959855        200.00000000000000     
   225106.81751959855        200.00000000000000     
   225306.81751959855        200.00000000000000     
   225506.81751959855        200.00000000000000     
   225706.81751959855        200.00000000000000     
   225906.81751959855        200.00000000000000     
   226106.81751959855        200.00000000000000     
   226306.81751959855        200.00000000000000     
   226506.81751959855        200.00000000000000     
   226706.81751959855        200.00000000000000     
   226906.81751959855        200.00000000000000     
   227106.81751959855        200.00000000000000     
   227306.81751959855        200.00000000000000     
   227506.81751959855        200.00000000000000     
   227706.81751959855        200.00000000000000     
   227906.81751959855        200.00000000000000     
   228106.81751959855        200.00000000000000     
   228306.81751959855        200.00000000000000     
   228506.81751959855        200.00000000000000     
   228706.81751959855        200.00000000000000     
   228906.81751959855        200.00000000000000     
   229106.81751959855        200.00000000000000     
   229306.81751959855        200.00000000000000     
   229506.81751959855        200.00000000000000     
   229706.81751959855        200.00000000000000     
   229906.81751959855        200.00000000000000     
   230106.81751959855        200.00000000000000     
   230306.81751959855        200.00000000000000     
   230506.81751959855        200.00000000000000     
   230706.81751959855        200.00000000000000     
   230906.81751959855        200.00000000000000     
   231106.81751959855        200.00000000000000     
   231306.81751959855        200.00000000000000     
   231506.81751959855        200.00000000000000     
   231706.81751959855        200.00000000000000     
   231906.81751959855        200.00000000000000     
   232106.81751959855        200.00000000000000     
   232306.81751959855        200.00000000000000     
   232506.81751959855        200.00000000000000     
   232706.81751959855        200.00000000000000     
   232906.81751959855        200.00000000000000     
   233106.81751959855        200.00000000000000     
   233306.81751959855        200.00000000000000     
   233506.81751959855        200.00000000000000     
   233706.81751959855        200.00000000000000     
   233906.81751959855        200.00000000000000     
   234106.81751959855        200.00000000000000     
   234306.81751959855        200.00000000000000     
   234506.81751959855        200.00000000000000     
   234706.81751959855        200.00000000000000     
   234906.81751959855        200.00000000000000     
   235106.81751959855        200.00000000000000     
   235306.81751959855        200.00000000000000     
   235506.81751959855        200.00000000000000     
   235706.81751959855        200.00000000000000     
   235906.81751959855        200.00000000000000     
   236106.81751959855        200.00000000000000     
   236306.81751959855        200.00000000000000     
   236506.81751959855        200.00000000000000     
   236706.81751959855        200.00000000000000     
   236906.81751959855        200.00000000000000     
   237106.81751959855        200.00000000000000     
   237306.81751959855        200.00000000000000     
   237506.81751959855        200.00000000000000     
   237706.81751959855        200.00000000000000     
   237906.81751959855        200.00000000000000     
   238106.81751959855        200.00000000000000     
   238306.81751959855        200.00000000000000     
   238506.81751959855        200.00000000000000     
   238706.81751959855        200.00000000000000     
   238906.81751959855        200.00000000000000     
   239106.81751959855        200.00000000000000     
   239306.81751959855        200.00000000000000     
   239506.81751959855        200.00000000000000     
   239706.81751959855        200.00000000000000     
   239906.81751959855        200.00000000000000     
   240106.81751959855        200.00000000000000     
   240306.81751959855        200.00000000000000     
   240506.81751959855        200.00000000000000     
   240706.81751959855        200.00000000000000     
   240906.81751959855        200.00000000000000     
   241106.81751959855        200.00000000000000     
   241306.81751959855        200.00000000000000     
   241506.81751959855        200.00000000000000     
   241706.81751959855        200.00000000000000     
   241906.81751959855        200.00000000000000     
   242106.81751959855        200.00000000000000     
   242306.81751959855        200.00000000000000     
   242506.81751959855        200.00000000000000     
   242706.81751959855        200.00000000000000     
   242906.81751959855        200.00000000000000     
   243106.81751959855        200.00000000000000     
   243306.81751959855        200.00000000000000     
   243506.81751959855        200.00000000000000     
   243706.81751959855        200.00000000000000     
   243906.81751959855        200.00000000000000     
   244106.81751959855        200.00000000000000     
   244306.81751959855        200.00000000000000     
   244506.81751959855        200.00000000000000     
   244706.81751959855        200.00000000000000     
   244906.81751959855        200.00000000000000     
   245106.81751959855        200.00000000000000     
   245306.81751959855        200.00000000000000     
   245506.81751959855        200.00000000000000     
   245706.81751959855        200.00000000000000     
   245906.81751959855        200.00000000000000     
   246106.81751959855        200.00000000000000     
   246306.81751959855        200.00000000000000     
   246506.81751959855        200.00000000000000     
   246706.81751959855        200.00000000000000     
   246906.81751959855        200.00000000000000     
   247106.81751959855        200.00000000000000     
   247306.81751959855        200.00000000000000     
   247506.81751959855        200.00000000000000     
   247706.81751959855        200.00000000000000     
   247906.81751959855        200.00000000000000     
   248106.81751959855        200.00000000000000     
   248306.81751959855        200.00000000000000     
   248506.81751959855        200.00000000000000     
   248706.81751959855        200.00000000000000     
   248906.81751959855        200.00000000000000     
   249106.81751959855        200.00000000000000     
   249306.81751959855        200.00000000000000     
   249506.81751959855        200.00000000000000     
   249706.81751959855        200.00000000000000     
   249906.81751959855        200.00000000000000     
   250106.81751959855        200.00000000000000     
   250306.81751959855        200.00000000000000     
   250506.81751959855        200.00000000000000     
   250706.81751959855        200.00000000000000     
   250906.81751959855        200.00000000000000     
   251106.81751959855        200.00000000000000     
   251306.81751959855        200.00000000000000     
   251506.81751959855        200.00000000000000     
   251706.81751959855        200.00000000000000     
   251906.81751959855        200.00000000000000     
   252106.81751959855        200.00000000000000     
   252306.81751959855        200.00000000000000     
   252506.81751959855        200.00000000000000     
   252706.81751959855        200.00000000000000     
   252906.81751959855        200.00000000000000     
   253106.81751959855        200.00000000000000     
   253306.81751959855        200.00000000000000     
   253506.81751959855        200.00000000000000     
   253706.81751959855        200.00000000000000     
   253906.81751959855        200.00000000000000     
   254106.81751959855        200.00000000000000     
   254306.81751959855        200.00000000000000     
   254506.81751959855        200.00000000000000     
   254706.81751959855        200.00000000000000     
   254906.81751959855        200.00000000000000     
   255106.81751959855        200.00000000000000     
   255306.81751959855        200.00000000000000     
   255506.81751959855        200.00000000000000     
   255706.81751959855        200.00000000000000     
   255906.81751959855        200.00000000000000     
   256106.81751959855        200.00000000000000     
   256306.81751959855        200.00000000000000     
   256506.81751959855        200.00000000000000     
   256706.81751959855        200.00000000000000     
   256906.81751959855        200.00000000000000     
   257106.81751959855        200.00000000000000     
   257306.81751959855        200.00000000000000     
   257506.81751959855        200.00000000000000     
   257706.81751959855        200.00000000000000     
   257906.81751959855        200.00000000000000     
   258106.81751959855        200.00000000000000     
   258306.81751959855        200.00000000000000     
   258506.81751959855        200.00000000000000     
   258706.81751959855        200.00000000000000     
   258906.81751959855        200.00000000000000     
   259106.81751959855        200.00000000000000     
