                    1   2.5000000000000001E-003  0.23598530970768555     
                    2   7.4999999999999997E-003  0.21411429563728671     
                    3   1.2500000000000001E-002  0.21149034468542416     
                    4   1.7500000000000002E-002  0.21060448112697708     
                    5   2.2499999999999999E-002  0.20938501471145365     
                    6   2.7500000000000000E-002  0.20809040462423986     
                    7   3.2500000000000001E-002  0.20724859025190351     
                    8   3.7500000000000006E-002  0.20643630208660724     
                    9   4.2499999999999996E-002  0.20589983378255755     
                   10   4.7500000000000001E-002  0.20533918181692123     
                   11   5.2500000000000005E-002  0.20469858854071388     
                   12   5.7499999999999996E-002  0.20447201172806001     
                   13   6.2500000000000000E-002  0.20437591296576654     
                   14   6.7500000000000004E-002  0.20432731875525359     
                   15   7.2500000000000009E-002  0.20432246736219264     
                   16   7.7499999999999999E-002  0.20446967092509380     
                   17   8.2500000000000004E-002  0.20477951542330627     
                   18   8.7499999999999994E-002  0.20498402418185366     
                   19   9.2499999999999999E-002  0.20531908673002305     
                   20   9.7500000000000003E-002  0.20553130332226399     
                   21  0.10250000000000001       0.20563602334863465     
                   22  0.10750000000000000       0.20573863989167851     
                   23  0.11250000000000000       0.20553573674419179     
                   24  0.11749999999999999       0.20523842711961993     
                   25  0.12250000000000000       0.20475860515562977     
                   26  0.12750000000000000       0.20380086507412792     
                   27  0.13250000000000001       0.20258355973333339     
                   28  0.13750000000000001       0.20100618492783515     
                   29  0.14250000000000002       0.19884532147834022     
                   30  0.14749999999999999       0.19629276484476599     
                   31  0.15250000000000000       0.19283523337441877     
                   32  0.15750000000000000       0.18783758674721202     
                   33  0.16250000000000001       0.18005801088122414     
                   34  0.16750000000000001       0.16408336469393375     
                   35  0.17250000000000001       0.11237150179920784     
                   36  0.17749999999999999        5.5806097093736830E-002
                   37  0.18250000000000000        6.1534654497611124E-003
                   38  0.18750000000000000        1.6510819353100919E-004
                   39  0.19250000000000000        0.0000000000000000     
                   40  0.19750000000000001        0.0000000000000000     
                   41  0.20250000000000001        0.0000000000000000     
                   42  0.20750000000000002        0.0000000000000000     
                   43  0.21249999999999999        0.0000000000000000     
                   44  0.21750000000000000        0.0000000000000000     
                   45  0.22250000000000000        0.0000000000000000     
                   46  0.22750000000000001        0.0000000000000000     
                   47  0.23250000000000001        0.0000000000000000     
                   48  0.23749999999999999        0.0000000000000000     
                   49  0.24249999999999999        0.0000000000000000     
                   50  0.24750000000000000        0.0000000000000000     
                   51  0.25250000000000000        0.0000000000000000     
                   52  0.25750000000000001        0.0000000000000000     
                   53  0.26250000000000001        0.0000000000000000     
                   54  0.26750000000000002        0.0000000000000000     
                   55  0.27250000000000002        0.0000000000000000     
                   56  0.27750000000000002        0.0000000000000000     
                   57  0.28250000000000003        0.0000000000000000     
                   58  0.28749999999999998        0.0000000000000000     
                   59  0.29249999999999998        0.0000000000000000     
                   60  0.29749999999999999        0.0000000000000000     
