                    1   2.5000000000000001E-003  0.28077752867797651     
                    2   7.4999999999999997E-003  0.25661673389677597     
                    3   1.2500000000000001E-002  0.25291506337005898     
                    4   1.7500000000000002E-002  0.22908204918590502     
                    5   2.2499999999999999E-002  0.19482351900193429     
                    6   2.7500000000000000E-002  0.18316364427815357     
                    7   3.2500000000000001E-002  0.18523156483332687     
                    8   3.7500000000000006E-002  0.18706893464362223     
                    9   4.2499999999999996E-002  0.18869721755057137     
                   10   4.7500000000000001E-002  0.19013180009892397     
                   11   5.2500000000000005E-002  0.19138613665063423     
                   12   5.7499999999999996E-002  0.19247538509308842     
                   13   6.2500000000000000E-002  0.19341692847895020     
                   14   6.7500000000000004E-002  0.19422912230545422     
                   15   7.2500000000000009E-002  0.19492981128805903     
                   16   7.7499999999999999E-002  0.19553530914155245     
                   17   8.2500000000000004E-002  0.19605992709740333     
                   18   8.7499999999999994E-002  0.19651590099761912     
                   19   9.2499999999999999E-002  0.19691354006306497     
                   20   9.7500000000000003E-002  0.19726146730433913     
                   21  0.10250000000000001       0.19756687582031843     
                   22  0.10750000000000000       0.19783576513592094     
                   23  0.11250000000000000       0.19807314536073722     
                   24  0.11749999999999999       0.19828320863537541     
                   25  0.12250000000000000       0.19846947187617431     
                   26  0.12750000000000000       0.19863489575432361     
                   27  0.13250000000000001       0.19878198427893523     
                   28  0.13750000000000001       0.19891286839663194     
                   29  0.14250000000000002       0.19902937614892702     
                   30  0.14749999999999999       0.19913309128808770     
                   31  0.15250000000000000       0.19922540183735132     
                   32  0.15750000000000000       0.19930753983529917     
                   33  0.16250000000000001       0.19938061336421159     
                   34  0.16750000000000001       0.19944563187784917     
                   35  0.17250000000000001       0.19950352578108180     
                   36  0.17749999999999999       0.19955516115223879     
                   37  0.18250000000000000       0.19960135042983337     
                   38  0.18750000000000000       0.19964285980638544     
                   39  0.19250000000000000       0.19968041398555680     
                   40  0.19750000000000001       0.19971469886882640     
                   41  0.20250000000000001       0.19974636264910678     
                   42  0.20750000000000002       0.19977601570528719     
                   43  0.21249999999999999       0.19980422961704108     
                   44  0.21750000000000000       0.19983153555561273     
                   45  0.22250000000000000       0.19985842225474265     
                   46  0.22750000000000001       0.19988533372588080     
                   47  0.23250000000000001       0.19991266683271136     
                   48  0.23749999999999999       0.19994076888012338     
                   49  0.24249999999999999       0.19996993536724059     
                   50  0.24750000000000000       0.20000040782970951     
                   51  0.25250000000000000       0.20003237189927803     
                   52  0.25750000000000001       0.20006595577912911     
                   53  0.26250000000000001       0.20010122912204276     
                   54  0.26750000000000002       0.20013820235676660     
                   55  0.27250000000000002       0.20017682648502078     
                   56  0.27750000000000002       0.20021699334183302     
                   57  0.28250000000000003       0.20025853627570850     
                   58  0.28749999999999998       0.20030123116316234     
                   59  0.29249999999999998       0.20034479762554366     
                   60  0.29749999999999999       0.20038890026540029     
