                    1   2.5000000000000001E-003  0.28098244508062670     
                    2   7.4999999999999997E-003  0.25701940023562458     
                    3   1.2500000000000001E-002  0.25419242362294303     
                    4   1.7500000000000002E-002  0.25327365107846389     
                    5   2.2499999999999999E-002  0.25198550238936224     
                    6   2.7500000000000000E-002  0.25060837542337577     
                    7   3.2500000000000001E-002  0.24971571175696949     
                    8   3.7500000000000006E-002  0.24883184522995092     
                    9   4.2499999999999996E-002  0.24820453864105985     
                   10   4.7500000000000001E-002  0.24745396885111839     
                   11   5.2500000000000005E-002  0.24637966320602125     
                   12   5.7499999999999996E-002  0.24499698726504363     
                   13   6.2500000000000000E-002  0.23996469391731334     
                   14   6.7500000000000004E-002  0.21549136874273050     
                   15   7.2500000000000009E-002  0.18863664705634892     
                   16   7.7499999999999999E-002  0.17941524278270585     
                   17   8.2500000000000004E-002  0.17873993365507426     
                   18   8.7499999999999994E-002  0.17989327681995004     
                   19   9.2499999999999999E-002  0.18098927237723048     
                   20   9.7500000000000003E-002  0.18202319433288788     
                   21  0.10250000000000001       0.18299525667930328     
                   22  0.10750000000000000       0.18390837576121105     
                   23  0.11250000000000000       0.18476650818361268     
                   24  0.11749999999999999       0.18557369448279892     
                   25  0.12250000000000000       0.18633363200200986     
                   26  0.12750000000000000       0.18704955700342629     
                   27  0.13250000000000001       0.18772427159971447     
                   28  0.13750000000000001       0.18836021888675369     
                   29  0.14250000000000002       0.18895955981869866     
                   30  0.14749999999999999       0.18952423486639888     
                   31  0.15250000000000000       0.19005600793030505     
                   32  0.15750000000000000       0.19055649556418225     
                   33  0.16250000000000001       0.19102718577405919     
                   34  0.16750000000000001       0.19146945010036603     
                   35  0.17250000000000001       0.19188455167341256     
                   36  0.17749999999999999       0.19227365099456117     
                   37  0.18250000000000000       0.19263781049673284     
                   38  0.18750000000000000       0.19297799847490113     
                   39  0.19250000000000000       0.19329509269491474     
                   40  0.19750000000000001       0.19358988382848868     
                   41  0.20250000000000001       0.19386307877703882     
                   42  0.20750000000000002       0.19411530390533738     
                   43  0.21249999999999999       0.19434710818777010     
                   44  0.21750000000000000       0.19455896626363428     
                   45  0.22250000000000000       0.19475128139702635     
                   46  0.22750000000000001       0.19492438833813377     
                   47  0.23250000000000001       0.19507855608458122     
                   48  0.23749999999999999       0.19521399054318761     
                   49  0.24249999999999999       0.19533083709382640     
                   50  0.24750000000000000       0.19542918305799242     
                   51  0.25250000000000000       0.19550906007522539     
                   52  0.25750000000000001       0.19557044639082310     
                   53  0.26250000000000001       0.19561326905845125     
                   54  0.26750000000000002       0.19563740606148036     
                   55  0.27250000000000002       0.19564268835733484     
                   56  0.27750000000000002       0.19562890184990414     
                   57  0.28250000000000003       0.19559578929601956     
                   58  0.28749999999999998       0.19554305215262530     
                   59  0.29249999999999998       0.19547035237053237     
                   60  0.29749999999999999       0.19537731413724888     
