                    1   2.5000000000000001E-003  -11.407053638122111     
                    2   7.4999999999999997E-003  -12.713822256644860     
                    3   1.2500000000000001E-002  -12.881771058482464     
                    4   1.7500000000000002E-002  -12.937042581080803     
                    5   2.2499999999999999E-002  -13.015082217771845     
                    6   2.7500000000000000E-002  -13.099106808580055     
                    7   3.2500000000000001E-002  -13.153956847969820     
                    8   3.7500000000000006E-002  -13.208570907875366     
                    9   4.2499999999999996E-002  -13.247491586045349     
                   10   4.7500000000000001E-002  -13.294297024869525     
                   11   5.2500000000000005E-002  -13.361622602353027     
                   12   5.7499999999999996E-002  -13.448992476948355     
                   13   6.2500000000000000E-002  -13.774444886111093     
                   14   6.7500000000000004E-002  -15.557033083121496     
                   15   7.2500000000000009E-002  -17.871330261753080     
                   16   7.7499999999999999E-002  -18.805793381443713     
                   17   8.2500000000000004E-002  -18.878156786806819     
                   18   8.7499999999999994E-002  -18.754473429982657     
                   19   9.2499999999999999E-002  -18.638258347876771     
                   20   9.7500000000000003E-002  -18.529780994149341     
                   21  0.10250000000000001       -18.428799077064035     
                   22  0.10750000000000000       -18.334813044208509     
                   23  0.11250000000000000       -18.247245122222097     
                   24  0.11749999999999999       -18.165536823467459     
                   25  0.12250000000000000       -18.089188707947017     
                   26  0.12750000000000000       -18.017767981240322     
                   27  0.13250000000000001       -17.950901934478903     
                   28  0.13750000000000001       -17.888267331039472     
                   29  0.14250000000000002       -17.829580350912650     
                   30  0.14749999999999999       -17.774588616846806     
                   31  0.15250000000000000       -17.723065387777986     
                   32  0.15750000000000000       -17.674805490847113     
                   33  0.16250000000000001       -17.629622485786747     
                   34  0.16750000000000001       -17.587346642127166     
                   35  0.17250000000000001       -17.547823430601650     
                   36  0.17749999999999999       -17.510912334698837     
                   37  0.18250000000000000       -17.476485863943502     
                   38  0.18750000000000000       -17.444428699842824     
                   39  0.19250000000000000       -17.414636935394473     
                   40  0.19750000000000001       -17.387017386225555     
                   41  0.20250000000000001       -17.361486960807582     
                   42  0.20750000000000002       -17.337972082102112     
                   43  0.21249999999999999       -17.316408155480552     
                   44  0.21750000000000000       -17.296739079008795     
                   45  0.22250000000000000       -17.278916792833634     
                   46  0.22750000000000001       -17.262900864783262     
                   47  0.23250000000000001       -17.248658109558644     
                   48  0.23749999999999999       -17.236162239118308     
                   49  0.24249999999999999       -17.225393542075260     
                   50  0.24750000000000000       -17.216338590140921     
                   51  0.25250000000000000       -17.208989969866117     
                   52  0.25750000000000001       -17.203346038138474     
                   53  0.26250000000000001       -17.199410700088617     
                   54  0.26750000000000002       -17.197193208223265     
                   55  0.27250000000000002       -17.196707981728267     
                   56  0.27750000000000002       -17.197974444964462     
                   57  0.28250000000000003       -17.201016884226917     
                   58  0.28749999999999998       -17.205864321903249     
                   59  0.29249999999999998       -17.212550407345788     
                   60  0.29749999999999999       -17.221113324186547     
