                    1   2.5000000000000001E-003  -11.404913521401230     
                    2   7.4999999999999997E-003  -12.710568062617678     
                    3   1.2500000000000001E-002  -12.877094922747240     
                    4   1.7500000000000002E-002  -12.930597700666720     
                    5   2.2499999999999999E-002  -13.006288636930108     
                    6   2.7500000000000000E-002  -13.087120539455587     
                    7   3.2500000000000001E-002  -13.137526340304113     
                    8   3.7500000000000006E-002  -13.185683353583464     
                    9   4.2499999999999996E-002  -13.214691927097896     
                   10   4.7500000000000001E-002  -13.244824389948192     
                   11   5.2500000000000005E-002  -13.279772808793332     
                   12   5.7499999999999996E-002  -13.285609651774184     
                   13   6.2500000000000000E-002  -13.281584343487792     
                   14   6.7500000000000004E-002  -13.273257913383826     
                   15   7.2500000000000009E-002  -13.260740576302732     
                   16   7.7499999999999999E-002  -13.236473268518207     
                   17   8.2500000000000004E-002  -13.199596588124740     
                   18   8.7499999999999994E-002  -13.168116153904748     
                   19   9.2499999999999999E-002  -13.125731246377878     
                   20   9.7500000000000003E-002  -13.089138716786689     
                   21  0.10250000000000001       -13.056750161834838     
                   22  0.10750000000000000       -13.020735981125556     
                   23  0.11250000000000000       -13.000445026616754     
                   24  0.11749999999999999       -12.980452487175214     
                   25  0.12250000000000000       -12.964899380549646     
                   26  0.12750000000000000       -12.970927412605072     
                   27  0.13250000000000001       -12.980402001474921     
                   28  0.13750000000000001       -12.994583317525024     
                   29  0.14250000000000002       -13.019646804536620     
                   30  0.14749999999999999       -13.028132035246720     
                   31  0.15250000000000000       -13.027686168228229     
                   32  0.15750000000000000       -13.007788766249465     
                   33  0.16250000000000001       -12.940744024840402     
                   34  0.16750000000000001       -12.921264140017978     
                   35  0.17250000000000001       -14.382088367294795     
                   36  0.17749999999999999       -17.809659716671430     
                   37  0.18250000000000000       -20.557031746276841     
                   38  0.18750000000000000       -21.397754780955090     
                   39  0.19250000000000000       -21.497003490425769     
                   40  0.19750000000000001       -21.518414250352713     
                   41  0.20250000000000001       -21.540269155742713     
                   42  0.20750000000000002       -21.562572501043789     
                   43  0.21249999999999999       -21.585341437054325     
                   44  0.21750000000000000       -21.608603542068501     
                   45  0.22250000000000000       -21.632394468855431     
                   46  0.22750000000000001       -21.656755742021865     
                   47  0.23250000000000001       -21.681732761587448     
                   48  0.23749999999999999       -21.707373049708131     
                   49  0.24249999999999999       -21.733724759660802     
                   50  0.24750000000000000       -21.760835450396719     
                   51  0.25250000000000000       -21.788751116802430     
                   52  0.25750000000000001       -21.817515455577670     
                   53  0.26250000000000001       -21.847169339382912     
                   54  0.26750000000000002       -21.877750467446290     
                   55  0.27250000000000002       -21.909293158828376     
                   56  0.27750000000000002       -21.941828254622706     
                   57  0.28250000000000003       -21.975383097095360     
                   58  0.28749999999999998       -22.009981556731830     
                   59  0.29249999999999998       -22.045644082006728     
                   60  0.29749999999999999       -22.082387751127882     
