                    1   2.5000000000000001E-003  0.25906150195249111     
                    2   7.4999999999999997E-003  0.23502015219522426     
                    3   1.2500000000000001E-002  0.23210774003593185     
                    4   1.7500000000000002E-002  0.23109821886929202     
                    5   2.2499999999999999E-002  0.22971548117508533     
                    6   2.7500000000000000E-002  0.22824192585057096     
                    7   3.2500000000000001E-002  0.22725565871252754     
                    8   3.7500000000000006E-002  0.22628983609287912     
                    9   4.2499999999999996E-002  0.22561231562872208     
                   10   4.7500000000000001E-002  0.22489031196311843     
                   11   5.2500000000000005E-002  0.22405821618664509     
                   12   5.7499999999999996E-002  0.22365285426310588     
                   13   6.2500000000000000E-002  0.22335558317421836     
                   14   6.7500000000000004E-002  0.22306532322407563     
                   15   7.2500000000000009E-002  0.22276429522755070     
                   16   7.7499999999999999E-002  0.22255246001672629     
                   17   8.2500000000000004E-002  0.22241443961366278     
                   18   8.7499999999999994E-002  0.22201617796930678     
                   19   9.2499999999999999E-002  0.22155580383769349     
                   20   9.7500000000000003E-002  0.22065888287922938     
                   21  0.10250000000000001       0.21918059572165538     
                   22  0.10750000000000000       0.21694813624820297     
                   23  0.11250000000000000       0.21306529564974216     
                   24  0.11749999999999999       0.20652663884022157     
                   25  0.12250000000000000       0.19427105645657147     
                   26  0.12750000000000000       0.16790681454416734     
                   27  0.13250000000000001       0.12356492662361857     
                   28  0.13750000000000001        5.0748446120769702E-002
                   29  0.14250000000000002        8.1092630185166381E-003
                   30  0.14749999999999999        5.4858276865472737E-004
                   31  0.15250000000000000        0.0000000000000000     
                   32  0.15750000000000000        0.0000000000000000     
                   33  0.16250000000000001        0.0000000000000000     
                   34  0.16750000000000001        0.0000000000000000     
                   35  0.17250000000000001        0.0000000000000000     
                   36  0.17749999999999999        0.0000000000000000     
                   37  0.18250000000000000        0.0000000000000000     
                   38  0.18750000000000000        0.0000000000000000     
                   39  0.19250000000000000        0.0000000000000000     
                   40  0.19750000000000001        0.0000000000000000     
                   41  0.20250000000000001        0.0000000000000000     
                   42  0.20750000000000002        0.0000000000000000     
                   43  0.21249999999999999        0.0000000000000000     
                   44  0.21750000000000000        0.0000000000000000     
                   45  0.22250000000000000        0.0000000000000000     
                   46  0.22750000000000001        0.0000000000000000     
                   47  0.23250000000000001        0.0000000000000000     
                   48  0.23749999999999999        0.0000000000000000     
                   49  0.24249999999999999        0.0000000000000000     
                   50  0.24750000000000000        0.0000000000000000     
                   51  0.25250000000000000        0.0000000000000000     
                   52  0.25750000000000001        0.0000000000000000     
                   53  0.26250000000000001        0.0000000000000000     
                   54  0.26750000000000002        0.0000000000000000     
                   55  0.27250000000000002        0.0000000000000000     
                   56  0.27750000000000002        0.0000000000000000     
                   57  0.28250000000000003        0.0000000000000000     
                   58  0.28749999999999998        0.0000000000000000     
                   59  0.29249999999999998        0.0000000000000000     
                   60  0.29749999999999999        0.0000000000000000     
