                    1   0.0000000000000000       -10.245393213290150     
                    2   5.0000000000000001E-003  -12.590346059175667     
                    3   1.0000000000000000E-002  -12.884980535910829     
                    4   1.4999999999999999E-002  -13.032570885461450     
                    5   2.0000000000000000E-002  -16.068632391439596     
                    6   2.5000000000000001E-002  -18.524510662951339     
                    7   2.9999999999999999E-002  -18.298627565311300     
                    8   3.5000000000000003E-002  -18.101810714207808     
                    9   4.0000000000000001E-002  -17.930069643471331     
                   10   4.4999999999999998E-002  -17.780537839116700     
                   11   5.0000000000000003E-002  -17.651062282582654     
                   12   5.5000000000000000E-002  -17.539618458084579     
                   13   5.9999999999999998E-002  -17.444099292424482     
                   14   6.5000000000000002E-002  -17.362374218210881     
                   15   7.0000000000000007E-002  -17.292418180728291     
                   16   7.4999999999999997E-002  -17.232408148467101     
                   17   8.0000000000000002E-002  -17.180765587634916     
                   18   8.5000000000000006E-002  -17.136157343585413     
                   19   8.9999999999999997E-002  -17.097473419443361     
                   20   9.5000000000000001E-002  -17.063795843432718     
                   21  0.10000000000000001       -17.034366940319302     
                   22  0.10500000000000000       -17.008560853728131     
                   23  0.11000000000000000       -16.985859496319062     
                   24  0.11500000000000000       -16.965832791591218     
                   25  0.12000000000000000       -16.948122577545885     
                   26  0.12500000000000000       -16.932429465891278     
                   27  0.13000000000000000       -16.918502045169259     
                   28  0.13500000000000001       -16.906127953755863     
                   29  0.14000000000000001       -16.895126473114750     
                   30  0.14499999999999999       -16.885342385632779     
                   31  0.14999999999999999       -16.876640905268012     
                   32  0.15500000000000000       -16.868903529854652     
                   33  0.16000000000000000       -16.862024688867365     
                   34  0.16500000000000001       -16.855909076075029     
                   35  0.17000000000000001       -16.850469567303595     
                   36  0.17500000000000002       -16.845625632298958     
                   37  0.17999999999999999       -16.841302157974024     
                   38  0.18500000000000000       -16.837428608800842     
                   39  0.19000000000000000       -16.833938458883043     
                   40  0.19500000000000001       -16.830768839132521     
                   41  0.20000000000000001       -16.827860351666477     
                   42  0.20500000000000002       -16.825157011706562     
                   43  0.20999999999999999       -16.822606284619138     
                   44  0.21500000000000000       -16.820159192080702     
                   45  0.22000000000000000       -16.817770466574402     
                   46  0.22500000000000001       -16.815398737512226     
                   47  0.23000000000000001       -16.813006735383969     
                   48  0.23500000000000001       -16.810561505998788     
                   49  0.23999999999999999       -16.808034614185772     
                   50  0.24500000000000000       -16.805402330084437     
                   51  0.25000000000000000       -16.802645817185716     
                   52  0.25500000000000000       -16.799751279465916     
                   53  0.26000000000000001       -16.796710074489500     
                   54  0.26500000000000001       -16.793518787403897     
                   55  0.27000000000000002       -16.790179262583216     
                   56  0.27500000000000002       -16.786698592121258     
                   57  0.28000000000000003       -16.783089063404837     
                   58  0.28500000000000003       -16.779368071569479     
                   59  0.28999999999999998       -16.775558006660965     
                   60  0.29499999999999998       -16.771686129669856     
                   61  0.29999999999999999       -16.767784456293395     
