                    1   2.5000000000000001E-003  -2.5406797931379551E-018
                    2   7.4999999999999997E-003  -3.9826016437716510E-018
                    3   1.2500000000000001E-002  -5.5460222096307418E-018
                    4   1.7500000000000002E-002  -7.7775002168979935E-018
                    5   2.2499999999999999E-002  -1.1160046534027582E-017
                    6   2.7500000000000000E-002  -1.6463423049667556E-017
                    7   3.2500000000000001E-002  -2.4927257693433772E-017
                    8   3.7500000000000006E-002  -3.9006342483925422E-017
                    9   4.2499999999999996E-002  -6.3434158430074051E-017
                   10   4.7500000000000001E-002  -1.0795168284702308E-016
                   11   5.2500000000000005E-002  -1.9496533798215814E-016
                   12   5.7499999999999996E-002  -3.7699021174609963E-016
                   13   6.2500000000000000E-002  -7.9742986147044309E-016
                   14   6.7500000000000004E-002  -1.9032810819775948E-015
                   15   7.2500000000000009E-002  -5.3834970296076282E-015
                   16   7.7499999999999999E-002  -1.9660694375436969E-014
                   17   8.2500000000000004E-002  -1.1028447324123418E-013
                   18   8.7499999999999994E-002  -1.4137117603779904E-012
                   19   9.2499999999999999E-002  -8.9248297803584014E-011
                   20   9.7500000000000003E-002  -3.2924914025452406E-009
                   21  0.10250000000000001       -1.4551143635665233E-007
                   22  0.10750000000000000       -2.2297935037653126E-007
                   23  0.11250000000000000       -1.2061215456833941E-007
                   24  0.11749999999999999       -3.3216491694922419E-008
                   25  0.12250000000000000       -3.0637434731392156E-008
                   26  0.12750000000000000       -2.9308228713967757E-008
                   27  0.13250000000000001       -2.8524706696389042E-008
                   28  0.13750000000000001       -2.7947285156246226E-008
                   29  0.14250000000000002       -2.7419905129896506E-008
                   30  0.14749999999999999       -2.6876596996767488E-008
                   31  0.15250000000000000       -2.6294140301467184E-008
                   32  0.15750000000000000       -2.5668456210238873E-008
                   33  0.16250000000000001       -2.5003093916039973E-008
                   34  0.16750000000000001       -2.4303831242971576E-008
                   35  0.17250000000000001       -2.3576328211570487E-008
                   36  0.17749999999999999       -2.2825268083359338E-008
                   37  0.18250000000000000       -2.2054188475852112E-008
                   38  0.18750000000000000       -2.1265601497309364E-008
                   39  0.19250000000000000       -2.0461207096421837E-008
                   40  0.19750000000000001       -1.9642109800683711E-008
                   41  0.20250000000000001       -1.8809002914836066E-008
                   42  0.20750000000000002       -1.7962310668470784E-008
                   43  0.21249999999999999       -1.7102290777105732E-008
                   44  0.21750000000000000       -1.6229104411053793E-008
                   45  0.22250000000000000       -1.5342861430342579E-008
                   46  0.22750000000000001       -1.4443647968255204E-008
                   47  0.23250000000000001       -1.3531542089152337E-008
                   48  0.23749999999999999       -1.2606621832801315E-008
                   49  0.24249999999999999       -1.1668968717405372E-008
                   50  0.24750000000000000       -1.0718668782306665E-008
                   51  0.25250000000000000       -9.7558125052242656E-009
                   52  0.25750000000000001       -8.7804943874133405E-009
                   53  0.26250000000000001       -7.7928126056241620E-009
                   54  0.26750000000000002       -6.7928688110556117E-009
                   55  0.27250000000000002       -5.7807678178128003E-009
                   56  0.27750000000000002       -4.7566164219719703E-009
                   57  0.28250000000000003       -3.7205196750281078E-009
                   58  0.28749999999999998       -2.6725711354309079E-009
                   59  0.29249999999999998       -1.6128300530457805E-009
                   60  0.29749999999999999       -5.4127140774933865E-010
