                    1   2.5000000000000001E-003  0.27123239712466812     
                    2   7.4999999999999997E-003  0.21775798447354761     
                    3   1.2500000000000001E-002  0.21424324410112860     
                    4   1.7500000000000002E-002  0.21134927547128571     
                    5   2.2499999999999999E-002  0.21003953676861745     
                    6   2.7500000000000000E-002  0.20955309772269212     
                    7   3.2500000000000001E-002  0.20877238801562251     
                    8   3.7500000000000006E-002  0.20805819159987951     
                    9   4.2499999999999996E-002  0.20764467903076111     
                   10   4.7500000000000001E-002  0.20748276435007929     
                   11   5.2500000000000005E-002  0.20728376557303221     
                   12   5.7499999999999996E-002  0.20684041718965904     
                   13   6.2500000000000000E-002  0.20577815216651105     
                   14   6.7500000000000004E-002  0.20623160406097110     
                   15   7.2500000000000009E-002  0.20716650838013156     
                   16   7.7499999999999999E-002  0.20783474902564542     
                   17   8.2500000000000004E-002  0.20872647591937432     
                   18   8.7499999999999994E-002  0.20910750624651231     
                   19   9.2499999999999999E-002  0.21096631367518559     
                   20   9.7500000000000003E-002  0.21294577114646471     
                   21  0.10250000000000001       0.21379171364669006     
                   22  0.10750000000000000       0.21423138265563030     
                   23  0.11250000000000000       0.21487988657355478     
                   24  0.11749999999999999       0.21463039426033687     
                   25  0.12250000000000000       0.21123658146393892     
                   26  0.12750000000000000       0.20022817138266302     
                   27  0.13250000000000001       0.15400954861217200     
                   28  0.13750000000000001        8.4440328878658794E-002
                   29  0.14250000000000002        2.6187122712754741E-002
                   30  0.14749999999999999        3.6368153326756299E-003
                   31  0.15250000000000000        1.0979195609339500E-004
                   32  0.15750000000000000        0.0000000000000000     
                   33  0.16250000000000001        0.0000000000000000     
                   34  0.16750000000000001        0.0000000000000000     
                   35  0.17250000000000001        0.0000000000000000     
                   36  0.17749999999999999        0.0000000000000000     
                   37  0.18250000000000000        0.0000000000000000     
                   38  0.18750000000000000        0.0000000000000000     
                   39  0.19250000000000000        0.0000000000000000     
                   40  0.19750000000000001        0.0000000000000000     
                   41  0.20250000000000001        0.0000000000000000     
                   42  0.20750000000000002        0.0000000000000000     
                   43  0.21249999999999999        0.0000000000000000     
                   44  0.21750000000000000        0.0000000000000000     
                   45  0.22250000000000000        0.0000000000000000     
                   46  0.22750000000000001        0.0000000000000000     
                   47  0.23250000000000001        0.0000000000000000     
                   48  0.23749999999999999        0.0000000000000000     
                   49  0.24249999999999999        0.0000000000000000     
                   50  0.24750000000000000        0.0000000000000000     
                   51  0.25250000000000000        0.0000000000000000     
                   52  0.25750000000000001        0.0000000000000000     
                   53  0.26250000000000001        0.0000000000000000     
                   54  0.26750000000000002        0.0000000000000000     
                   55  0.27250000000000002        0.0000000000000000     
                   56  0.27750000000000002        0.0000000000000000     
                   57  0.28250000000000003        0.0000000000000000     
                   58  0.28749999999999998        0.0000000000000000     
                   59  0.29249999999999998        0.0000000000000000     
                   60  0.29749999999999999        0.0000000000000000     
