                    1   2.5000000000000001E-003   2.3976024489515611E-002
                    2   7.4999999999999997E-003   2.5649074123009683E-002
                    3   1.2500000000000001E-002   3.0066371965393773E-002
                    4   1.7500000000000002E-002   5.4038323849247935E-002
                    5   2.2499999999999999E-002  0.14520002620567762     
                    6   2.7500000000000000E-002  0.16663592739577496     
                    7   3.2500000000000001E-002  0.17467778198354442     
                    8   3.7500000000000006E-002  0.18059553068781214     
                    9   4.2499999999999996E-002  0.18494227906990032     
                   10   4.7500000000000001E-002  0.18824279343206324     
                   11   5.2500000000000005E-002  0.19077731300423842     
                   12   5.7499999999999996E-002  0.19273497806856232     
                   13   6.2500000000000000E-002  0.19425280104440110     
                   14   6.7500000000000004E-002  0.19543252259423383     
                   15   7.2500000000000009E-002  0.19635091027941351     
                   16   7.7499999999999999E-002  0.19706667990822224     
                   17   8.2500000000000004E-002  0.19762522139566543     
                   18   8.7499999999999994E-002  0.19806186341543933     
                   19   9.2499999999999999E-002  0.19840418246153260     
                   20   9.7500000000000003E-002  0.19867369110508010     
                   21  0.10250000000000001       0.19888711649745014     
                   22  0.10750000000000000       0.19905739804046774     
                   23  0.11250000000000000       0.19919448241290258     
                   24  0.11749999999999999       0.19930596440395137     
                   25  0.12250000000000000       0.19939760517231964     
                   26  0.12750000000000000       0.19947375018139249     
                   27  0.13250000000000001       0.19953766380155147     
                   28  0.13750000000000001       0.19959179446871567     
                   29  0.14250000000000002       0.19963798225946791     
                   30  0.14749999999999999       0.19967761921366900     
                   31  0.15250000000000000       0.19971177142254964     
                   32  0.15750000000000000       0.19974127068257580     
                   33  0.16250000000000001       0.19976678235645848     
                   34  0.16750000000000001       0.19978885498604798     
                   35  0.17250000000000001       0.19980795618536118     
                   36  0.17749999999999999       0.19982449842397787     
                   37  0.18250000000000000       0.19983885750402952     
                   38  0.18750000000000000       0.19985138584284201     
                   39  0.19250000000000000       0.19986242209584371     
                   40  0.19750000000000001       0.19987229818339525     
                   41  0.20250000000000001       0.19988134441048760     
                   42  0.20750000000000002       0.19988989304381061     
                   43  0.21249999999999999       0.19989828060675338     
                   44  0.21750000000000000       0.19990684888974528     
                   45  0.22250000000000000       0.19991594450909750     
                   46  0.22750000000000001       0.19992591695361561     
                   47  0.23250000000000001       0.19993711499425293     
                   48  0.23749999999999999       0.19994988135254277     
                   49  0.24249999999999999       0.19996454560451382     
                   50  0.24750000000000000       0.19998141540071313     
                   51  0.25250000000000000       0.20000076620889415     
                   52  0.25750000000000001       0.20002282992166004     
                   53  0.26250000000000001       0.20004778280133204     
                   54  0.26750000000000002       0.20007573334031542     
                   55  0.27250000000000002       0.20010671067775648     
                   56  0.27750000000000002       0.20014065421368957     
                   57  0.28250000000000003       0.20017740498490560     
                   58  0.28749999999999998       0.20021669920316948     
                   59  0.29249999999999998       0.20025816410511882     
                   60  0.29749999999999999       0.20030131593270206     
