                    1   2.5000000000000001E-003  0.31978847058431226     
                    2   7.4999999999999997E-003  0.26114820166646668     
                    3   1.2500000000000001E-002  0.25738990010102381     
                    4   1.7500000000000002E-002  0.25432354853083788     
                    5   2.2499999999999999E-002  0.25300760485409135     
                    6   2.7500000000000000E-002  0.25260714888623292     
                    7   3.2500000000000001E-002  0.25189627974025364     
                    8   3.7500000000000006E-002  0.25127307239597135     
                    9   4.2499999999999996E-002  0.25099661346830920     
                   10   4.7500000000000001E-002  0.25101498839677616     
                   11   5.2500000000000005E-002  0.25101342554661549     
                   12   5.7499999999999996E-002  0.25076675457805009     
                   13   6.2500000000000000E-002  0.24986689280291108     
                   14   6.7500000000000004E-002  0.25065720923908658     
                   15   7.2500000000000009E-002  0.25199535531582423     
                   16   7.7499999999999999E-002  0.25303950145021292     
                   17   8.2500000000000004E-002  0.25424685310117329     
                   18   8.7499999999999994E-002  0.25440092368891987     
                   19   9.2499999999999999E-002  0.25097135727035691     
                   20   9.7500000000000003E-002  0.22196594082364829     
                   21  0.10250000000000001       0.18337366259956436     
                   22  0.10750000000000000       0.16226826572502506     
                   23  0.11250000000000000       0.15574748394321353     
                   24  0.11749999999999999       0.15746226957211495     
                   25  0.12250000000000000       0.16113789290041064     
                   26  0.12750000000000000       0.16441230946235755     
                   27  0.13250000000000001       0.16729591039085281     
                   28  0.13750000000000001       0.16986446634079494     
                   29  0.14250000000000002       0.17216945380937487     
                   30  0.14749999999999999       0.17424874636600596     
                   31  0.15250000000000000       0.17613159339117571     
                   32  0.15750000000000000       0.17784137306642012     
                   33  0.16250000000000001       0.17939725489569253     
                   34  0.16750000000000001       0.18081525592957562     
                   35  0.17250000000000001       0.18210894210354781     
                   36  0.17749999999999999       0.18328991646404191     
                   37  0.18250000000000000       0.18436817564444616     
                   38  0.18750000000000000       0.18535238128563827     
                   39  0.19250000000000000       0.18625007342642630     
                   40  0.19750000000000001       0.18706784197774479     
                   41  0.20250000000000001       0.18781146642267080     
                   42  0.20750000000000002       0.18848603058823432     
                   43  0.21249999999999999       0.18909601744045670     
                   44  0.21750000000000000       0.18964538768147679     
                   45  0.22250000000000000       0.19013764513203113     
                   46  0.22750000000000001       0.19057589129578331     
                   47  0.23250000000000001       0.19096287104385690     
                   48  0.23749999999999999       0.19130101098937563     
                   49  0.24249999999999999       0.19159245182203338     
                   50  0.24750000000000000       0.19183907562857572     
                   51  0.25250000000000000       0.19204252902680838     
                   52  0.25750000000000001       0.19220424278031026     
                   53  0.26250000000000001       0.19232544843159691     
                   54  0.26750000000000002       0.19240719238724796     
                   55  0.27250000000000002       0.19245034780457845     
                   56  0.27750000000000002       0.19245562456154350     
                   57  0.28250000000000003       0.19242357753591943     
                   58  0.28749999999999998       0.19235461337287094     
                   59  0.29249999999999998       0.19224899587890409     
                   60  0.29749999999999999       0.19210685014373954     
