                    1     2.5000000000000001E-003    -4.1881932248709273     
                    2     7.4999999999999997E-003    -4.1881933148853125     
                    3     1.2500000000000001E-002    -4.1881934050069631     
                    4     1.7500000000000002E-002    -4.1881934952369360     
                    5     2.2499999999999999E-002    -4.1881935855743819     
                    6     2.7500000000000000E-002    -3.3483913501593356     
                    7     3.2500000000000001E-002    -3.3483913964225041     
                    8     3.7500000000000006E-002    -3.3483914427301382     
                    9     4.2499999999999996E-002    -3.3483914890815401     
                   10     4.7500000000000001E-002    -3.3483915354774600     
                   11     5.2500000000000005E-002    -8.3819006684612152     
                   12     5.7499999999999996E-002    -8.3819013986361668     
                   13     6.2500000000000000E-002    -8.3819021305571386     
                   14     6.7500000000000004E-002    -8.3819028642267828     
                   15     7.2500000000000009E-002    -8.3819035996491760     
                   16     7.7499999999999999E-002    -5.0280030037478873     
                   17     8.2500000000000004E-002    -5.0280031631038078     
                   18     8.7499999999999994E-002    -5.0280033226879510     
                   19     9.2499999999999999E-002    -5.0280034824998223     
                   20     9.7500000000000003E-002    -5.0280036425404413     
                   21    0.10250000000000001          0.0000000000000000     
                   22    0.10750000000000000          0.0000000000000000     
                   23    0.11250000000000000          0.0000000000000000     
                   24    0.11749999999999999          0.0000000000000000     
                   25    0.12250000000000000          0.0000000000000000     
                   26    0.12750000000000000          1.6795689891904455     
                   27    0.13250000000000001          1.6795689832191791     
                   28    0.13750000000000001          1.6795689772505220     
                   29    0.14250000000000002          1.6795689712852000     
                   30    0.14749999999999999          1.6795689653224661     
                   31    0.15250000000000000          3.3483923553693304     
                   32    0.15750000000000000          3.3483923081924334     
                   33    0.16250000000000001          3.3483922610599399     
                   34    0.16750000000000001          3.3483922139727715     
                   35    0.17250000000000001          3.3483921669299388     
                   36    0.17749999999999999         0.83978182539816748     
                   37    0.18250000000000000         0.83978182465689266     
                   38    0.18750000000000000         0.83978182391579947     
                   39    0.19250000000000000         0.83978182317488337     
                   40    0.19750000000000001         0.83978182243414423     
                   41    0.20250000000000001          6.7022508181655205     
                   42    0.20750000000000002          6.7022504424427130     
                   43    0.21249999999999999          6.7022500674362320     
                   44    0.21750000000000000          6.7022496931443776     
                   45    0.22250000000000000          6.7022493195667359     
                   46    0.22750000000000001          5.8624310182403567     
                   47    0.23250000000000001          5.8624307691249244     
                   48    0.23749999999999999          5.8624305204251916     
                   49    0.24249999999999999          5.8624302721414612     
                   50    0.24750000000000000          5.8624300242723146     
                   51    0.25250000000000000          5.8678132063354402     
                   52    0.25750000000000001          5.8678129586141283     
                   53    0.26250000000000001          5.8678127113079377     
                   54    0.26750000000000002          5.8678124644155929     
                   55    0.27250000000000002          5.8678122179372547     
                   56    0.27750000000000002          6.9122007980754763     
                   57    0.28250000000000003          6.9122003966478607     
                   58    0.28749999999999998          6.9121999960140323     
                   59    0.29249999999999998          6.9121995961715470     
                   60    0.29749999999999999          6.9121991971203318     
