                    1     2.5000000000000001E-003    0.20078210691460502     
                    2     7.4999999999999997E-003    0.14227098967898230     
                    3     1.2500000000000001E-002    0.14480093403512964     
                    4     1.7500000000000002E-002    0.14394876020563843     
                    5     2.2499999999999999E-002    0.14374427086954572     
                    6     2.7500000000000000E-002    0.14348938260818944     
                    7     3.2500000000000001E-002    0.14320836552954974     
                    8     3.7500000000000006E-002    0.14289941254296670     
                    9     4.2499999999999996E-002    0.14256328539772431     
                   10     4.7500000000000001E-002    0.14222885026367343     
                   11     5.2500000000000005E-002    0.14189595586353915     
                   12     5.7499999999999996E-002    0.14165039523940937     
                   13     6.2500000000000000E-002    0.14153118485611804     
                   14     6.7500000000000004E-002    0.14155835774597633     
                   15     7.2500000000000009E-002    0.14172624190562694     
                   16     7.7499999999999999E-002    0.14208169714971286     
                   17     8.2500000000000004E-002    0.14269968884957027     
                   18     8.7499999999999994E-002    0.14348561042322600     
                   19     9.2499999999999999E-002    0.14444470762188419     
                   20     9.7500000000000003E-002    0.14561476187313191     
                   21    0.10250000000000001         0.14684213771293844     
                   22    0.10750000000000000         0.14796058962803388     
                   23    0.11250000000000000         0.14883809907424891     
                   24    0.11749999999999999         0.14907547627517459     
                   25    0.12250000000000000         0.14776862356010592     
                   26    0.12750000000000000         0.14188647974892649     
                   27    0.13250000000000001         0.11690102089550708     
                   28    0.13750000000000001          5.8106949493286895E-002
                   29    0.14250000000000002          1.1386735238474935E-002
                   30    0.14749999999999999          4.2744401067358368E-004
                   31    0.15250000000000000          0.0000000000000000     
                   32    0.15750000000000000          0.0000000000000000     
                   33    0.16250000000000001          0.0000000000000000     
                   34    0.16750000000000001          0.0000000000000000     
                   35    0.17250000000000001          0.0000000000000000     
                   36    0.17749999999999999          0.0000000000000000     
                   37    0.18250000000000000          0.0000000000000000     
                   38    0.18750000000000000          0.0000000000000000     
                   39    0.19250000000000000          0.0000000000000000     
                   40    0.19750000000000001          0.0000000000000000     
                   41    0.20250000000000001          0.0000000000000000     
                   42    0.20750000000000002          0.0000000000000000     
                   43    0.21249999999999999          0.0000000000000000     
                   44    0.21750000000000000          0.0000000000000000     
                   45    0.22250000000000000          0.0000000000000000     
                   46    0.22750000000000001          0.0000000000000000     
                   47    0.23250000000000001          0.0000000000000000     
                   48    0.23749999999999999          0.0000000000000000     
                   49    0.24249999999999999          0.0000000000000000     
                   50    0.24750000000000000          0.0000000000000000     
                   51    0.25250000000000000          0.0000000000000000     
                   52    0.25750000000000001          0.0000000000000000     
                   53    0.26250000000000001          0.0000000000000000     
                   54    0.26750000000000002          0.0000000000000000     
                   55    0.27250000000000002          0.0000000000000000     
                   56    0.27750000000000002          0.0000000000000000     
                   57    0.28250000000000003          0.0000000000000000     
                   58    0.28749999999999998          0.0000000000000000     
                   59    0.29249999999999998          0.0000000000000000     
                   60    0.29749999999999999          0.0000000000000000     
