                    1     2.5000000000000001E-003    0.22254009179249062     
                    2     7.4999999999999997E-003    0.16408769496814077     
                    3     1.2500000000000001E-002    0.16671154777757427     
                    4     1.7500000000000002E-002    0.16596000622038048     
                    5     2.2499999999999999E-002    0.16586640174932166     
                    6     2.7500000000000000E-002    0.16573362113551943     
                    7     3.2500000000000001E-002    0.16558766167201749     
                    8     3.7500000000000006E-002    0.16542877801091044     
                    9     4.2499999999999996E-002    0.16526024514409496     
                   10     4.7500000000000001E-002    0.16511403546468226     
                   11     5.2500000000000005E-002    0.16499381525564888     
                   12     5.7499999999999996E-002    0.16499023642915783     
                   13     6.2500000000000000E-002    0.16514836687883389     
                   14     6.7500000000000004E-002    0.16549595124548899     
                   15     7.2500000000000009E-002    0.16603726955652043     
                   16     7.7499999999999999E-002    0.16683244595366187     
                   17     8.2500000000000004E-002    0.16797423530919561     
                   18     8.7499999999999994E-002    0.16939197200687470     
                   19     9.2499999999999999E-002    0.17112497837934881     
                   20     9.7500000000000003E-002    0.17326040065156392     
                   21    0.10250000000000001         0.17571757031512633     
                   22    0.10750000000000000         0.17844445762220124     
                   23    0.11250000000000000         0.18149753363834667     
                   24    0.11749999999999999         0.18480612904634677     
                   25    0.12250000000000000         0.18808779159241845     
                   26    0.12750000000000000         0.18958609630471707     
                   27    0.13250000000000001         0.17703712064578717     
                   28    0.13750000000000001         0.13537545179885876     
                   29    0.14250000000000002         0.10343004265167940     
                   30    0.14749999999999999          9.6191265178892080E-002
                   31    0.15250000000000000          9.7931475147625985E-002
                   32    0.15750000000000000         0.10035592915148941     
                   33    0.16250000000000001         0.10249299902622756     
                   34    0.16750000000000001         0.10439091458858962     
                   35    0.17250000000000001         0.10608678414625573     
                   36    0.17749999999999999         0.10760954290895569     
                   37    0.18250000000000000         0.10898199963621309     
                   38    0.18750000000000000         0.11022233787259074     
                   39    0.19250000000000000         0.11134523181828920     
                   40    0.19750000000000001         0.11236267351961496     
                   41    0.20250000000000001         0.11328458327095878     
                   42    0.20750000000000002         0.11411925971680165     
                   43    0.21249999999999999         0.11487371326231238     
                   44    0.21750000000000000         0.11555391534287318     
                   45    0.22250000000000000         0.11616498714233348     
                   46    0.22750000000000001         0.11671134451470781     
                   47    0.23250000000000001         0.11719681088669474     
                   48    0.23749999999999999         0.11762470640692763     
                   49    0.24249999999999999         0.11799791917695693     
                   50    0.24750000000000000         0.11831896272963885     
                   51    0.25250000000000000         0.11859002277303193     
                   52    0.25750000000000001         0.11881299542215983     
                   53    0.26250000000000001         0.11898951858112558     
                   54    0.26750000000000002         0.11912099773671352     
                   55    0.27250000000000002         0.11920862713075844     
                   56    0.27750000000000002         0.11925340705859895     
                   57    0.28250000000000003         0.11925615787255883     
                   58    0.28749999999999998         0.11921753113760097     
                   59    0.29249999999999998         0.11913801828070919     
                   60    0.29749999999999999         0.11901795698879516     
