                    1   2.5000000000000001E-003  -225.68294049971576     
                    2   7.4999999999999997E-003  -175.15217248824945     
                    3   1.2500000000000001E-002  -175.03833016041548     
                    4   1.7500000000000002E-002  -174.93573478114854     
                    5   2.2499999999999999E-002  -174.83777022167516     
                    6   2.7500000000000000E-002  -174.73999394526328     
                    7   3.2500000000000001E-002  -174.64234463931479     
                    8   3.7500000000000006E-002  -174.54411023867942     
                    9   4.2499999999999996E-002  -174.44509463930149     
                   10   4.7500000000000001E-002  -174.34449137128237     
                   11   5.2500000000000005E-002  -174.24247656656866     
                   12   5.7499999999999996E-002  -174.13842784239591     
                   13   6.2500000000000000E-002  -174.03210961892330     
                   14   6.7500000000000004E-002  -173.92347405132159     
                   15   7.2500000000000009E-002  -173.81219522829025     
                   16   7.7499999999999999E-002  -173.69782469772656     
                   17   8.2500000000000004E-002  -173.57996902628483     
                   18   8.7499999999999994E-002  -173.45820115886170     
                   19   9.2499999999999999E-002  -173.33182632319395     
                   20   9.7500000000000003E-002  -173.20001133117674     
                   21  0.10250000000000001       -173.06146859119934     
                   22  0.10750000000000000       -172.91460980981992     
                   23  0.11250000000000000       -172.75695117220451     
                   24  0.11749999999999999       -172.58460453889708     
                   25  0.12250000000000000       -172.39116998192046     
                   26  0.12750000000000000       -172.16498636833495     
                   27  0.13250000000000001       -171.88136915872610     
                   28  0.13750000000000001       -171.46613349392831     
                   29  0.14250000000000002       -169.78609361793980     
                   30  0.14749999999999999       -164.72556405316195     
                   31  0.15250000000000000       -162.78044878184394     
                   32  0.15750000000000000       -162.56944384456062     
                   33  0.16250000000000001       -162.36911567795536     
                   34  0.16750000000000001       -162.17721167501122     
                   35  0.17250000000000001       -161.99462924999813     
                   36  0.17749999999999999       -161.82179172627770     
                   37  0.18250000000000000       -161.65863766275021     
                   38  0.18750000000000000       -161.50486489823771     
                   39  0.19250000000000000       -161.36008082032123     
                   40  0.19750000000000001       -161.22387650089794     
                   41  0.20250000000000001       -161.09586063742660     
                   42  0.20750000000000002       -160.97567410834637     
                   43  0.21249999999999999       -160.86299531867238     
                   44  0.21750000000000000       -160.75754111534224     
                   45  0.22250000000000000       -160.65906553125484     
                   46  0.22750000000000001       -160.56735746378527     
                   47  0.23250000000000001       -160.48223786039523     
                   48  0.23749999999999999       -160.40355672806089     
                   49  0.24249999999999999       -160.33119015205887     
                   50  0.24750000000000000       -160.26503743636516     
                   51  0.25250000000000000       -160.20501843324121     
                   52  0.25750000000000001       -160.15107110045273     
                   53  0.26250000000000001       -160.10314930439739     
                   54  0.26750000000000002       -160.06122087181950     
                   55  0.27250000000000002       -160.02526587515356     
                   56  0.27750000000000002       -159.99527510049614     
                   57  0.28250000000000003       -159.97124854144280     
                   58  0.28749999999999998       -159.95319341888535     
                   59  0.29249999999999998       -159.94112008899845     
                   60  0.29749999999999999       -159.93503040030976     
