                    1   0.0000000000000000        617.86932531100342     
                    2   5.0000000000000001E-003   398.95445668881842     
                    3   1.0000000000000000E-002   1.8460142069649310     
                    4   1.4999999999999999E-002  -5.2368521900325362     
                    5   2.0000000000000000E-002  -7.5193629405001055     
                    6   2.5000000000000001E-002  -7.5059015640025439     
                    7   2.9999999999999999E-002  -8.2741753630029127     
                    8   3.5000000000000003E-002  -8.4271947933540154     
                    9   4.0000000000000001E-002  -10.442973010324236     
                   10   4.4999999999999998E-002  -25.202132219090064     
                   11   5.0000000000000003E-002  -27.447347771257846     
                   12   5.5000000000000000E-002  -25.584283440068159     
                   13   5.9999999999999998E-002  -24.265287057596179     
                   14   6.5000000000000002E-002  -23.292011485137213     
                   15   7.0000000000000007E-002  -22.543332117596766     
                   16   7.4999999999999997E-002  -21.947774555541137     
                   17   8.0000000000000002E-002  -21.461553770213975     
                   18   8.5000000000000006E-002  -21.056543293857796     
                   19   8.9999999999999997E-002  -20.713848778307128     
                   20   9.5000000000000001E-002  -20.420269583365361     
                   21  0.10000000000000001       -20.166267176709358     
                   22  0.10500000000000000       -19.944748469132076     
                   23  0.11000000000000000       -19.750308184656021     
                   24  0.11500000000000000       -19.578740229943609     
                   25  0.12000000000000000       -19.426712570162163     
                   26  0.12500000000000000       -19.291544830915960     
                   27  0.13000000000000000       -19.171052383024513     
                   28  0.13500000000000001       -19.063434612765484     
                   29  0.14000000000000001       -18.967193267675800     
                   30  0.14499999999999999       -18.881071719249864     
                   31  0.14999999999999999       -18.804009059580139     
                   32  0.15500000000000000       -18.735104906673648     
                   33  0.16000000000000000       -18.673592067088322     
                   34  0.16500000000000001       -18.618815050381137     
                   35  0.17000000000000001       -18.570213001988012     
                   36  0.17500000000000002       -18.527306014834192     
                   37  0.17999999999999999       -18.489684055228402     
                   38  0.18500000000000000       -18.456997933954046     
                   39  0.19000000000000000       -18.428951894099974     
                   40  0.19500000000000001       -18.405297489766482     
                   41  0.20000000000000001       -18.385828505584019     
                   42  0.20500000000000002       -18.370376723670830     
                   43  0.20999999999999999       -18.358808387547551     
                   44  0.21500000000000000       -18.351021245347791     
                   45  0.22000000000000000       -18.346942080060941     
                   46  0.22500000000000001       -18.346524654418911     
                   47  0.23000000000000001       -18.349748013777916     
                   48  0.23500000000000001       -18.356615102971642     
                   49  0.23999999999999999       -18.367151663387943     
                   50  0.24500000000000000       -18.381405385028657     
                   51  0.25000000000000000       -18.399445295501540     
                   52  0.25500000000000000       -18.421361374121190     
                   53  0.26000000000000001       -18.447264384853071     
                   54  0.26500000000000001       -18.477285926967173     
                   55  0.27000000000000002       -18.511578707193305     
                   56  0.27500000000000002       -18.550317042091262     
                   57  0.28000000000000003       -18.593697604466861     
                   58  0.28500000000000003       -18.641940433187692     
                   59  0.28999999999999998       -18.695290231906171     
                   60  0.29499999999999998       -18.754017989231066     
                   61  0.29999999999999999       -18.818422961068137     
