                    1   0.0000000000000000        1469.2034200851724     
                    2   5.0000000000000001E-003   1046.1915301506590     
                    3   1.0000000000000000E-002   2.0634932049084109     
                    4   1.4999999999999999E-002  -5.2223082835479131     
                    5   2.0000000000000000E-002  -7.5051782719606130     
                    6   2.5000000000000001E-002  -7.4864898108378819     
                    7   2.9999999999999999E-002  -8.2427090173998465     
                    8   3.5000000000000003E-002  -8.3588692824563093     
                    9   4.0000000000000001E-002  -8.7628810891442672     
                   10   4.4999999999999998E-002  -8.5326948018090203     
                   11   5.0000000000000003E-002  -8.7929876277516144     
                   12   5.5000000000000000E-002  -8.6404196291962858     
                   13   5.9999999999999998E-002  -8.5420339409102883     
                   14   6.5000000000000002E-002  -8.5746004918043592     
                   15   7.0000000000000007E-002  -8.5854096262691879     
                   16   7.4999999999999997E-002  -8.5533925529747510     
                   17   8.0000000000000002E-002  -8.5506671901830824     
                   18   8.5000000000000006E-002  -8.6470235677647658     
                   19   8.9999999999999997E-002  -8.7566586489920439     
                   20   9.5000000000000001E-002  -9.7728546314744698     
                   21  0.10000000000000001       -24.275729182032102     
                   22  0.10500000000000000       -35.146640217329207     
                   23  0.11000000000000000       -32.226379832329016     
                   24  0.11500000000000000       -30.390561600414326     
                   25  0.12000000000000000       -29.105607785198835     
                   26  0.12500000000000000       -28.144871862713416     
                   27  0.13000000000000000       -27.393927701900534     
                   28  0.13500000000000001       -26.788366952746735     
                   29  0.14000000000000001       -26.289050530999525     
                   30  0.14499999999999999       -25.870745650406789     
                   31  0.14999999999999999       -25.516373949620103     
                   32  0.15500000000000000       -25.213889922629601     
                   33  0.16000000000000000       -24.954494466026912     
                   34  0.16500000000000001       -24.731566869831767     
                   35  0.17000000000000001       -24.540001315775715     
                   36  0.17500000000000002       -24.375779870043271     
                   37  0.17999999999999999       -24.235688462408181     
                   38  0.18500000000000000       -24.117122078515390     
                   39  0.19000000000000000       -24.017947324696806     
                   40  0.19500000000000001       -23.936402984947676     
                   41  0.20000000000000001       -23.871026453305152     
                   42  0.20500000000000002       -23.820598263525369     
                   43  0.20999999999999999       -23.784099592201770     
                   44  0.21500000000000000       -23.760679274622433     
                   45  0.22000000000000000       -23.749627940267334     
                   46  0.22500000000000001       -23.750357576959093     
                   47  0.23000000000000001       -23.762385305671078     
                   48  0.23500000000000001       -23.785320474256171     
                   49  0.23999999999999999       -23.818854408654179     
                   50  0.24500000000000000       -23.862752326393700     
                   51  0.25000000000000000       -23.916847039941175     
                   52  0.25500000000000000       -23.981034170154427     
                   53  0.26000000000000001       -24.055268661861778     
                   54  0.26500000000000001       -24.139562450710713     
                   55  0.27000000000000002       -24.233983177423038     
                   56  0.27500000000000002       -24.338653885802955     
                   57  0.28000000000000003       -24.453753676839238     
                   58  0.28500000000000003       -24.579519324968771     
                   59  0.28999999999999998       -24.716247895162347     
                   60  0.29499999999999998       -24.864300430276206     
                   61  0.29999999999999999       -25.024106801366184     
