                    1   2.5000000000000001E-003  -174.51995772044555     
                    2   7.4999999999999997E-003  -174.46467140963003     
                    3   1.2500000000000001E-002  -174.39316996778356     
                    4   1.7500000000000002E-002  -174.30465788435183     
                    5   2.2499999999999999E-002  -174.19824955979567     
                    6   2.7500000000000000E-002  -174.07281349211956     
                    7   3.2500000000000001E-002  -173.92703839852257     
                    8   3.7500000000000006E-002  -173.75914274006186     
                    9   4.2499999999999996E-002  -173.56667807382999     
                   10   4.7500000000000001E-002  -173.34629207640111     
                   11   5.2500000000000005E-002  -173.09328397647673     
                   12   5.7499999999999996E-002  -172.80082733649402     
                   13   6.2500000000000000E-002  -172.45870905118809     
                   14   6.7500000000000004E-002  -172.05098135429128     
                   15   7.2500000000000009E-002  -171.55102591863360     
                   16   7.7499999999999999E-002  -170.90952152526228     
                   17   8.2500000000000004E-002  -170.02352166236346     
                   18   8.7499999999999994E-002  -168.63082101512674     
                   19   9.2499999999999999E-002  -165.84241996333802     
                   20   9.7500000000000003E-002  -131.83571021550813     
                   21  0.10250000000000001       -85.574475363557255     
                   22  0.10750000000000000       -83.256850828868707     
                   23  0.11250000000000000       -83.528225015115069     
                   24  0.11749999999999999       -83.439794716400925     
                   25  0.12250000000000000       -83.320081410997886     
                   26  0.12750000000000000       -83.184578146670191     
                   27  0.13250000000000001       -83.039975605848753     
                   28  0.13750000000000001       -82.890092231366225     
                   29  0.14250000000000002       -82.737376215763007     
                   30  0.14749999999999999       -82.583542921423700     
                   31  0.15250000000000000       -82.429884791022033     
                   32  0.15750000000000000       -82.277428223886162     
                   33  0.16250000000000001       -82.127015407503094     
                   34  0.16750000000000001       -81.979349043541276     
                   35  0.17250000000000001       -81.835018928311399     
                   36  0.17749999999999999       -81.694519793579190     
                   37  0.18250000000000000       -81.558264900417100     
                   38  0.18750000000000000       -81.426597395168955     
                   39  0.19250000000000000       -81.299800244949935     
                   40  0.19750000000000001       -81.178105048777923     
                   41  0.20250000000000001       -81.061699827228551     
                   42  0.20750000000000002       -80.950735845962186     
                   43  0.21249999999999999       -80.845333534577421     
                   44  0.21750000000000000       -80.745587579964891     
                   45  0.22250000000000000       -80.651571286126156     
                   46  0.22750000000000001       -80.563340296400327     
                   47  0.23250000000000001       -80.480935770190442     
                   48  0.23749999999999999       -80.404387097347211     
                   49  0.24249999999999999       -80.333714221923501     
                   50  0.24750000000000000       -80.268929635130576     
                   51  0.25250000000000000       -80.210040086217816     
                   52  0.25750000000000001       -80.157048050376318     
                   53  0.26250000000000001       -80.109952984835004     
                   54  0.26750000000000002       -80.068752398071211     
                   55  0.27250000000000002       -80.033442752268655     
                   56  0.27750000000000002       -80.004020215718924     
                   57  0.28250000000000003       -79.980481279677335     
                   58  0.28749999999999998       -79.962823253234816     
                   59  0.29249999999999998       -79.951044650241172     
                   60  0.29749999999999999       -79.945145484072000     
