                    1     2.5000000000000001E-003    -295.17350198509592     
                    2     7.4999999999999997E-003    -294.69029279148253     
                    3     1.2500000000000001E-002    -294.04759804187688     
                    4     1.7500000000000002E-002    -293.22111956447986     
                    5     2.2499999999999999E-002    -292.17324584027165     
                    6     2.7500000000000000E-002    -290.83834578222655     
                    7     3.2500000000000001E-002    -289.09013397248452     
                    8     3.7500000000000006E-002    -286.64547240478703     
                    9     4.2499999999999996E-002    -282.68981709949605     
                   10     4.7500000000000001E-002    -273.20016045446681     
                   11     5.2500000000000005E-002    -169.58106047739616     
                   12     5.7499999999999996E-002    -85.483814529304283     
                   13     6.2500000000000000E-002    -89.987399431828152     
                   14     6.7500000000000004E-002    -89.057224403156681     
                   15     7.2500000000000009E-002    -88.075338039500025     
                   16     7.7499999999999999E-002    -87.057642214213104     
                   17     8.2500000000000004E-002    -86.016543007506357     
                   18     8.7499999999999994E-002    -84.959809971178288     
                   19     9.2499999999999999E-002    -83.891266034015416     
                   20     9.7500000000000003E-002    -82.812056192663135     
                   21    0.10250000000000001         -81.721933993391886     
                   22    0.10750000000000000         -80.620255498907298     
                   23    0.11250000000000000         -79.506597015508135     
                   24    0.11749999999999999         -78.381052329297674     
                   25    0.12250000000000000         -77.244313720953087     
                   26    0.12750000000000000         -76.097633892257804     
                   27    0.13250000000000001         -74.942737628588290     
                   28    0.13750000000000001         -73.781723207862328     
                   29    0.14250000000000002         -72.616972416025448     
                   30    0.14749999999999999         -71.451075385972757     
                   31    0.15250000000000000         -70.286770248663061     
                   32    0.15750000000000000         -69.126895253294833     
                   33    0.16250000000000001         -67.974350639987620     
                   34    0.16750000000000001         -66.832067944850749     
                   35    0.17250000000000001         -65.702984980332928     
                   36    0.17749999999999999         -64.590025220412286     
                   37    0.18250000000000000         -63.496080672040947     
                   38    0.18750000000000000         -62.423997548148506     
                   39    0.19250000000000000         -61.376564209613889     
                   40    0.19750000000000001         -60.356500946281429     
                   41    0.20250000000000001         -59.366451242487891     
                   42    0.20750000000000002         -58.408974233530756     
                   43    0.21249999999999999         -57.486538112239927     
                   44    0.21750000000000000         -56.601514291617129     
                   45    0.22250000000000000         -55.756172170865774     
                   46    0.22750000000000001         -54.952674387687217     
                   47    0.23250000000000001         -54.193072469143317     
                   48    0.23749999999999999         -53.479302816579946     
                   49    0.24249999999999999         -52.813182977324104     
                   50    0.24750000000000000         -52.196408167569693     
                   51    0.25250000000000000         -51.630548018121672     
                   52    0.25750000000000001         -51.117043518210316     
                   53    0.26250000000000001         -50.657204133893337     
                   54    0.26750000000000002         -50.252205077654622     
                   55    0.27250000000000002         -49.903084705870306     
                   56    0.27750000000000002         -49.610742022009546     
                   57    0.28250000000000003         -49.375934266513596     
                   58    0.28749999999999998         -49.199274579896738     
                   59    0.29249999999999998         -49.081229734131441     
                   60    0.29749999999999999         -49.022117938733899     
