                    1     2.5000000000000001E-003    -5.1369467042614261     
                    2     7.4999999999999997E-003    -3.6340080055894890     
                    3     1.2500000000000001E-002    -2.0778171879886349     
                    4     1.7500000000000002E-002   -0.76577424788732307     
                    5     2.2499999999999999E-002    0.11629507536537213     
                    6     2.7500000000000000E-002    0.79836415959700335     
                    7     3.2500000000000001E-002     1.4568258709380888     
                    8     3.7500000000000006E-002     2.0901747916813056     
                    9     4.2499999999999996E-002     2.6985427555743189     
                   10     4.7500000000000001E-002     3.2811954152755858     
                   11     5.2500000000000005E-002     3.8371945222419024     
                   12     5.7499999999999996E-002     4.3656538973860783     
                   13     6.2500000000000000E-002     4.8658590834474120     
                   14     6.7500000000000004E-002     5.3373226655124117     
                   15     7.2500000000000009E-002     5.7798045493989800     
                   16     7.7499999999999999E-002     6.1933127767322791     
                   17     8.2500000000000004E-002     6.5780933458452644     
                   18     8.7499999999999994E-002     6.9346135286057606     
                   19     9.2499999999999999E-002     7.2635411248221313     
                   20     9.7500000000000003E-002     7.5657211364494046     
                   21    0.10250000000000001          7.8421509174243447     
                   22    0.10750000000000000          8.0939546505359559     
                   23    0.11250000000000000          8.3223578729803194     
                   24    0.11749999999999999          8.5286626604394549     
                   25    0.12250000000000000          8.7142239708066818     
                   26    0.12750000000000000          8.8804275433727859     
                   27    0.13250000000000001          9.0286696508113700     
                   28    0.13750000000000001          9.1603389120683154     
                   29    0.14250000000000002          9.2768002950820900     
                   30    0.14749999999999999          9.3793813689132204     
                   31    0.15250000000000000          9.4693608047296181     
                   32    0.15750000000000000          9.5479590735852113     
                   33    0.16250000000000001          9.6163312456188947     
                   34    0.16750000000000001          9.6755617599212371     
                   35    0.17250000000000001          9.7266610066652639     
                   36    0.17749999999999999          9.7705635429410531     
                   37    0.18250000000000000          9.8081277507306925     
                   38    0.18750000000000000          9.8401367391253558     
                   39    0.19250000000000000          9.8673002925861901     
                   40    0.19750000000000001          9.8902576720244824     
                   41    0.20250000000000001          9.9095810848730999     
                   42    0.20750000000000002          9.9257796532433602     
                   43    0.21249999999999999          9.9393037248088500     
                   44    0.21750000000000000          9.9505493883673122     
                   45    0.22250000000000000          9.9598630743083749     
                   46    0.22750000000000001          9.9675461387557327     
                   47    0.23250000000000001          9.9738593483615894     
                   48    0.23749999999999999          9.9790272001271774     
                   49    0.24249999999999999          9.9832420268393243     
                   50    0.24750000000000000          9.9866678534922499     
                   51    0.25250000000000000          9.9894439832500517     
                   52    0.25750000000000001          9.9916883030307666     
                   53    0.26250000000000001          9.9935003086644496     
                   54    0.26750000000000002          9.9949638578627287     
                   55    0.27250000000000002          9.9961496660476712     
                   56    0.27750000000000002          9.9971175655675406     
                   57    0.28250000000000003          9.9979185531383123     
                   58    0.28749999999999998          9.9985966536614299     
                   59    0.29249999999999998          9.9991906310471865     
                   60    0.29749999999999999          9.9997355784763844     
