                    1   2.5000000000000001E-003   3.5152966518433554E-002
                    2   7.4999999999999997E-003   3.5558689968354457E-002
                    3   1.2500000000000001E-002   3.6013197427777567E-002
                    4   1.7500000000000002E-002   3.6507312658896000E-002
                    5   2.2499999999999999E-002   3.7048765866330803E-002
                    6   2.7500000000000000E-002   3.7643859876182510E-002
                    7   3.2500000000000001E-002   3.8303453205136492E-002
                    8   3.7500000000000006E-002   3.9042057412137399E-002
                    9   4.2499999999999996E-002   3.9877322918034655E-002
                   10   4.7500000000000001E-002   4.0832732660050171E-002
                   11   5.2500000000000005E-002   4.1940401741091649E-002
                   12   5.7499999999999996E-002   4.3244271254646485E-002
                   13   6.2500000000000000E-002   4.4807822981961641E-002
                   14   6.7500000000000004E-002   4.6726334885571048E-002
                   15   7.2500000000000009E-002   4.9156758060846434E-002
                   16   7.7499999999999999E-002   5.2388523755187426E-002
                   17   8.2500000000000004E-002   5.7008629440391492E-002
                   18   8.7499999999999994E-002   6.4477051763299806E-002
                   19   9.2499999999999999E-002   8.0834078246790994E-002
                   20   9.7500000000000003E-002  0.12639149306063202     
                   21  0.10250000000000001       0.16767271470145489     
                   22  0.10750000000000000       0.17308066495917684     
                   23  0.11250000000000000       0.17684089055341518     
                   24  0.11749999999999999       0.18018973505028907     
                   25  0.12250000000000000       0.18292909956560810     
                   26  0.12750000000000000       0.18522910843935481     
                   27  0.13250000000000001       0.18718571567088371     
                   28  0.13750000000000001       0.18886313809201472     
                   29  0.14250000000000002       0.19030842282909805     
                   30  0.14749999999999999       0.19155784014033045     
                   31  0.15250000000000000       0.19264023475943126     
                   32  0.15750000000000000       0.19357902673688099     
                   33  0.16250000000000001       0.19439351802179422     
                   34  0.16750000000000001       0.19509980025539370     
                   35  0.17250000000000001       0.19571141346464138     
                   36  0.17749999999999999       0.19623983862266114     
                   37  0.18250000000000000       0.19669487376338854     
                   38  0.18750000000000000       0.19708492558984861     
                   39  0.19250000000000000       0.19741723836163075     
                   40  0.19750000000000001       0.19769807556993979     
                   41  0.20250000000000001       0.19793286573595112     
                   42  0.20750000000000002       0.19812632073905170     
                   43  0.21249999999999999       0.19828253295580828     
                   44  0.21750000000000000       0.19840505592150293     
                   45  0.22250000000000000       0.19849697205934003     
                   46  0.22750000000000001       0.19856095015200034     
                   47  0.23250000000000001       0.19859929457949613     
                   48  0.23749999999999999       0.19861398785977266     
                   49  0.24249999999999999       0.19860672766234355     
                   50  0.24750000000000000       0.19857895918945279     
                   51  0.25250000000000000       0.19853190361079409     
                   52  0.25750000000000001       0.19846658307940301     
                   53  0.26250000000000001       0.19838384273467558     
                   54  0.26750000000000002       0.19828437000302429     
                   55  0.27250000000000002       0.19816871142881781     
                   56  0.27750000000000002       0.19803728720095842     
                   57  0.28250000000000003       0.19789040347880105     
                   58  0.28749999999999998       0.19772826256390313     
                   59  0.29249999999999998       0.19755097091706647     
                   60  0.29749999999999999       0.19735854500103750     
