                    1   2.5000000000000001E-003  -4.4813006588482782     
                    2   7.4999999999999997E-003  -5.2090915026858493     
                    3   1.2500000000000001E-002  -5.0812693924558765     
                    4   1.7500000000000002E-002  -5.0861444416940955     
                    5   2.2499999999999999E-002  -5.0252783928050224     
                    6   2.7500000000000000E-002  -4.9619880413128721     
                    7   3.2500000000000001E-002  -4.9390853738793243     
                    8   3.7500000000000006E-002  -4.9259517664554409     
                    9   4.2499999999999996E-002  -4.9104383943145180     
                   10   4.7500000000000001E-002  -4.8990719743058726     
                   11   5.2500000000000005E-002  -4.8807876361030686     
                   12   5.7499999999999996E-002  -4.8398511231892556     
                   13   6.2500000000000000E-002  -4.7797382151497896     
                   14   6.7500000000000004E-002  -4.6788026836429664     
                   15   7.2500000000000009E-002  -4.5773908181342353     
                   16   7.7499999999999999E-002  -4.4978629156283070     
                   17   8.2500000000000004E-002  -4.4078614640390201     
                   18   8.7499999999999994E-002  -4.3242308539565677     
                   19   9.2499999999999999E-002  -4.5057170549009102     
                   20   9.7500000000000003E-002  -6.5356167962109195     
                   21  0.10250000000000001       -9.0064368114451536     
                   22  0.10750000000000000       -9.4248181386046070     
                   23  0.11250000000000000       -8.9612835187517526     
                   24  0.11749999999999999       -8.5722703537023381     
                   25  0.12250000000000000       -8.2717490380654226     
                   26  0.12750000000000000       -8.0308582838232923     
                   27  0.13250000000000001       -7.8336790238515182     
                   28  0.13750000000000001       -7.6700340799233135     
                   29  0.14250000000000002       -7.5328722473456189     
                   30  0.14749999999999999       -7.4170623135244726     
                   31  0.15250000000000000       -7.3187444638833918     
                   32  0.15750000000000000       -7.2349437006459816     
                   33  0.16250000000000001       -7.1633229609545621     
                   34  0.16750000000000001       -7.1020175686589564     
                   35  0.17250000000000001       -7.0495201409532573     
                   36  0.17749999999999999       -7.0045983478358949     
                   37  0.18250000000000000       -6.9662348829100633     
                   38  0.18750000000000000       -6.9335828890878712     
                   39  0.19250000000000000       -6.9059323741226279     
                   40  0.19750000000000001       -6.8826845720619900     
                   41  0.20250000000000001       -6.8633321271476415     
                   42  0.20750000000000002       -6.8474435934969744     
                   43  0.21249999999999999       -6.8346511677409962     
                   44  0.21750000000000000       -6.8246408683121036     
                   45  0.22250000000000000       -6.8171445852956314     
                   46  0.22750000000000001       -6.8119335753891068     
                   47  0.23250000000000001       -6.8088130854514350     
                   48  0.23749999999999999       -6.8076178675911727     
                   49  0.24249999999999999       -6.8082084071853419     
                   50  0.24750000000000000       -6.8104677285351745     
                   51  0.25250000000000000       -6.8142986752134167     
                   52  0.25750000000000001       -6.8196215865167593     
                   53  0.26250000000000001       -6.8263723099798224     
                   54  0.26750000000000002       -6.8345005042632359     
                   55  0.27250000000000002       -6.8439681981552702     
                   56  0.27750000000000002       -6.8547485809043902     
                   57  0.28250000000000003       -6.8668250073416619     
                   58  0.28749999999999998       -6.8801902085991298     
                   59  0.29249999999999998       -6.8948457054014369     
                   60  0.29749999999999999       -6.9108014245722309     
