                    1     2.5000000000000001E-003    0.23765557444316648     
                    2     7.4999999999999997E-003    0.22223835309446877     
                    3     1.2500000000000001E-002    0.22499564006262349     
                    4     1.7500000000000002E-002    0.22581304138622937     
                    5     2.2499999999999999E-002    0.22647857178424019     
                    6     2.7500000000000000E-002    0.22684696586048134     
                    7     3.2500000000000001E-002    0.22699712759998675     
                    8     3.7500000000000006E-002    0.22706969023928764     
                    9     4.2499999999999996E-002    0.22711365962860997     
                   10     4.7500000000000001E-002    0.22721979061928765     
                   11     5.2500000000000005E-002    0.22745555210783858     
                   12     5.7499999999999996E-002    0.22787913773547480     
                   13     6.2500000000000000E-002    0.22840900450713342     
                   14     6.7500000000000004E-002    0.22781342212032557     
                   15     7.2500000000000009E-002    0.20903934239315386     
                   16     7.7499999999999999E-002    0.18443558475070559     
                   17     8.2500000000000004E-002    0.17700688679157714     
                   18     8.7499999999999994E-002    0.18039989505970433     
                   19     9.2499999999999999E-002    0.18444460582068878     
                   20     9.7500000000000003E-002    0.18749913480787678     
                   21    0.10250000000000001         0.18989950326835384     
                   22    0.10750000000000000         0.19181451128995744     
                   23    0.11250000000000000         0.19335442359021912     
                   24    0.11749999999999999         0.19459942730811960     
                   25    0.12250000000000000         0.19560969089967212     
                   26    0.12750000000000000         0.19643118735234635     
                   27    0.13250000000000001         0.19709968946883541     
                   28    0.13750000000000001         0.19764351936955799     
                   29    0.14250000000000002         0.19808542276237612     
                   30    0.14749999999999999         0.19844385941102183     
                   31    0.15250000000000000         0.19873391530369788     
                   32    0.15750000000000000         0.19896796897172092     
                   33    0.16250000000000001         0.19915619391889608     
                   34    0.16750000000000001         0.19930694786275902     
                   35    0.17250000000000001         0.19942708097399264     
                   36    0.17749999999999999         0.19952218429953078     
                   37    0.18250000000000000         0.19959679280197812     
                   38    0.18750000000000000         0.19965455312939354     
                   39    0.19250000000000000         0.19969836337581018     
                   40    0.19750000000000001         0.19973049017130554     
                   41    0.20250000000000001         0.19975266713567738     
                   42    0.20750000000000002         0.19976617783940098     
                   43    0.21249999999999999         0.19977192580223341     
                   44    0.21750000000000000         0.19977049362855187     
                   45    0.22250000000000000         0.19976219306382034     
                   46    0.22750000000000001         0.19974710751435204     
                   47    0.23250000000000001         0.19972512837399503     
                   48    0.23749999999999999         0.19969598632851610     
                   49    0.24249999999999999         0.19965927865075067     
                   50    0.24750000000000000         0.19961449335140288     
                   51    0.25250000000000000         0.19956103090925673     
                   52    0.25750000000000001         0.19949822416989144     
                   53    0.26250000000000001         0.19942535687409663     
                   54    0.26750000000000002         0.19934168115665729     
                   55    0.27250000000000002         0.19924643424350411     
                   56    0.27750000000000002         0.19913885447068641     
                   57    0.28250000000000003         0.19901819665293310     
                   58    0.28749999999999998         0.19888374674520884     
                   59    0.29249999999999998         0.19873483567406730     
                   60    0.29749999999999999         0.19857085217800285     
