                    1   2.5000000000000001E-003  -64.581138736484647     
                    2   7.4999999999999997E-003  -53.995607119928735     
                    3   1.2500000000000001E-002  -42.756398354537382     
                    4   1.7500000000000002E-002  -31.752280732003868     
                    5   2.2499999999999999E-002  -21.907400946414295     
                    6   2.7500000000000000E-002  -13.755072142951956     
                    7   3.2500000000000001E-002  -18.991941681328779     
                    8   3.7500000000000006E-002  -5.0454504387102572     
                    9   4.2499999999999996E-002  -1.5637144768831215     
                   10   4.7500000000000001E-002  -1.1820174735482869     
                   11   5.2500000000000005E-002  -1.1769740450640402     
                   12   5.7499999999999996E-002  -1.1711783383103180     
                   13   6.2500000000000000E-002  -1.1648913684053683     
                   14   6.7500000000000004E-002  -1.1583498016134222     
                   15   7.2500000000000009E-002  -1.1517533504425286     
                   16   7.7499999999999999E-002  -1.1452590227708439     
                   17   8.2500000000000004E-002  -1.1389810851618933     
                   18   8.7499999999999994E-002  -1.1329950355266021     
                   19   9.2499999999999999E-002  -1.1273438751261700     
                   20   9.7500000000000003E-002  -1.1220452701524688     
                   21  0.10250000000000001       -1.1170985933369026     
                   22  0.10750000000000000       -1.1124912143515737     
                   23  0.11250000000000000       -1.1082037122442627     
                   24  0.11749999999999999       -1.1042139043276220     
                   25  0.12250000000000000       -1.1004997336889011     
                   26  0.12750000000000000       -1.0970411470946007     
                   27  0.13250000000000001       -1.0938211410413952     
                   28  0.13750000000000001       -1.0908261680492144     
                   29  0.14250000000000002       -1.0880460876667233     
                   30  0.14749999999999999       -1.0854738249514742     
                   31  0.15250000000000000       -1.0831048698712697     
                   32  0.15750000000000000       -1.0809367193089903     
                   33  0.16250000000000001       -1.0789683329628810     
                   34  0.16750000000000001       -1.0771996479150583     
                   35  0.17250000000000001       -1.0756311752832888     
                   36  0.17749999999999999       -1.0742636864851374     
                   37  0.18250000000000000       -1.0730979858442820     
                   38  0.18750000000000000       -1.0721347597616997     
                   39  0.19250000000000000       -1.0713744894980692     
                   40  0.19750000000000001       -1.0708174138157598     
                   41  0.20250000000000001       -1.0704635284738790     
                   42  0.20750000000000002       -1.0703126111897234     
                   43  0.21249999999999999       -1.0703642626818985     
                   44  0.21750000000000000       -1.0706179564603355     
                   45  0.22250000000000000       -1.0710730919220133     
                   46  0.22750000000000001       -1.0717290469415555     
                   47  0.23250000000000001       -1.0725852274741676     
                   48  0.23749999999999999       -1.0736411127192524     
                   49  0.24249999999999999       -1.0748962951560952     
                   50  0.24750000000000000       -1.0763505152994801     
                   51  0.25250000000000000       -1.0780036913773356     
                   52  0.25750000000000001       -1.0798559443465767     
                   53  0.26250000000000001       -1.0819076187744463     
                   54  0.26750000000000002       -1.0841593001520582     
                   55  0.27250000000000002       -1.0866118291995965     
                   56  0.27750000000000002       -1.0892663136883183     
                   57  0.28250000000000003       -1.0921241382578024     
                   58  0.28749999999999998       -1.0951869726583614     
                   59  0.29249999999999998       -1.0984567788053212     
                   60  0.29749999999999999       -1.1019358169981888     
