                    1   0.0000000000000000       -8.8618368520813018     
                    2   5.0000000000000001E-003  -8.5992696748381938     
                    3   1.0000000000000000E-002  -8.2472778455425910     
                    4   1.4999999999999999E-002  -7.8845015474928548     
                    5   2.0000000000000000E-002  -7.5178714610301416     
                    6   2.5000000000000001E-002  -7.1536872817252322     
                    7   2.9999999999999999E-002  -6.7894516858429999     
                    8   3.5000000000000003E-002  -6.4246158522007857     
                    9   4.0000000000000001E-002  -6.0589518120292203     
                   10   4.4999999999999998E-002  -5.6923713658493478     
                   11   5.0000000000000003E-002  -5.3265724304267934     
                   12   5.5000000000000000E-002  -4.9607527330034804     
                   13   5.9999999999999998E-002  -4.5996207095641237     
                   14   6.5000000000000002E-002  -4.2428932830374517     
                   15   7.0000000000000007E-002  -3.8882088017872847     
                   16   7.4999999999999997E-002  -3.5404308372800242     
                   17   8.0000000000000002E-002  -3.2004406700240313     
                   18   8.5000000000000006E-002  -2.8681064989284484     
                   19   8.9999999999999997E-002  -2.5474440888663730     
                   20   9.5000000000000001E-002  -2.2415090920483536     
                   21  0.10000000000000001       -1.9502278526281898     
                   22  0.10500000000000000       -1.6758952962415852     
                   23  0.11000000000000000       -1.4239842761736108     
                   24  0.11500000000000000       -1.1990584765678620     
                   25  0.12000000000000000       -1.0083500403551047     
                   26  0.12500000000000000      -0.70077808541548936     
                   27  0.13000000000000000      -0.16466771398804078     
                   28  0.13500000000000001       0.41378517673154408     
                   29  0.14000000000000001       0.99278332161329907     
                   30  0.14499999999999999        1.5723346016441710     
                   31  0.14999999999999999        2.1524533320171773     
                   32  0.15500000000000000        2.7331597745265608     
                   33  0.16000000000000000        3.3144794064486507     
                   34  0.16500000000000001        3.8964420624481724     
                   35  0.17000000000000001        4.4790810538366328     
                   36  0.17500000000000002        5.0624323460827432     
                   37  0.17999999999999999        5.6465338476869089     
                   38  0.18500000000000000        6.2314248369026544     
                   39  0.19000000000000000        6.8171455308703255     
                   40  0.19500000000000001        7.4037367861258989     
                   41  0.20000000000000001        7.9912399102178835     
                   42  0.20500000000000002        8.5796965603717634     
                   43  0.20999999999999999        9.1691487053757328     
                   44  0.21500000000000000        9.7596386296487694     
                   45  0.22000000000000000        10.351208962508116     
                   46  0.22500000000000001        10.943902720008136     
                   47  0.23000000000000001        11.537763350740883     
                   48  0.23500000000000001        12.132834780330654     
                   49  0.23999999999999999        12.729161451902211     
                   50  0.24500000000000000        13.326788361586065     
                   51  0.25000000000000000        13.925761089255444     
                   52  0.25500000000000000        14.526125825312832     
                   53  0.26000000000000001        15.127929394601576     
                   54  0.26500000000000001        15.731219278535097     
                   55  0.27000000000000002        16.336043636409979     
                   56  0.27500000000000002        16.942451326671922     
                   57  0.28000000000000003        17.550491928683329     
                   58  0.28500000000000003        18.160215765329816     
                   59  0.28999999999999998        18.771673926619165     
                   60  0.29499999999999998        19.384918294282361     
                   61  0.29999999999999999        20.000000000000000     
