                    1   0.0000000000000000       -8.7728654626944991     
                    2   5.0000000000000001E-003  -8.4896637674297573     
                    3   1.0000000000000000E-002  -8.1100565601131294     
                    4   1.4999999999999999E-002  -7.7188716861700222     
                    5   2.0000000000000000E-002  -7.3235948972768234     
                    6   2.5000000000000001E-002  -6.9310280878971318     
                    7   2.9999999999999999E-002  -6.5384897329333791     
                    8   3.5000000000000003E-002  -6.1453978720418938     
                    9   4.0000000000000001E-002  -5.7515159756125422     
                   10   4.4999999999999998E-002  -5.3567558919068459     
                   11   5.0000000000000003E-002  -4.9629492208446138     
                   12   5.5000000000000000E-002  -4.5692321755734762     
                   13   5.9999999999999998E-002  -4.1806577988118665     
                   14   6.5000000000000002E-002  -3.7969013400986285     
                   15   7.0000000000000007E-002  -3.4153870865066991     
                   16   7.4999999999999997E-002  -3.0412638472598514     
                   17   8.0000000000000002E-002  -2.6753540325412444     
                   18   8.5000000000000006E-002  -2.3172901081889887     
                   19   8.9999999999999997E-002  -1.9709508372783224     
                   20   9.5000000000000001E-002  -1.6387652062053109     
                   21  0.10000000000000001       -1.3187176276136785     
                   22  0.10500000000000000       -1.0005622209840435     
                   23  0.11000000000000000      -0.56028935506491173     
                   24  0.11500000000000000       -2.1632802756557223E-002
                   25  0.12000000000000000       0.53629484187367249     
                   26  0.12500000000000000        1.0925204460724121     
                   27  0.13000000000000000        1.6469034544085588     
                   28  0.13500000000000001        2.1993750629128135     
                   29  0.14000000000000001        2.7499284824958981     
                   30  0.14499999999999999        3.2986067396319689     
                   31  0.14999999999999999        3.8454901818676528     
                   32  0.15500000000000000        4.3906851062122572     
                   33  0.16000000000000000        4.9343142349698610     
                   34  0.16500000000000001        5.4765092519513896     
                   35  0.17000000000000001        6.0174052955105282     
                   36  0.17500000000000002        6.5571371436843586     
                   37  0.17999999999999999        7.0958367699065281     
                   38  0.18500000000000000        7.6336319522876828     
                   39  0.19000000000000000        8.1706456550742423     
                   40  0.19500000000000001        8.7069959486251580     
                   41  0.20000000000000001        9.2427962832486248     
                   42  0.20500000000000002        9.7781559769564392     
                   43  0.20999999999999999        10.313180815247200     
                   44  0.21500000000000000        10.847973691859146     
                   45  0.22000000000000000        11.382635243438319     
                   46  0.22500000000000001        11.917264449101800     
                   47  0.23000000000000001        12.451959178949471     
                   48  0.23500000000000001        12.986816684695428     
                   49  0.23999999999999999        13.521934031661747     
                   50  0.24500000000000000        14.057408475181221     
                   51  0.25000000000000000        14.593337786630489     
                   52  0.25500000000000000        15.129820535365578     
                   53  0.26000000000000001        15.666956333146032     
                   54  0.26500000000000001        16.204846047500631     
                   55  0.27000000000000002        16.743591990114847     
                   56  0.27500000000000002        17.283298085849097     
                   57  0.28000000000000003        17.824070027513290     
                   58  0.28500000000000003        18.366015421066745     
                   59  0.28999999999999998        18.909243925485814     
                   60  0.29499999999999998        19.453867391126781     
                   61  0.29999999999999999        20.000000000000000     
