                    1   2.5000000000000001E-003  -1042.6839699404404     
                    2   7.4999999999999997E-003  -1003.1732032242496     
                    3   1.2500000000000001E-002  -957.28128236280213     
                    4   1.7500000000000002E-002  -910.51356972247993     
                    5   2.2499999999999999E-002  -863.72027074814162     
                    6   2.7500000000000000E-002  -817.14414177099354     
                    7   3.2500000000000001E-002  -770.59009273656511     
                    8   3.7500000000000006E-002  -724.00863511605269     
                    9   4.2499999999999996E-002  -677.37985623664940     
                   10   4.7500000000000001E-002  -630.80641458866569     
                   11   5.2500000000000005E-002  -584.34489556588392     
                   12   5.7499999999999996E-002  -538.24273522150429     
                   13   6.2500000000000000E-002  -492.77842058873136     
                   14   6.7500000000000004E-002  -447.78221602646977     
                   15   7.2500000000000009E-002  -403.41060882197326     
                   16   7.7499999999999999E-002  -360.02323967236634     
                   17   8.2500000000000004E-002  -317.66356429758491     
                   18   8.7499999999999994E-002  -276.57226979218876     
                   19   9.2499999999999999E-002  -237.18899765548258     
                   20   9.7500000000000003E-002  -199.69486804278267     
                   21  0.10250000000000001       -164.22304712673815     
                   22  0.10750000000000000       -131.25388764805834     
                   23  0.11250000000000000       -101.40817238458726     
                   24  0.11749999999999999       -75.457320070255747     
                   25  0.12250000000000000       -46.271816099047896     
                   26  0.12750000000000000       -22.157707886788554     
                   27  0.13250000000000001       -20.658842526326261     
                   28  0.13750000000000001       -20.716734465372948     
                   29  0.14250000000000002       -20.775657386838553     
                   30  0.14749999999999999       -20.836045399214399     
                   31  0.15250000000000000       -20.898310585839837     
                   32  0.15750000000000000       -20.962827246249006     
                   33  0.16250000000000001       -21.029922746512746     
                   34  0.16750000000000001       -21.099874512825465     
                   35  0.17250000000000001       -21.172912012946483     
                   36  0.17749999999999999       -21.249222246526578     
                   37  0.18250000000000000       -21.328957251540309     
                   38  0.18750000000000000       -21.412242334123928     
                   39  0.19250000000000000       -21.499184041852885     
                   40  0.19750000000000001       -21.589877240968779     
                   41  0.20250000000000001       -21.684410967198236     
                   42  0.20750000000000002       -21.782872964916322     
                   43  0.21249999999999999       -21.885352999654089     
                   44  0.21750000000000000       -21.991945128697019     
                   45  0.22250000000000000       -22.102749156745126     
                   46  0.22750000000000001       -22.217871504500618     
                   47  0.23250000000000001       -22.337425693281986     
                   48  0.23749999999999999       -22.461532611335652     
                   49  0.24249999999999999       -22.590320686932056     
                   50  0.24750000000000000       -22.723926055663696     
                   51  0.25250000000000000       -22.862492777813998     
                   52  0.25750000000000001       -23.006173137341420     
                   53  0.26250000000000001       -23.155128036673467     
                   54  0.26750000000000002       -23.309527490150273     
                   55  0.27250000000000002       -23.469551212347035     
                   56  0.27750000000000002       -23.635389294412924     
                   57  0.28250000000000003       -23.807242960962576     
                   58  0.28749999999999998       -23.985325401178862     
                   59  0.29249999999999998       -24.169862670142550     
                   60  0.29749999999999999       -24.361094407716763     
