                    1   2.5000000000000001E-003  0.31930929573224393     
                    2   7.4999999999999997E-003  0.26572358457483991     
                    3   1.2500000000000001E-002  0.25963690769536119     
                    4   1.7500000000000002E-002  0.25752470233740887     
                    5   2.2499999999999999E-002  0.25895176310544765     
                    6   2.7500000000000000E-002  0.25898346945217288     
                    7   3.2500000000000001E-002  0.25871559784190928     
                    8   3.7500000000000006E-002  0.25832814160854817     
                    9   4.2499999999999996E-002  0.25790670384771597     
                   10   4.7500000000000001E-002  0.25845420761900684     
                   11   5.2500000000000005E-002  0.25857043099375965     
                   12   5.7499999999999996E-002  0.26136510069729307     
                   13   6.2500000000000000E-002  0.26406495116101042     
                   14   6.7500000000000004E-002  0.26546263361356687     
                   15   7.2500000000000009E-002  0.26973088145771656     
                   16   7.7499999999999999E-002  0.27466483955776766     
                   17   8.2500000000000004E-002  0.27969004567369549     
                   18   8.7499999999999994E-002  0.28740526074633549     
                   19   9.2499999999999999E-002  0.29748318481915875     
                   20   9.7500000000000003E-002  0.30822982245128161     
                   21  0.10250000000000001       0.32150309638475705     
                   22  0.10750000000000000       0.34041646410793353     
                   23  0.11250000000000000       0.36609587821577938     
                   24  0.11749999999999999       0.40421005258825032     
                   25  0.12250000000000000       0.31408325289509037     
                   26  0.12750000000000000       0.19034591881145885     
                   27  0.13250000000000001       0.16351888227102521     
                   28  0.13750000000000001       0.16306434002875897     
                   29  0.14250000000000002       0.16260412287457546     
                   30  0.14749999999999999       0.16213497840422200     
                   31  0.15250000000000000       0.16165389838573363     
                   32  0.15750000000000000       0.16115823824192793     
                   33  0.16250000000000001       0.16064578247026662     
                   34  0.16750000000000001       0.16011476093354107     
                   35  0.17250000000000001       0.15956382617701106     
                   36  0.17749999999999999       0.15899200418829379     
                   37  0.18250000000000000       0.15839863081386410     
                   38  0.18750000000000000       0.15778328418102561     
                   39  0.19250000000000000       0.15714572077717864     
                   40  0.19750000000000001       0.15648581999636091     
                   41  0.20250000000000001       0.15580353944495473     
                   42  0.20750000000000002       0.15509888135198069     
                   43  0.21249999999999999       0.15437186912234480     
                   44  0.21750000000000000       0.15362253234910644     
                   45  0.22250000000000000       0.15285089834252324     
                   46  0.22750000000000001       0.15205698829768999     
                   47  0.23250000000000001       0.15124081647694024     
                   48  0.23749999999999999       0.15040239112170997     
                   49  0.24249999999999999       0.14954171615639883     
                   50  0.24750000000000000       0.14865879305837754     
                   51  0.25250000000000000       0.14775362252171539     
                   52  0.25750000000000001       0.14682620573212979     
                   53  0.26250000000000001       0.14587654520198892     
                   54  0.26750000000000002       0.14490464519687069     
                   55  0.27250000000000002       0.14391051183061424     
                   56  0.27750000000000002       0.14289415292462276     
                   57  0.28250000000000003       0.14185557772813182     
                   58  0.28749999999999998       0.14079479658573127     
                   59  0.29249999999999998       0.13971182062097703     
                   60  0.29749999999999999       0.13860666292450935     
