                    1   2.5000000000000001E-003   2.1148885831014815E-002
                    2   7.4999999999999997E-003   2.1266817442205564E-002
                    3   1.2500000000000001E-002   2.1432497782947063E-002
                    4   1.7500000000000002E-002   2.1644763511259851E-002
                    5   2.2499999999999999E-002   2.1919239400948830E-002
                    6   2.7500000000000000E-002   2.2283831996945579E-002
                    7   3.2500000000000001E-002   2.2790401089133518E-002
                    8   3.7500000000000006E-002   2.3535661141358546E-002
                    9   4.2499999999999996E-002   2.4724717951566978E-002
                   10   4.7500000000000001E-002   2.6869689998147567E-002
                   11   5.2500000000000005E-002   3.1718882571164113E-002
                   12   5.7499999999999996E-002   5.4246003215630945E-002
                   13   6.2500000000000000E-002  0.15309047547865900     
                   14   6.7500000000000004E-002  0.17098928485415119     
                   15   7.2500000000000009E-002  0.17420610569450629     
                   16   7.7499999999999999E-002  0.17673700476418755     
                   17   8.2500000000000004E-002  0.17887504677819502     
                   18   8.7499999999999994E-002  0.18073631888535613     
                   19   9.2499999999999999E-002  0.18237332547486892     
                   20   9.7500000000000003E-002  0.18381650096479574     
                   21  0.10250000000000001       0.18508861034506058     
                   22  0.10750000000000000       0.18620925220089882     
                   23  0.11250000000000000       0.18719602333794572     
                   24  0.11749999999999999       0.18806472376321978     
                   25  0.12250000000000000       0.18882938584357079     
                   26  0.12750000000000000       0.18950233712059178     
                   27  0.13250000000000001       0.19009432048461838     
                   28  0.13750000000000001       0.19061464876527373     
                   29  0.14250000000000002       0.19107136855451917     
                   30  0.14749999999999999       0.19147141643735976     
                   31  0.15250000000000000       0.19182075906521895     
                   32  0.15750000000000000       0.19212451420463655     
                   33  0.16250000000000001       0.19238705316564120     
                   34  0.16750000000000001       0.19261208658187523     
                   35  0.17250000000000001       0.19280273604958503     
                   36  0.17749999999999999       0.19296159411294461     
                   37  0.18250000000000000       0.19309077480796352     
                   38  0.18750000000000000       0.19319195661660862     
                   39  0.19250000000000000       0.19326641932431923     
                   40  0.19750000000000001       0.19331507595672812     
                   41  0.20250000000000001       0.19333850070740485     
                   42  0.20750000000000002       0.19333695355689240     
                   43  0.21249999999999999       0.19331040211763234     
                   44  0.21750000000000000       0.19325854111136309     
                   45  0.22250000000000000       0.19318080978733587     
                   46  0.22750000000000001       0.19307640751439664     
                   47  0.23250000000000001       0.19294430772210361     
                   48  0.23749999999999999       0.19278327032121509     
                   49  0.24249999999999999       0.19259185269874712     
                   50  0.24750000000000000       0.19236841935478594     
                   51  0.25250000000000000       0.19211115022537223     
                   52  0.25750000000000001       0.19181804771651723     
                   53  0.26250000000000001       0.19148694245752462     
                   54  0.26750000000000002       0.19111549776627129     
                   55  0.27250000000000002       0.19070121280406577     
                   56  0.27750000000000002       0.19024142438244102     
                   57  0.28250000000000003       0.18973330736827060     
                   58  0.28749999999999998       0.18917387361699631     
                   59  0.29249999999999998       0.18855996934777719     
                   60  0.29749999999999999       0.18788827086253862     
