                    1   0.0000000000000000       -7.2169315262727824     
                    2   5.0000000000000001E-003  -12.018080720976744     
                    3   1.0000000000000000E-002  -12.443947126354724     
                    4   1.4999999999999999E-002  -14.394372932510034     
                    5   2.0000000000000000E-002  -19.599038169779625     
                    6   2.5000000000000001E-002  -18.517656604068684     
                    7   2.9999999999999999E-002  -18.044334625829869     
                    8   3.5000000000000003E-002  -17.788918392347629     
                    9   4.0000000000000001E-002  -17.628906382559549     
                   10   4.4999999999999998E-002  -17.519961724707596     
                   11   5.0000000000000003E-002  -17.443051414553487     
                   12   5.5000000000000000E-002  -17.387887952271260     
                   13   5.9999999999999998E-002  -17.347711305466035     
                   14   6.5000000000000002E-002  -17.317619020347305     
                   15   7.0000000000000007E-002  -17.293960042723821     
                   16   7.4999999999999997E-002  -17.274039643076346     
                   17   8.0000000000000002E-002  -17.255923003275146     
                   18   8.5000000000000006E-002  -17.238280857154649     
                   19   8.9999999999999997E-002  -17.220261475167018     
                   20   9.5000000000000001E-002  -17.201383159126078     
                   21  0.10000000000000001       -17.181443945788523     
                   22  0.10500000000000000       -17.160446191682102     
                   23  0.11000000000000000       -17.138534261160437     
                   24  0.11500000000000000       -17.115943849236192     
                   25  0.12000000000000000       -17.092961615408395     
                   26  0.12500000000000000       -17.069893862361567     
                   27  0.13000000000000000       -17.047043027540930     
                   28  0.13500000000000001       -17.024690802463713     
                   29  0.14000000000000001       -17.003086766369623     
                   30  0.14499999999999999       -16.982441514869134     
                   31  0.14999999999999999       -16.962923371953501     
                   32  0.15500000000000000       -16.944657885886365     
                   33  0.16000000000000000       -16.927729418979478     
                   34  0.16500000000000001       -16.912184243684266     
                   35  0.17000000000000001       -16.898034650810860     
                   36  0.17500000000000002       -16.885263659687251     
                   37  0.17999999999999999       -16.873829995286002     
                   38  0.18500000000000000       -16.863673064707640     
                   39  0.19000000000000000       -16.854717725799961     
                   40  0.19500000000000001       -16.846878694738930     
                   41  0.20000000000000001       -16.840064487422392     
                   42  0.20500000000000002       -16.834180831598552     
                   43  0.20999999999999999       -16.829133522688760     
                   44  0.21500000000000000       -16.824830726172390     
                   45  0.22000000000000000       -16.821184753183640     
                   46  0.22500000000000001       -16.818113353810851     
                   47  0.23000000000000001       -16.815540584899665     
                   48  0.23500000000000001       -16.813397316572996     
                   49  0.23999999999999999       -16.811621445019778     
                   50  0.24500000000000000       -16.810157879325828     
                   51  0.25000000000000000       -16.808958368253478     
                   52  0.25500000000000000       -16.807981229956688     
                   53  0.26000000000000001       -16.807191044639190     
                   54  0.26500000000000001       -16.806558368038075     
                   55  0.27000000000000002       -16.806059523156797     
                   56  0.27500000000000002       -16.805676529577678     
                   57  0.28000000000000003       -16.805397234533306     
                   58  0.28500000000000003       -16.805215718161271     
                   59  0.28999999999999998       -16.805133057323047     
                   60  0.29499999999999998       -16.805158548195411     
                   61  0.29999999999999999       -16.805311507522774     
