                    1   0.0000000000000000       -3.7437243964738931     
                    2   5.0000000000000001E-003  -5.4149453486968460     
                    3   1.0000000000000000E-002  -5.2963887459414103     
                    4   1.4999999999999999E-002  -5.2548112741536412     
                    5   2.0000000000000000E-002  -5.2372601611451755     
                    6   2.5000000000000001E-002  -5.1813135390454672     
                    7   2.9999999999999999E-002  -5.1166643604625666     
                    8   3.5000000000000003E-002  -5.1400877924020678     
                    9   4.0000000000000001E-002  -5.1086797612794390     
                   10   4.4999999999999998E-002  -5.1438066216519704     
                   11   5.0000000000000003E-002  -5.2850728332599131     
                   12   5.5000000000000000E-002  -7.2182483849560759     
                   13   5.9999999999999998E-002  -8.4254887132079315     
                   14   6.5000000000000002E-002  -7.9821172607811262     
                   15   7.0000000000000007E-002  -7.6012509975369644     
                   16   7.4999999999999997E-002  -7.3496729921352895     
                   17   8.0000000000000002E-002  -7.1744381938404356     
                   18   8.5000000000000006E-002  -7.0489428050904293     
                   19   8.9999999999999997E-002  -6.9577880061235939     
                   20   9.5000000000000001E-002  -6.8911154481020329     
                   21  0.10000000000000001       -6.8422183324794057     
                   22  0.10500000000000000       -6.8063601948186783     
                   23  0.11000000000000000       -6.7801144989810611     
                   24  0.11500000000000000       -6.7609635385945115     
                   25  0.12000000000000000       -6.7470401373255768     
                   26  0.12500000000000000       -6.7369534333005152     
                   27  0.13000000000000000       -6.7296667335135902     
                   28  0.13500000000000001       -6.7244091082502724     
                   29  0.14000000000000001       -6.7206098390030222     
                   30  0.14499999999999999       -6.7178490113873854     
                   31  0.14999999999999999       -6.7158199364222151     
                   32  0.15500000000000000       -6.7143004815308958     
                   33  0.16000000000000000       -6.7131312356597448     
                   34  0.16500000000000001       -6.7121989659417709     
                   35  0.17000000000000001       -6.7114241819574145     
                   36  0.17500000000000002       -6.7107518816723042     
                   37  0.17999999999999999       -6.7101447499554538     
                   38  0.18500000000000000       -6.7095782369187997     
                   39  0.19000000000000000       -6.7090370701420543     
                   40  0.19500000000000001       -6.7085128582766131     
                   41  0.20000000000000001       -6.7080025273896666     
                   42  0.20500000000000002       -6.7075073984945730     
                   43  0.20999999999999999       -6.7070327672826888     
                   44  0.21500000000000000       -6.7065878870707243     
                   45  0.22000000000000000       -6.7061862850817278     
                   46  0.22500000000000001       -6.7058463618086757     
                   47  0.23000000000000001       -6.7055922345650885     
                   48  0.23500000000000001       -6.7054547904434640     
                   49  0.23999999999999999       -6.7054729117450087     
                   50  0.24500000000000000       -6.7056948295167631     
                   51  0.25000000000000000       -6.7061795492805372     
                   52  0.25500000000000000       -6.7069982787314082     
                   53  0.26000000000000001       -6.7082357717434782     
                   54  0.26500000000000001       -6.7099914882866587     
                   55  0.27000000000000002       -6.7123804577728263     
                   56  0.27500000000000002       -6.7155337257782266     
                   57  0.28000000000000003       -6.7195982625926050     
                   58  0.28500000000000003       -6.7247362176571022     
                   59  0.28999999999999998       -6.7311234170083205     
                   60  0.29499999999999998       -6.7389470209307403     
                   61  0.29999999999999999       -6.7484022850497354     
