                    1   2.5000000000000001E-003  -86.734145530498751     
                    2   7.4999999999999997E-003  -86.668584142644633     
                    3   1.2500000000000001E-002  -86.578867954843375     
                    4   1.7500000000000002E-002  -86.463984202053709     
                    5   2.2499999999999999E-002  -86.322632949885403     
                    6   2.7500000000000000E-002  -86.153072082994953     
                    7   3.2500000000000001E-002  -85.953147570678453     
                    8   3.7500000000000006E-002  -85.719752896321282     
                    9   4.2499999999999996E-002  -85.448636201891006     
                   10   4.7500000000000001E-002  -85.133623546917818     
                   11   5.2500000000000005E-002  -84.765254324763745     
                   12   5.7499999999999996E-002  -84.328975428571596     
                   13   6.2500000000000000E-002  -83.800746141773971     
                   14   6.7500000000000004E-002  -83.138379072813080     
                   15   7.2500000000000009E-002  -82.261735684507869     
                   16   7.7499999999999999E-002  -80.994772882885982     
                   17   8.2500000000000004E-002  -78.856338068980193     
                   18   8.7499999999999994E-002  -73.943952746599734     
                   19   9.2499999999999999E-002  -58.798375819887951     
                   20   9.7500000000000003E-002  -44.481487159864940     
                   21  0.10250000000000001       -39.847882081831045     
                   22  0.10750000000000000       -39.273021205331382     
                   23  0.11250000000000000       -38.998285258977191     
                   24  0.11749999999999999       -38.724168846900284     
                   25  0.12250000000000000       -38.453284656122150     
                   26  0.12750000000000000       -38.186443389695654     
                   27  0.13250000000000001       -37.924047122753343     
                   28  0.13750000000000001       -37.666369685981081     
                   29  0.14250000000000002       -37.413657244900378     
                   30  0.14749999999999999       -37.166159482133899     
                   31  0.15250000000000000       -36.924134043513675     
                   32  0.15750000000000000       -36.687841796714864     
                   33  0.16250000000000001       -36.457540226430865     
                   34  0.16750000000000001       -36.233477830746104     
                   35  0.17250000000000001       -36.015890378996602     
                   36  0.17749999999999999       -35.804999011555175     
                   37  0.18250000000000000       -35.601009819254301     
                   38  0.18750000000000000       -35.404114455071955     
                   39  0.19250000000000000       -35.214491363518029     
                   40  0.19750000000000001       -35.032307292377112     
                   41  0.20250000000000001       -34.857718840936890     
                   42  0.20750000000000002       -34.690873881109162     
                   43  0.21249999999999999       -34.531912755857846     
                   44  0.21750000000000000       -34.380969211298684     
                   45  0.22250000000000000       -34.238171055801992     
                   46  0.22750000000000001       -34.103640563733563     
                   47  0.23250000000000001       -33.977494655703275     
                   48  0.23749999999999999       -33.859844893975648     
                   49  0.24249999999999999       -33.750797333215559     
                   50  0.24750000000000000       -33.650452264833106     
                   51  0.25250000000000000       -33.558903889236191     
                   52  0.25750000000000001       -33.476239945297621     
                   53  0.26250000000000001       -33.402541320957233     
                   54  0.26750000000000002       -33.337881663440783     
                   55  0.27250000000000002       -33.282327002147959     
                   56  0.27750000000000002       -33.235935391503617     
                   57  0.28250000000000003       -33.198756574173643     
                   58  0.28749999999999998       -33.170831655339157     
                   59  0.29249999999999998       -33.152192762928365     
                   60  0.29749999999999999       -33.142862640651146     
