                    1   2.5000000000000001E-003  -66.587455284140930     
                    2   7.4999999999999997E-003  -66.569875916127074     
                    3   1.2500000000000001E-002  -66.546262537325504     
                    4   1.7500000000000002E-002  -66.516128082997938     
                    5   2.2499999999999999E-002  -66.479354040742777     
                    6   2.7500000000000000E-002  -66.435685171698125     
                    7   3.2500000000000001E-002  -66.384856795510700     
                    8   3.7500000000000006E-002  -66.326529229611566     
                    9   4.2499999999999996E-002  -66.260268245372771     
                   10   4.7500000000000001E-002  -66.185551457587337     
                   11   5.2500000000000005E-002  -66.101628855743726     
                   12   5.7499999999999996E-002  -66.007575529422226     
                   13   6.2500000000000000E-002  -65.902101561137769     
                   14   6.7500000000000004E-002  -65.783472446589172     
                   15   7.2500000000000009E-002  -65.649346039284239     
                   16   7.7499999999999999E-002  -65.496349472421997     
                   17   8.2500000000000004E-002  -65.319554792269543     
                   18   8.7499999999999994E-002  -65.111621769324245     
                   19   9.2499999999999999E-002  -64.860736497577051     
                   20   9.7500000000000003E-002  -64.547047466701869     
                   21  0.10250000000000001       -64.134085951061422     
                   22  0.10750000000000000       -63.546150422175046     
                   23  0.11250000000000000       -62.591815175922619     
                   24  0.11749999999999999       -60.604393947383279     
                   25  0.12250000000000000       -54.691985246807654     
                   26  0.12750000000000000       -45.109511994583130     
                   27  0.13250000000000001       -42.325880597959596     
                   28  0.13750000000000001       -42.202761165935428     
                   29  0.14250000000000002       -42.068431852220762     
                   30  0.14749999999999999       -41.929393464921176     
                   31  0.15250000000000000       -41.793741045993713     
                   32  0.15750000000000000       -41.661788082976599     
                   33  0.16250000000000001       -41.533579876434715     
                   34  0.16750000000000001       -41.409105230201895     
                   35  0.17250000000000001       -41.288362421787518     
                   36  0.17749999999999999       -41.171377032845747     
                   37  0.18250000000000000       -41.058202886055753     
                   38  0.18750000000000000       -40.948917084578497     
                   39  0.19250000000000000       -40.843613385897768     
                   40  0.19750000000000001       -40.742395646720944     
                   41  0.20250000000000001       -40.645372056030489     
                   42  0.20750000000000002       -40.552650416569122     
                   43  0.21249999999999999       -40.464334516012528     
                   44  0.21750000000000000       -40.380521520678869     
                   45  0.22250000000000000       -40.301300272206888     
                   46  0.22750000000000001       -40.226750345665366     
                   47  0.23250000000000001       -40.156941723149203     
                   48  0.23749999999999999       -40.091934943017087     
                   49  0.24249999999999999       -40.031781597312282     
                   50  0.24750000000000000       -39.976525065812652     
                   51  0.25250000000000000       -39.926201392582840     
                   52  0.25750000000000001       -39.880840228398398     
                   53  0.26250000000000001       -39.840465778829063     
                   54  0.26750000000000002       -39.805097712183212     
                   55  0.27250000000000002       -39.774751993033078     
                   56  0.27750000000000002       -39.749441614478741     
                   57  0.28250000000000003       -39.729177203603172     
                   58  0.28749999999999998       -39.713967465439623     
                   59  0.29249999999999998       -39.703819402047742     
                   60  0.29749999999999999       -39.698738175188069     
