                    1   2.5000000000000001E-003  0.25904056979275247     
                    2   7.4999999999999997E-003  0.15117885756192648     
                    3   1.2500000000000001E-002  0.16569573448310326     
                    4   1.7500000000000002E-002  0.16065857503242520     
                    5   2.2499999999999999E-002  0.16049437864674812     
                    6   2.7500000000000000E-002  0.15949297101023135     
                    7   3.2500000000000001E-002  0.15877871099489374     
                    8   3.7500000000000006E-002  0.15838866627843576     
                    9   4.2499999999999996E-002  0.15790763131935773     
                   10   4.7500000000000001E-002  0.15744424060410750     
                   11   5.2500000000000005E-002  0.15699602116420919     
                   12   5.7499999999999996E-002  0.15747622885385654     
                   13   6.2500000000000000E-002  0.15796971620626318     
                   14   6.7500000000000004E-002  0.15910094603728153     
                   15   7.2500000000000009E-002  0.16093421844824363     
                   16   7.7499999999999999E-002  0.16305763658030026     
                   17   8.2500000000000004E-002  0.16566593654987480     
                   18   8.7499999999999994E-002  0.16870830479886725     
                   19   9.2499999999999999E-002  0.17194320884070424     
                   20   9.7500000000000003E-002  0.17536609684711257     
                   21  0.10250000000000001       0.17887523468146846     
                   22  0.10750000000000000       0.18232702994383682     
                   23  0.11250000000000000       0.18573186062331218     
                   24  0.11749999999999999       0.18904701884461256     
                   25  0.12250000000000000       0.19218530840761758     
                   26  0.12750000000000000       0.19521445500861012     
                   27  0.13250000000000001       0.19805970948005774     
                   28  0.13750000000000001       0.20030401674847198     
                   29  0.14250000000000002       0.20049994413946254     
                   30  0.14749999999999999       0.19343003146796067     
                   31  0.15250000000000000       0.16163716485257845     
                   32  0.15750000000000000        8.9720602981447406E-002
                   33  0.16250000000000001        2.8363370874562688E-002
                   34  0.16750000000000001        2.9174909563704069E-003
                   35  0.17250000000000001        3.3001804399508515E-005
                   36  0.17749999999999999        0.0000000000000000     
                   37  0.18250000000000000        0.0000000000000000     
                   38  0.18750000000000000        0.0000000000000000     
                   39  0.19250000000000000        0.0000000000000000     
                   40  0.19750000000000001        0.0000000000000000     
                   41  0.20250000000000001        0.0000000000000000     
                   42  0.20750000000000002        0.0000000000000000     
                   43  0.21249999999999999        0.0000000000000000     
                   44  0.21750000000000000        0.0000000000000000     
                   45  0.22250000000000000        0.0000000000000000     
                   46  0.22750000000000001        0.0000000000000000     
                   47  0.23250000000000001        0.0000000000000000     
                   48  0.23749999999999999        0.0000000000000000     
                   49  0.24249999999999999        0.0000000000000000     
                   50  0.24750000000000000        0.0000000000000000     
                   51  0.25250000000000000        0.0000000000000000     
                   52  0.25750000000000001        0.0000000000000000     
                   53  0.26250000000000001        0.0000000000000000     
                   54  0.26750000000000002        0.0000000000000000     
                   55  0.27250000000000002        0.0000000000000000     
                   56  0.27750000000000002        0.0000000000000000     
                   57  0.28250000000000003        0.0000000000000000     
                   58  0.28749999999999998        0.0000000000000000     
                   59  0.29249999999999998        0.0000000000000000     
                   60  0.29749999999999999        0.0000000000000000     
