                    1   0.0000000000000000       -3.2812721403934333     
                    2   5.0000000000000001E-003  -21.676121991311945     
                    3   1.0000000000000000E-002  -17.489937146230663     
                    4   1.4999999999999999E-002  -18.444757999295565     
                    5   2.0000000000000000E-002  -18.486850916702629     
                    6   2.5000000000000001E-002  -18.460687452093268     
                    7   2.9999999999999999E-002  -18.676340694588493     
                    8   3.5000000000000003E-002  -18.588855390877359     
                    9   4.0000000000000001E-002  -18.735115594569208     
                   10   4.4999999999999998E-002  -18.664654412600580     
                   11   5.0000000000000003E-002  -18.805164085194125     
                   12   5.5000000000000000E-002  -18.728589094322256     
                   13   5.9999999999999998E-002  -18.668289470670732     
                   14   6.5000000000000002E-002  -18.586213277142129     
                   15   7.0000000000000007E-002  -18.389962978682743     
                   16   7.4999999999999997E-002  -18.163250360722600     
                   17   8.0000000000000002E-002  -17.912392955752985     
                   18   8.5000000000000006E-002  -17.596646745580081     
                   19   8.9999999999999997E-002  -17.272468146874903     
                   20   9.5000000000000001E-002  -16.933737256277453     
                   21  0.10000000000000001       -16.588954938322640     
                   22  0.10500000000000000       -16.248233270572179     
                   23  0.11000000000000000       -15.924276052135065     
                   24  0.11500000000000000       -15.599378843158005     
                   25  0.12000000000000000       -15.293970688014699     
                   26  0.12500000000000000       -14.996025165545564     
                   27  0.13000000000000000       -14.700848786133792     
                   28  0.13500000000000001       -14.416503823940159     
                   29  0.14000000000000001       -14.181954752995086     
                   30  0.14499999999999999       -14.134798048156508     
                   31  0.14999999999999999       -14.822075949134787     
                   32  0.15500000000000000       -18.643494014936397     
                   33  0.16000000000000000       -32.043589727097945     
                   34  0.16500000000000001       -48.589713160781400     
                   35  0.17000000000000001       -50.867795557422490     
                   36  0.17500000000000002       -49.831990291712692     
                   37  0.17999999999999999       -48.775778746468610     
                   38  0.18500000000000000       -47.864944181759171     
                   39  0.19000000000000000       -47.074234974304495     
                   40  0.19500000000000001       -46.384156149868090     
                   41  0.20000000000000001       -45.779417366429193     
                   42  0.20500000000000002       -45.247867549121715     
                   43  0.20999999999999999       -44.779743448769580     
                   44  0.21500000000000000       -44.367126933875845     
                   45  0.22000000000000000       -44.003545047165588     
                   46  0.22500000000000001       -43.683670247227475     
                   47  0.23000000000000001       -43.403092573223908     
                   48  0.23500000000000001       -43.158144470339380     
                   49  0.23999999999999999       -42.945764825558108     
                   50  0.24500000000000000       -42.763392619147751     
                   51  0.25000000000000000       -42.608883222548315     
                   52  0.25500000000000000       -42.480442204420712     
                   53  0.26000000000000001       -42.376572811490611     
                   54  0.26500000000000001       -42.296034238422003     
                   55  0.27000000000000002       -42.237808500526199     
                   56  0.27500000000000002       -42.201074247271201     
                   57  0.28000000000000003       -42.185186252865932     
                   58  0.28500000000000003       -42.189659627338550     
                   59  0.28999999999999998       -42.214158032364068     
                   60  0.29499999999999998       -42.258485378866567     
                   61  0.29999999999999999       -42.322580641873138     
