                    1   0.0000000000000000       -3.2814928656674516     
                    2   5.0000000000000001E-003  -21.679321146691105     
                    3   1.0000000000000000E-002  -17.491892136912277     
                    4   1.4999999999999999E-002  -18.448161198877489     
                    5   2.0000000000000000E-002  -18.491355369062280     
                    6   2.5000000000000001E-002  -18.466591292316373     
                    7   2.9999999999999999E-002  -18.684217906208264     
                    8   3.5000000000000003E-002  -18.598937425811101     
                    9   4.0000000000000001E-002  -18.748428786082624     
                   10   4.4999999999999998E-002  -18.681866676031426     
                   11   5.0000000000000003E-002  -18.828328978513248     
                   12   5.5000000000000000E-002  -18.759506414280246     
                   13   5.9999999999999998E-002  -18.711069700381511     
                   14   6.5000000000000002E-002  -18.648139635081577     
                   15   7.0000000000000007E-002  -18.485132276352878     
                   16   7.4999999999999997E-002  -18.327900842547216     
                   17   8.0000000000000002E-002  -18.260194798969259     
                   18   8.5000000000000006E-002  -18.638474600036375     
                   19   8.9999999999999997E-002  -22.347926947633773     
                   20   9.5000000000000001E-002  -33.489175667048798     
                   21  0.10000000000000001       -37.488375872877604     
                   22  0.10500000000000000       -37.219777841491442     
                   23  0.11000000000000000       -35.671383721021954     
                   24  0.11500000000000000       -34.365896669328990     
                   25  0.12000000000000000       -33.329747784550229     
                   26  0.12500000000000000       -32.483966949585060     
                   27  0.13000000000000000       -31.778443491509162     
                   28  0.13500000000000001       -31.179795524660737     
                   29  0.14000000000000001       -30.664887473941388     
                   30  0.14499999999999999       -30.217144493084415     
                   31  0.14999999999999999       -29.824350625071808     
                   32  0.15500000000000000       -29.477279251008486     
                   33  0.16000000000000000       -29.168811853668913     
                   34  0.16500000000000001       -28.893354025054698     
                   35  0.17000000000000001       -28.646438132319666     
                   36  0.17500000000000002       -28.424446439314821     
                   37  0.17999999999999999       -28.224413899806407     
                   38  0.18500000000000000       -28.043884857840908     
                   39  0.19000000000000000       -27.880807003450826     
                   40  0.19500000000000001       -27.733451590833113     
                   41  0.20000000000000001       -27.600352515253498     
                   42  0.20500000000000002       -27.480259166608750     
                   43  0.20999999999999999       -27.372099507837554     
                   44  0.21500000000000000       -27.274950853356149     
                   45  0.22000000000000000       -27.188016524023876     
                   46  0.22500000000000001       -27.110607042170447     
                   47  0.23000000000000001       -27.042124873889616     
                   48  0.23500000000000001       -26.982051972041280     
                   49  0.23999999999999999       -26.929939552387999     
                   50  0.24500000000000000       -26.885399667162726     
                   51  0.25000000000000000       -26.848098238767090     
                   52  0.25500000000000000       -26.817749290613513     
                   53  0.26000000000000001       -26.794110168892889     
                   54  0.26500000000000001       -26.776977592901535     
                   55  0.27000000000000002       -26.766184405816748     
                   56  0.27500000000000002       -26.761596924882205     
                   57  0.28000000000000003       -26.763112811627558     
                   58  0.28500000000000003       -26.770659400315250     
                   59  0.28999999999999998       -26.784192437252052     
                   60  0.29499999999999998       -26.803695195606643     
                   61  0.29999999999999999       -26.829177940334766     
