                    1     2.5000000000000001E-003     267.88554641350254     
                    2     7.4999999999999997E-003     268.02272091470024     
                    3     1.2500000000000001E-002     268.19445660827398     
                    4     1.7500000000000002E-002     268.37224042668356     
                    5     2.2499999999999999E-002     268.55242047937645     
                    6     2.7500000000000000E-002     268.73372818114183     
                    7     3.2500000000000001E-002     268.91580898453265     
                    8     3.7500000000000006E-002     269.09861563758756     
                    9     4.2499999999999996E-002     269.28209239181024     
                   10     4.7500000000000001E-002     269.46611573158009     
                   11     5.2500000000000005E-002     269.65053668595203     
                   12     5.7499999999999996E-002     269.83513071660934     
                   13     6.2500000000000000E-002     270.01957474625851     
                   14     6.7500000000000004E-002     270.20344023052900     
                   15     7.2500000000000009E-002     270.38625133614642     
                   16     7.7499999999999999E-002     270.56758523994984     
                   17     8.2500000000000004E-002     270.74708287418559     
                   18     8.7499999999999994E-002     270.92447700571324     
                   19     9.2499999999999999E-002     271.09961843975975     
                   20     9.7500000000000003E-002     271.27249270087412     
                   21    0.10250000000000001          271.44326683601122     
                   22    0.10750000000000000          271.61231281137020     
                   23    0.11250000000000000          271.78020342028395     
                   24    0.11749999999999999          271.94773592798526     
                   25    0.12250000000000000          272.11620535496866     
                   26    0.12750000000000000          272.28937878226071     
                   27    0.13250000000000001          272.47403609085762     
                   28    0.13750000000000001          272.66196097289998     
                   29    0.14250000000000002          272.84175721399879     
                   30    0.14749999999999999          273.01584894784600     
                   31    0.15250000000000000          273.18653614852411     
                   32    0.15750000000000000          273.35464037178235     
                   33    0.16250000000000001          273.52049809357891     
                   34    0.16750000000000001          273.68427032941679     
                   35    0.17250000000000001          273.84614774229965     
                   36    0.17749999999999999          274.00629491920637     
                   37    0.18250000000000000          274.16485568505470     
                   38    0.18750000000000000          274.32195744289947     
                   39    0.19250000000000000          274.47771456160291     
                   40    0.19750000000000001          274.63223096496847     
                   41    0.20250000000000001          274.78560210334012     
                   42    0.20750000000000002          274.93791646614261     
                   43    0.21249999999999999          275.08925675817375     
                   44    0.21750000000000000          275.23970082951519     
                   45    0.22250000000000000          275.38932242324506     
                   46    0.22750000000000001          275.53819178658136     
                   47    0.23250000000000001          275.68637617812635     
                   48    0.23749999999999999          275.83394029492524     
                   49    0.24249999999999999          275.98094663684532     
                   50    0.24750000000000000          276.12745582143157     
                   51    0.25250000000000000          276.27352685929623     
                   52    0.25750000000000001          276.41921739786721     
                   53    0.26250000000000001          276.56458393968046     
                   54    0.26750000000000002          276.70968204019368     
                   55    0.27250000000000002          276.85456648919330     
                   56    0.27750000000000002          276.99929147919272     
                   57    0.28250000000000003          277.14391076372033     
                   58    0.28749999999999998          277.28847780802028     
                   59    0.29249999999999998          277.43304593442798     
                   60    0.29749999999999999          277.57766846449772     
