                    1     2.5000000000000001E-003    0.34034029209986982     
                    2     7.4999999999999997E-003    0.26198165083353575     
                    3     1.2500000000000001E-002    0.25184950805941286     
                    4     1.7500000000000002E-002    0.24793851222813951     
                    5     2.2499999999999999E-002    0.24618202799216682     
                    6     2.7500000000000000E-002    0.24509306699201650     
                    7     3.2500000000000001E-002    0.24408811489926074     
                    8     3.7500000000000006E-002    0.24305943923555370     
                    9     4.2499999999999996E-002    0.24212901882732291     
                   10     4.7500000000000001E-002    0.24131953157179437     
                   11     5.2500000000000005E-002    0.24065773762911274     
                   12     5.7499999999999996E-002    0.24027658105292513     
                   13     6.2500000000000000E-002    0.24025312962808743     
                   14     6.7500000000000004E-002    0.24073721499911302     
                   15     7.2500000000000009E-002    0.24167888400204893     
                   16     7.7499999999999999E-002    0.24300513442277227     
                   17     8.2500000000000004E-002    0.24463765188152325     
                   18     8.7499999999999994E-002    0.24642917720536206     
                   19     9.2499999999999999E-002    0.24822143763810467     
                   20     9.7500000000000003E-002    0.24979396810855653     
                   21    0.10250000000000001         0.25082113069610168     
                   22    0.10750000000000000         0.25092696641062767     
                   23    0.11250000000000000         0.24961208920394712     
                   24    0.11749999999999999         0.24605739930301684     
                   25    0.12250000000000000         0.23807355275267361     
                   26    0.12750000000000000         0.21593178071953498     
                   27    0.13250000000000001         0.14943787734401476     
                   28    0.13750000000000001          6.2461828602635106E-002
                   29    0.14250000000000002          1.6762019613286817E-002
                   30    0.14749999999999999          2.9644118019518618E-003
                   31    0.15250000000000000          0.0000000000000000     
                   32    0.15750000000000000          0.0000000000000000     
                   33    0.16250000000000001          0.0000000000000000     
                   34    0.16750000000000001          0.0000000000000000     
                   35    0.17250000000000001          0.0000000000000000     
                   36    0.17749999999999999          0.0000000000000000     
                   37    0.18250000000000000          0.0000000000000000     
                   38    0.18750000000000000          0.0000000000000000     
                   39    0.19250000000000000          0.0000000000000000     
                   40    0.19750000000000001          0.0000000000000000     
                   41    0.20250000000000001          0.0000000000000000     
                   42    0.20750000000000002          0.0000000000000000     
                   43    0.21249999999999999          0.0000000000000000     
                   44    0.21750000000000000          0.0000000000000000     
                   45    0.22250000000000000          0.0000000000000000     
                   46    0.22750000000000001          0.0000000000000000     
                   47    0.23250000000000001          0.0000000000000000     
                   48    0.23749999999999999          0.0000000000000000     
                   49    0.24249999999999999          0.0000000000000000     
                   50    0.24750000000000000          0.0000000000000000     
                   51    0.25250000000000000          0.0000000000000000     
                   52    0.25750000000000001          0.0000000000000000     
                   53    0.26250000000000001          0.0000000000000000     
                   54    0.26750000000000002          0.0000000000000000     
                   55    0.27250000000000002          0.0000000000000000     
                   56    0.27750000000000002          0.0000000000000000     
                   57    0.28250000000000003          0.0000000000000000     
                   58    0.28749999999999998          0.0000000000000000     
                   59    0.29249999999999998          0.0000000000000000     
                   60    0.29749999999999999          0.0000000000000000     
