                    1     2.5000000000000001E-003    -8.3586791960388194     
                    2     7.4999999999999997E-003    -8.1016912278199076     
                    3     1.2500000000000001E-002    -7.7747128782586339     
                    4     1.7500000000000002E-002    -7.4265917809335562     
                    5     2.2499999999999999E-002    -7.0677498488593793     
                    6     2.7500000000000000E-002    -6.7027789622932392     
                    7     3.2500000000000001E-002    -6.3362210254356857     
                    8     3.7500000000000006E-002    -5.9684544646091462     
                    9     4.2499999999999996E-002    -5.5993732110448882     
                   10     4.7500000000000001E-002    -5.2304570032257853     
                   11     5.2500000000000005E-002    -4.8623166703253791     
                   12     5.7499999999999996E-002    -4.4947351865227869     
                   13     6.2500000000000000E-002    -4.1284235661075304     
                   14     6.7500000000000004E-002    -3.7657894598318924     
                   15     7.2500000000000009E-002    -3.4088862646923976     
                   16     7.7499999999999999E-002    -3.0584687417211995     
                   17     8.2500000000000004E-002    -2.7160963527897870     
                   18     8.7499999999999994E-002    -2.3836057806929265     
                   19     9.2499999999999999E-002    -2.0619011895835220     
                   20     9.7500000000000003E-002    -1.7517244332530097     
                   21    0.10250000000000001         -1.4534769100130891     
                   22    0.10750000000000000         -1.1648379586832780     
                   23    0.11250000000000000        -0.81853803798178182     
                   24    0.11749999999999999        -0.33958380193569132     
                   25    0.12250000000000000         0.22533664477285953     
                   26    0.12750000000000000         0.80381623212246578     
                   27    0.13250000000000001          1.3801329462326284     
                   28    0.13750000000000001          1.9542413005164352     
                   29    0.14250000000000002          2.5261320051386695     
                   30    0.14749999999999999          3.0958284034183343     
                   31    0.15250000000000000          3.6633821948147589     
                   32    0.15750000000000000          4.2288686764492143     
                   33    0.16250000000000001          4.7923819042806404     
                   34    0.16750000000000001          5.3540301493309466     
                   35    0.17250000000000001          5.9139319064019826     
                   36    0.17749999999999999          6.4722125796777199     
                   37    0.18250000000000000          7.0290018617729508     
                   38    0.18750000000000000          7.5844317523339644     
                   39    0.19250000000000000          8.1386351259217147     
                   40    0.19750000000000001          8.6917447475311107     
                   41    0.20250000000000001          9.2438926382855762     
                   42    0.20750000000000002          9.7952097060746954     
                   43    0.21249999999999999          10.345825571044921     
                   44    0.21750000000000000          10.895868530843440     
                   45    0.22250000000000000          11.445465623792320     
                   46    0.22750000000000001          11.994742759147002     
                   47    0.23250000000000001          12.543824892246587     
                   48    0.23749999999999999          13.092836228951541     
                   49    0.24249999999999999          13.641900448652104     
                   50    0.24750000000000000          14.191140938690152     
                   51    0.25250000000000000          14.740681035599819     
                   52    0.25750000000000001          15.290644270410453     
                   53    0.26250000000000001          15.841154616582200     
                   54    0.26750000000000002          16.392336740119433     
                   55    0.27250000000000002          16.944316252147377     
                   56    0.27750000000000002          17.497219964826215     
                   57    0.28250000000000003          18.051176151974708     
                   58    0.28749999999999998          18.606314816224483     
                   59    0.29249999999999998          19.162767964958050     
                   60    0.29749999999999999          19.720669897722559     
