                    1     2.5000000000000001E-003    -7.4857164021635775E-018
                    2     7.4999999999999997E-003    -1.5117240517522081E-017
                    3     1.2500000000000001E-002    -2.1666618245161353E-017
                    4     1.7500000000000002E-002    -2.9795908955101206E-017
                    5     2.2499999999999999E-002    -4.1647366030572598E-017
                    6     2.7500000000000000E-002    -5.8465854029817923E-017
                    7     3.2500000000000001E-002    -8.2886938030502881E-017
                    8     3.7500000000000006E-002    -1.2081244335964706E-016
                    9     4.2499999999999996E-002    -1.8014970624944038E-016
                   10     4.7500000000000001E-002    -2.7489920214142400E-016
                   11     5.2500000000000005E-002    -4.3333793253901512E-016
                   12     5.7499999999999996E-002    -7.0985225589865563E-016
                   13     6.2500000000000000E-002    -1.2117897145178149E-015
                   14     6.7500000000000004E-002    -2.1558138259582545E-015
                   15     7.2500000000000009E-002    -4.0465074456905397E-015
                   16     7.7499999999999999E-002    -8.1457881277903388E-015
                   17     8.2500000000000004E-002    -1.7757795760516329E-014
                   18     8.7499999999999994E-002    -4.2994668680340277E-014
                   19     9.2499999999999999E-002    -1.2050157755055461E-013
                   20     9.7500000000000003E-002    -4.1651147780801181E-013
                   21    0.10250000000000001         -2.0183287097869518E-012
                   22    0.10750000000000000         -1.8711634145061661E-011
                   23    0.11250000000000000         -3.5568943094611362E-009
                   24    0.11749999999999999         -3.2692654564896450E-007
                   25    0.12250000000000000         -1.8300037980366267E-008
                   26    0.12750000000000000         -2.0066231115987954E-008
                   27    0.13250000000000001         -2.1604862692970151E-008
                   28    0.13750000000000001         -2.2907533580145216E-008
                   29    0.14250000000000002         -2.3968308276805436E-008
                   30    0.14749999999999999         -2.4787996129891598E-008
                   31    0.15250000000000000         -2.5375253238224428E-008
                   32    0.15750000000000000         -2.5745484413913987E-008
                   33    0.16250000000000001         -2.5918670187089070E-008
                   34    0.16750000000000001         -2.5917001606484071E-008
                   35    0.17250000000000001         -2.5762850049940846E-008
                   36    0.17749999999999999         -2.5477291820460730E-008
                   37    0.18250000000000000         -2.5079203115288941E-008
                   38    0.18750000000000000         -2.4584834316114918E-008
                   39    0.19250000000000000         -2.4007735526655534E-008
                   40    0.19750000000000001         -2.3358908987887983E-008
                   41    0.20250000000000001         -2.2647086597076613E-008
                   42    0.20750000000000002         -2.1879058496908982E-008
                   43    0.21249999999999999         -2.1060004272972520E-008
                   44    0.21750000000000000         -2.0193798674470634E-008
                   45    0.22250000000000000         -1.9283278410003192E-008
                   46    0.22750000000000001         -1.8330466147102457E-008
                   47    0.23250000000000001         -1.7336753485691004E-008
                   48    0.23749999999999999         -1.6303047529023558E-008
                   49    0.24249999999999999         -1.5229886714346611E-008
                   50    0.24750000000000000         -1.4117531530629207E-008
                   51    0.25250000000000000         -1.2966035159573159E-008
                   52    0.25750000000000001         -1.1775298263914814E-008
                   53    0.26250000000000001         -1.0545111310966152E-008
                   54    0.26750000000000002         -9.2751870641380002E-009
                   55    0.27250000000000002         -7.9651852440204545E-009
                   56    0.27750000000000002         -6.6147308628164847E-009
                   57    0.28250000000000003         -5.2234273623186984E-009
                   58    0.28749999999999998         -3.7908654203692266E-009
                   59    0.29249999999999998         -2.3166281178324530E-009
                   60    0.29749999999999999         -8.0029306552629474E-010
