                    1     2.5000000000000001E-003     2.1109153044776226E-002
                    2     7.4999999999999997E-003     2.1165807603291519E-002
                    3     1.2500000000000001E-002     2.1251366053927599E-002
                    4     1.7500000000000002E-002     2.1356389132808060E-002
                    5     2.2499999999999999E-002     2.1482123385262814E-002
                    6     2.7500000000000000E-002     2.1633083622945158E-002
                    7     3.2500000000000001E-002     2.1814304996552430E-002
                    8     3.7500000000000006E-002     2.2034620178323298E-002
                    9     4.2499999999999996E-002     2.2307945245736774E-002
                   10     4.7500000000000001E-002     2.2653192018083960E-002
                   11     5.2500000000000005E-002     2.3099845032012931E-002
                   12     5.7499999999999996E-002     2.3697379831557126E-002
                   13     6.2500000000000000E-002     2.4531023603958681E-002
                   14     6.7500000000000004E-002     2.5754279869474733E-002
                   15     7.2500000000000009E-002     2.7680991802225642E-002
                   16     7.7499999999999999E-002     3.1087762926401745E-002
                   17     8.2500000000000004E-002     3.8460188564299676E-002
                   18     8.7499999999999994E-002     6.5083614471919876E-002
                   19     9.2499999999999999E-002    0.14489694000784403     
                   20     9.7500000000000003E-002    0.16141438517613471     
                   21    0.10250000000000001         0.16253521430737058     
                   22    0.10750000000000000         0.16456079991851022     
                   23    0.11250000000000000         0.16637199586878065     
                   24    0.11749999999999999         0.16802638768254108     
                   25    0.12250000000000000         0.16954237103793102     
                   26    0.12750000000000000         0.17092635184029076     
                   27    0.13250000000000001         0.17218235642871743     
                   28    0.13750000000000001         0.17331488483284693     
                   29    0.14250000000000002         0.17432936019779904     
                   30    0.14749999999999999         0.17523185569446539     
                   31    0.15250000000000000         0.17602870456960770     
                   32    0.15750000000000000         0.17672618035830112     
                   33    0.16250000000000001         0.17733028130805253     
                   34    0.16750000000000001         0.17784660436631572     
                   35    0.17250000000000001         0.17828028404106547     
                   36    0.17749999999999999         0.17863597407182855     
                   37    0.18250000000000000         0.17891785537935245     
                   38    0.18750000000000000         0.17912965890927499     
                   39    0.19250000000000000         0.17927469592945203     
                   40    0.19750000000000001         0.17935589111259884     
                   41    0.20250000000000001         0.17937581559267562     
                   42    0.20750000000000002         0.17933671838931114     
                   43    0.21249999999999999         0.17924055535944863     
                   44    0.21750000000000000         0.17908901530970306     
                   45    0.22250000000000000         0.17888354318888339     
                   46    0.22750000000000001         0.17862536044534288     
                   47    0.23250000000000001         0.17831548272226569     
                   48    0.23749999999999999         0.17795473510414070     
                   49    0.24249999999999999         0.17754376513784104     
                   50    0.24750000000000000         0.17708305384374740     
                   51    0.25250000000000000         0.17657292491377841     
                   52    0.25750000000000001         0.17601355226884216     
                   53    0.26250000000000001         0.17540496612105375     
                   54    0.26750000000000002         0.17474705765783471     
                   55    0.27250000000000002         0.17403958243660372     
                   56    0.27750000000000002         0.17328216255052142     
                   57    0.28250000000000003         0.17247428759752648     
                   58    0.28749999999999998         0.17161531445625566     
                   59    0.29249999999999998         0.17070446584262533     
                   60    0.29749999999999999         0.16974082758883255     
