                    1     2.5000000000000001E-003    -61.845706630502136     
                    2     7.4999999999999997E-003    -61.829528226891533     
                    3     1.2500000000000001E-002    -61.808242021289857     
                    4     1.7500000000000002E-002    -61.781624855002505     
                    5     2.2499999999999999E-002    -61.749635070208868     
                    6     2.7500000000000000E-002    -61.712179384137407     
                    7     3.2500000000000001E-002    -61.669138936453109     
                    8     3.7500000000000006E-002    -61.620354116957444     
                    9     4.2499999999999996E-002    -61.565619228282856     
                   10     4.7500000000000001E-002    -61.504663805486942     
                   11     5.2500000000000005E-002    -61.437133695370107     
                   12     5.7499999999999996E-002    -61.362561634811328     
                   13     6.2500000000000000E-002    -61.280323205264011     
                   14     6.7500000000000004E-002    -61.189571778617712     
                   15     7.2500000000000009E-002    -61.089146480940599     
                   16     7.7499999999999999E-002    -60.977439155521822     
                   17     8.2500000000000004E-002    -60.852166038569891     
                   18     8.7499999999999994E-002    -60.710020680997332     
                   19     9.2499999999999999E-002    -60.546077942346763     
                   20     9.7500000000000003E-002    -60.352772415886378     
                   21    0.10250000000000001         -60.118090918342318     
                   22    0.10750000000000000         -59.822426294550574     
                   23    0.11250000000000000         -59.433747668227070     
                   24    0.11749999999999999         -58.909889637308424     
                   25    0.12250000000000000         -58.336992789156604     
                   26    0.12750000000000000         -59.952465300395232     
                   27    0.13250000000000001         -76.398362404359347     
                   28    0.13750000000000001         -86.767016661414260     
                   29    0.14250000000000002         -81.636226031286967     
                   30    0.14749999999999999         -78.831372287015554     
                   31    0.15250000000000000         -76.450128371584213     
                   32    0.15750000000000000         -74.270442631272118     
                   33    0.16250000000000001         -72.267944794696788     
                   34    0.16750000000000001         -70.404714168584050     
                   35    0.17250000000000001         -68.651565040089736     
                   36    0.17749999999999999         -66.989221614295630     
                   37    0.18250000000000000         -65.405107432924098     
                   38    0.18750000000000000         -63.890572841160278     
                   39    0.19250000000000000         -62.439195960216232     
                   40    0.19750000000000001         -61.045847229572942     
                   41    0.20250000000000001         -59.706185140752417     
                   42    0.20750000000000002         -58.416377909925913     
                   43    0.21249999999999999         -57.172942898366813     
                   44    0.21750000000000000         -55.972649375918529     
                   45    0.22250000000000000         -54.812456918737027     
                   46    0.22750000000000001         -53.689474681007695     
                   47    0.23250000000000001         -52.600933275864485     
                   48    0.23749999999999999         -51.544164466225574     
                   49    0.24249999999999999         -50.516585829456275     
                   50    0.24750000000000000         -49.515688708219365     
                   51    0.25250000000000000         -48.539028437370561     
                   52    0.25750000000000001         -47.584216230660374     
                   53    0.26250000000000001         -46.648912335294511     
                   54    0.26750000000000002         -45.730820189402479     
                   55    0.27250000000000002         -44.827681389665081     
                   56    0.27750000000000002         -43.937271317256545     
                   57    0.28250000000000003         -43.057395298104908     
                   58    0.28749999999999998         -42.185885189756490     
                   59    0.29249999999999998         -41.320596297818561     
                   60    0.29749999999999999         -40.459404529914131     
