                    1     2.5000000000000001E-003    -622.17696318077878     
                    2     7.4999999999999997E-003    -583.45913301220196     
                    3     1.2500000000000001E-002    -536.70489387029409     
                    4     1.7500000000000002E-002    -491.11064043264474     
                    5     2.2499999999999999E-002    -445.88939468934825     
                    6     2.7500000000000000E-002    -401.01449033948063     
                    7     3.2500000000000001E-002    -356.46718458729924     
                    8     3.7500000000000006E-002    -312.24485668299417     
                    9     4.2499999999999996E-002    -268.37501389139140     
                   10     4.7500000000000001E-002    -224.90452880797196     
                   11     5.2500000000000005E-002    -181.93039503246351     
                   12     5.7499999999999996E-002    -139.64559311188799     
                   13     6.2500000000000000E-002    -98.552374164019980     
                   14     6.7500000000000004E-002    -61.569233306916551     
                   15     7.2500000000000009E-002    -37.245042778052671     
                   16     7.7499999999999999E-002    -31.259524066450510     
                   17     8.2500000000000004E-002    -29.855922464494807     
                   18     8.7499999999999994E-002    -28.806853903216581     
                   19     9.2499999999999999E-002    -28.060467909921513     
                   20     9.7500000000000003E-002    -27.504990965603696     
                   21    0.10250000000000001         -27.078887682817964     
                   22    0.10750000000000000         -26.745097010853108     
                   23    0.11250000000000000         -26.479697969280934     
                   24    0.11749999999999999         -26.266392731768303     
                   25    0.12250000000000000         -26.093594846693190     
                   26    0.12750000000000000         -25.952784703757921     
                   27    0.13250000000000001         -25.837526525003369     
                   28    0.13750000000000001         -25.742852360159709     
                   29    0.14250000000000002         -25.664860462563070     
                   30    0.14749999999999999         -25.600444396811707     
                   31    0.15250000000000000         -25.547104789356393     
                   32    0.15750000000000000         -25.502814951544472     
                   33    0.16250000000000001         -25.465922582335327     
                   34    0.16750000000000001         -25.435076237048481     
                   35    0.17250000000000001         -25.409169196350955     
                   36    0.17749999999999999         -25.387295840620105     
                   37    0.18250000000000000         -25.368717216589850     
                   38    0.18750000000000000         -25.352833514773458     
                   39    0.19250000000000000         -25.339161859047053     
                   40    0.19750000000000001         -25.327318267118024     
                   41    0.20250000000000001         -25.317002949605126     
                   42    0.20750000000000002         -25.307988325681812     
                   43    0.21249999999999999         -25.300109277142116     
                   44    0.21750000000000000         -25.293255261960876     
                   45    0.22250000000000000         -25.287363977525320     
                   46    0.22750000000000001         -25.282416312641029     
                   47    0.23250000000000001         -25.278432362957375     
                   48    0.23749999999999999         -25.275468311274807     
                   49    0.24249999999999999         -25.273613995473166     
                   50    0.24750000000000000         -25.272991004699296     
                   51    0.25250000000000000         -25.273751160407890     
                   52    0.25750000000000001         -25.276075253773879     
                   53    0.26250000000000001         -25.280171925409931     
                   54    0.26750000000000002         -25.286276587453816     
                   55    0.27250000000000002         -25.294650301932499     
                   56    0.27750000000000002         -25.305578542679974     
                   57    0.28250000000000003         -25.319369780673636     
                   58    0.28749999999999998         -25.336353844070917     
                   59    0.29249999999999998         -25.356880014060533     
                   60    0.29749999999999999         -25.381314825512344     
