                    1     2.5000000000000001E-003    -8.5118319938558109     
                    2     7.4999999999999997E-003    -8.3148648931025146     
                    3     1.2500000000000001E-002    -8.0184722625584026     
                    4     1.7500000000000002E-002    -7.6963978669083026     
                    5     2.2499999999999999E-002    -7.3695487665560488     
                    6     2.7500000000000000E-002    -7.0406216768090717     
                    7     3.2500000000000001E-002    -6.7101613567915352     
                    8     3.7500000000000006E-002    -6.3780786893647949     
                    9     4.2499999999999996E-002    -6.0459337678618006     
                   10     4.7500000000000001E-002    -5.7146037233341787     
                   11     5.2500000000000005E-002    -5.3840339401138717     
                   12     5.7499999999999996E-002    -5.0548811015693120     
                   13     6.2500000000000000E-002    -4.7286661886248655     
                   14     6.7500000000000004E-002    -4.4068961496783317     
                   15     7.2500000000000009E-002    -4.0907175087326735     
                   16     7.7499999999999999E-002    -3.7813780041407359     
                   17     8.2500000000000004E-002    -3.4802918549191215     
                   18     8.7499999999999994E-002    -3.1891457457640198     
                   19     9.2499999999999999E-002    -2.9099040471619948     
                   20     9.7500000000000003E-002    -2.6439393743047188     
                   21    0.10250000000000001         -2.3919443799169100     
                   22    0.10750000000000000         -2.1547578532481628     
                   23    0.11250000000000000         -1.9332186151295723     
                   24    0.11749999999999999         -1.7279814020900426     
                   25    0.12250000000000000         -1.5397922537427218     
                   26    0.12750000000000000         -1.3689243636516712     
                   27    0.13250000000000001         -1.2138310605405749     
                   28    0.13750000000000001         -1.0613557478921194     
                   29    0.14250000000000002        -0.78686309560158618     
                   30    0.14749999999999999        -0.26497838448882838     
                   31    0.15250000000000000         0.40000884493875261     
                   32    0.15750000000000000          1.0766699990755515     
                   33    0.16250000000000001          1.7505085236351106     
                   34    0.16750000000000001          2.4218867278943739     
                   35    0.17250000000000001          3.0911059647949912     
                   36    0.17749999999999999          3.7584239265714094     
                   37    0.18250000000000000          4.4240715029426863     
                   38    0.18750000000000000          5.0882628683737376     
                   39    0.19250000000000000          5.7512002372184110     
                   40    0.19750000000000001          6.4130758320907972     
                   41    0.20250000000000001          7.0740727583345695     
                   42    0.20750000000000002          7.7343655909641491     
                   43    0.21249999999999999          8.3941209622503195     
                   44    0.21750000000000000          9.0534982084275093     
                   45    0.22250000000000000          9.7126500568572958     
                   46    0.22750000000000001          10.371723321596971     
                   47    0.23250000000000001          11.030859582357991     
                   48    0.23749999999999999          11.690195832091954     
                   49    0.24249999999999999          12.349865086646727     
                   50    0.24750000000000000          13.009996955354897     
                   51    0.25250000000000000          13.670718174634326     
                   52    0.25750000000000001          14.332153108437762     
                   53    0.26250000000000001          14.994424220264836     
                   54    0.26750000000000002          15.657652521832560     
                   55    0.27250000000000002          16.321958003632737     
                   56    0.27750000000000002          16.987460052634614     
                   57    0.28250000000000003          17.654277862408470     
                   58    0.28749999999999998          18.322530841004401     
                   59    0.29249999999999998          18.992339022047648     
                   60    0.29749999999999999          19.663823484711500     
