                    1     2.5000000000000001E-003    -8.3777830280276415     
                    2     7.4999999999999997E-003    -8.1630123608164098     
                    3     1.2500000000000001E-002    -7.8398721984183739     
                    4     1.7500000000000002E-002    -7.4887878355560025     
                    5     2.2499999999999999E-002    -7.1325621279056204     
                    6     2.7500000000000000E-002    -6.7741432914032309     
                    7     3.2500000000000001E-002    -6.4141336165400720     
                    8     3.7500000000000006E-002    -6.0524433648069245     
                    9     4.2499999999999996E-002    -5.6907769141490867     
                   10     4.7500000000000001E-002    -5.3300924762349791     
                   11     5.2500000000000005E-002    -4.9703308686973191     
                   12     5.7499999999999996E-002    -4.6122019749394987     
                   13     6.2500000000000000E-002    -4.2573481687395294     
                   14     6.7500000000000004E-002    -3.9073861548612374     
                   15     7.2500000000000009E-002    -3.5635263779485955     
                   16     7.7499999999999999E-002    -3.2270678941367050     
                   17     8.2500000000000004E-002    -2.8994585627614491     
                   18     8.7499999999999994E-002    -2.5823920432972427     
                   19     9.2499999999999999E-002    -2.2777838479482027     
                   20     9.7500000000000003E-002    -1.9867710588777281     
                   21    0.10250000000000001         -1.7094802779522800     
                   22    0.10750000000000000         -1.4455395689664425     
                   23    0.11250000000000000         -1.1895795263839852     
                   24    0.11749999999999999        -0.85424305213371310     
                   25    0.12250000000000000        -0.34939257156791520     
                   26    0.12750000000000000         0.25901700453168686     
                   27    0.13250000000000001         0.87880998566245117     
                   28    0.13750000000000001          1.4919434931558802     
                   29    0.14250000000000002          2.0989920930087780     
                   30    0.14749999999999999          2.7004953045425948     
                   31    0.15250000000000000          3.2969528002287989     
                   32    0.15750000000000000          3.8888235169177383     
                   33    0.16250000000000001          4.4765272046198179     
                   34    0.16750000000000001          5.0604473520937967     
                   35    0.17250000000000001          5.6409347497550169     
                   36    0.17749999999999999          6.2183112097679807     
                   37    0.18250000000000000          6.7928731584289714     
                   38    0.18750000000000000          7.3648949516207436     
                   39    0.19250000000000000          7.9346318515857330     
                   40    0.19750000000000001          8.5023226555050968     
                   41    0.20250000000000001          9.0681919948014524     
                   42    0.20750000000000002          9.6324523374427322     
                   43    0.21249999999999999          10.195305729943344     
                   44    0.21750000000000000          10.756945315265675     
                   45    0.22250000000000000          11.317556659924557     
                   46    0.22750000000000001          11.877318919761890     
                   47    0.23250000000000001          12.436405869899689     
                   48    0.23749999999999999          12.994986820703936     
                   49    0.24249999999999999          13.553227438370779     
                   50    0.24750000000000000          14.111290486023982     
                   51    0.25250000000000000          14.669336498966960     
                   52    0.25750000000000001          15.227524405915752     
                   53    0.26250000000000001          15.786012106595614     
                   54    0.26750000000000002          16.344957014961487     
                   55    0.27250000000000002          16.904516576458480     
                   56    0.27750000000000002          17.464848767139195     
                   57    0.28250000000000003          18.026112582077914     
                   58    0.28749999999999998          18.588468520355676     
                   59    0.29249999999999998          19.152079073933884     
                   60    0.29749999999999999          19.717109227997049     
