                    1     2.5000000000000001E-003    0.45951293125355192     
                    2     7.4999999999999997E-003    0.31041767886738325     
                    3     1.2500000000000001E-002    0.21099002658211877     
                    4     1.7500000000000002E-002    0.16088465916480724     
                    5     2.2499999999999999E-002    0.16647118744869679     
                    6     2.7500000000000000E-002    0.17422442734956267     
                    7     3.2500000000000001E-002    0.17915166826778711     
                    8     3.7500000000000006E-002    0.18270826563714060     
                    9     4.2499999999999996E-002    0.18538872693974301     
                   10     4.7500000000000001E-002    0.18742886290079469     
                   11     5.2500000000000005E-002    0.18898449568452130     
                   12     5.7499999999999996E-002    0.19017513726997007     
                   13     6.2500000000000000E-002    0.19109504649159489     
                   14     6.7500000000000004E-002    0.19181777707726441     
                   15     7.2500000000000009E-002    0.19239976548051813     
                   16     7.7499999999999999E-002    0.19288363860720673     
                   17     8.2500000000000004E-002    0.19330110577556611     
                   18     8.7499999999999994E-002    0.19367534010668533     
                   19     9.2499999999999999E-002    0.19402287264744161     
                   20     9.7500000000000003E-002    0.19435508120286762     
                   21    0.10250000000000001         0.19467936459647553     
                   22    0.10750000000000000         0.19500007877915168     
                   23    0.11250000000000000         0.19531929158394445     
                   24    0.11749999999999999         0.19563739590067813     
                   25    0.12250000000000000         0.19595360873291490     
                   26    0.12750000000000000         0.19626637555294582     
                   27    0.13250000000000001         0.19657369440833583     
                   28    0.13750000000000001         0.19687337123978976     
                   29    0.14250000000000002         0.19716321602942266     
                   30    0.14749999999999999         0.19744118819226597     
                   31    0.15250000000000000         0.19770549875195981     
                   32    0.15750000000000000         0.19795467614254558     
                   33    0.16250000000000001         0.19818760186958848     
                   34    0.16750000000000001         0.19840352170433523     
                   35    0.17250000000000001         0.19860203755306907     
                   36    0.17749999999999999         0.19878308462841737     
                   37    0.18250000000000000         0.19894689804289992     
                   38    0.18750000000000000         0.19909397244335791     
                   39    0.19250000000000000         0.19922501780675284     
                   40    0.19750000000000001         0.19934091402469345     
                   41    0.20250000000000001         0.19944266642022337     
                   42    0.20750000000000002         0.19953136387250409     
                   43    0.21249999999999999         0.19960814078125161     
                   44    0.21750000000000000         0.19967414369192407     
                   45    0.22250000000000000         0.19973050303299911     
                   46    0.22750000000000001         0.19977831009501335     
                   47    0.23250000000000001         0.19981859911181871     
                   48    0.23749999999999999         0.19985233408938335     
                   49    0.24249999999999999         0.19988039986506617     
                   50    0.24750000000000000         0.19990359676643757     
                   51    0.25250000000000000         0.19992263816682385     
                   52    0.25750000000000001         0.19993815019648803     
                   53    0.26250000000000001         0.19995067285435100     
                   54    0.26750000000000002         0.19996066176573271     
                   55    0.27250000000000002         0.19996848983745472     
                   56    0.27750000000000002         0.19997444806442452     
                   57    0.28250000000000003         0.19997874473453134     
                   58    0.28749999999999998         0.19998150225603872     
                   59    0.29249999999999998         0.19998275079028996     
                   60    0.29749999999999999         0.19998241781112533     
