                    1   2.5000000000000001E-003  -5.5905830230439602     
                    2   7.4999999999999997E-003  -5.4478542026666084     
                    3   1.2500000000000001E-002  -5.2892479064054587     
                    4   1.7500000000000002E-002  -5.1303344820989327     
                    5   2.2499999999999999E-002  -4.9709113989991121     
                    6   2.7500000000000000E-002  -4.8112142360025132     
                    7   3.2500000000000001E-002  -4.6513440129426940     
                    8   3.7500000000000006E-002  -4.4911151443459953     
                    9   4.2499999999999996E-002  -4.3307314225565028     
                   10   4.7500000000000001E-002  -4.1703516816025159     
                   11   5.2500000000000005E-002  -4.0094539954306274     
                   12   5.7499999999999996E-002  -3.8482001403192605     
                   13   6.2500000000000000E-002  -3.6870588582036823     
                   14   6.7500000000000004E-002  -3.5264180397736080     
                   15   7.2500000000000009E-002  -3.3667508543721620     
                   16   7.7499999999999999E-002  -3.2081765387508185     
                   17   8.2500000000000004E-002  -3.0506928076912851     
                   18   8.7499999999999994E-002  -2.8944619486882863     
                   19   9.2499999999999999E-002  -2.7397631865409124     
                   20   9.7500000000000003E-002  -2.5868719876068957     
                   21  0.10250000000000001       -2.4358130328449956     
                   22  0.10750000000000000       -2.2866342657099721     
                   23  0.11250000000000000       -2.1393811650171388     
                   24  0.11749999999999999       -1.9940254894651028     
                   25  0.12250000000000000       -1.8506123806816321     
                   26  0.12750000000000000       -1.7091620620896057     
                   27  0.13250000000000001       -1.5697094072025011     
                   28  0.13750000000000001       -1.4324122234751717     
                   29  0.14250000000000002       -1.2974985398727239     
                   30  0.14749999999999999       -1.1648570500030320     
                   31  0.15250000000000000       -1.0314754657939924     
                   32  0.15750000000000000      -0.88224717555935295     
                   33  0.16250000000000001      -0.70236630949513956     
                   34  0.16750000000000001      -0.49924081493964040     
                   35  0.17250000000000001      -0.28868702618615416     
                   36  0.17749999999999999       -7.7592131621018509E-002
                   37  0.18250000000000000       0.13303541343801326     
                   38  0.18750000000000000       0.34316034109566307     
                   39  0.19250000000000000       0.55281326824378219     
                   40  0.19750000000000001       0.76202523702194114     
                   41  0.20250000000000001       0.97082730260844952     
                   42  0.20750000000000002        1.1792502175177133     
                   43  0.21249999999999999        1.3873242035717575     
                   44  0.21750000000000000        1.5950787993662665     
                   45  0.22250000000000000        1.8025427697120597     
                   46  0.22750000000000001        2.0097440637545563     
                   47  0.23250000000000001        2.2167098097233007     
                   48  0.23749999999999999        2.4234663360534752     
                   49  0.24249999999999999        2.6300392105753874     
                   50  0.24750000000000000        2.8364532913363538     
                   51  0.25250000000000000        3.0427327842631744     
                   52  0.25750000000000001        3.2489013042364450     
                   53  0.26250000000000001        3.4549819372281574     
                   54  0.26750000000000002        3.6609973019797177     
                   55  0.27250000000000002        3.8669696103097921     
                   56  0.27750000000000002        4.0729207255837707     
                   57  0.28250000000000003        4.2788722191888873     
                   58  0.28749999999999998        4.4848454250745480     
                   59  0.29249999999999998        4.6908614925628349     
                   60  0.29749999999999999        4.8969414377295211     
