                    1   2.5000000000000001E-003  -64.737567282764331     
                    2   7.4999999999999997E-003  -64.719453417290055     
                    3   1.2500000000000001E-002  -64.695314302535095     
                    4   1.7500000000000002E-002  -64.664827024301061     
                    5   2.2499999999999999E-002  -64.627722581728577     
                    6   2.7500000000000000E-002  -64.583817282421307     
                    7   3.2500000000000001E-002  -64.532750060413747     
                    8   3.7500000000000006E-002  -64.474237743085496     
                    9   4.2499999999999996E-002  -64.407758233963349     
                   10   4.7500000000000001E-002  -64.332765633758953     
                   11   5.2500000000000005E-002  -64.248557334705723     
                   12   5.7499999999999996E-002  -64.154134195259289     
                   13   6.2500000000000000E-002  -64.048191135183274     
                   14   6.7500000000000004E-002  -63.929032804160471     
                   15   7.2500000000000009E-002  -63.794383844761654     
                   16   7.7499999999999999E-002  -63.641140081800401     
                   17   8.2500000000000004E-002  -63.464875252966365     
                   18   8.7499999999999994E-002  -63.259081042627827     
                   19   9.2499999999999999E-002  -63.013901976373589     
                   20   9.7500000000000003E-002  -62.713885006766844     
                   21  0.10250000000000001       -62.332941797369500     
                   22  0.10750000000000000       -61.823915023988050     
                   23  0.11250000000000000       -61.090187584041090     
                   24  0.11749999999999999       -59.882636711824247     
                   25  0.12250000000000000       -57.109131785305877     
                   26  0.12750000000000000       -48.722235942281053     
                   27  0.13250000000000001       -43.883512447884485     
                   28  0.13750000000000001       -42.759313591705492     
                   29  0.14250000000000002       -42.560368432037663     
                   30  0.14749999999999999       -42.408201769231162     
                   31  0.15250000000000000       -42.259937882164216     
                   32  0.15750000000000000       -42.116517842557023     
                   33  0.16250000000000001       -41.978361858333017     
                   34  0.16750000000000001       -41.845637202543415     
                   35  0.17250000000000001       -41.718373734368114     
                   36  0.17749999999999999       -41.596523965067703     
                   37  0.18250000000000000       -41.479999275523937     
                   38  0.18750000000000000       -41.368693404465631     
                   39  0.19250000000000000       -41.262497818478501     
                   40  0.19750000000000001       -41.161311400082980     
                   41  0.20250000000000001       -41.065046051498300     
                   42  0.20750000000000002       -40.973629391563371     
                   43  0.21249999999999999       -40.887005446733895     
                   44  0.21750000000000000       -40.805134023812663     
                   45  0.22250000000000000       -40.727989278860974     
                   46  0.22750000000000001       -40.655557856006375     
                   47  0.23250000000000001       -40.587836857755960     
                   48  0.23749999999999999       -40.524831821437004     
                   49  0.24249999999999999       -40.466554810961306     
                   50  0.24750000000000000       -40.413022685473699     
                   51  0.25250000000000000       -40.364255573054564     
                   52  0.25750000000000001       -40.320275555204454     
                   53  0.26250000000000001       -40.281105553514919     
                   54  0.26750000000000002       -40.246768401218404     
                   55  0.27250000000000002       -40.217286077042047     
                   56  0.27750000000000002       -40.192679074752888     
                   57  0.28250000000000003       -40.172965876191171     
                   58  0.28749999999999998       -40.158162484013587     
                   59  0.29249999999999998       -40.148281944448712     
                   60  0.29749999999999999       -40.143333733086280     
