                    1   2.5000000000000001E-003  0.22646130785529411     
                    2   7.4999999999999997E-003  0.17800831299446646     
                    3   1.2500000000000001E-002  0.17827176193507166     
                    4   1.7500000000000002E-002  0.17708847911774286     
                    5   2.2499999999999999E-002  0.17670586467914029     
                    6   2.7500000000000000E-002  0.17626837611328977     
                    7   3.2500000000000001E-002  0.17620935332876603     
                    8   3.7500000000000006E-002  0.17518524311410649     
                    9   4.2499999999999996E-002  0.17577700762677559     
                   10   4.7500000000000001E-002  0.17525747024775162     
                   11   5.2500000000000005E-002  0.17419581789682259     
                   12   5.7499999999999996E-002  0.17419653187841161     
                   13   6.2500000000000000E-002  0.17463164658369471     
                   14   6.7500000000000004E-002  0.17587605200921413     
                   15   7.2500000000000009E-002  0.17783856229752470     
                   16   7.7499999999999999E-002  0.17948965328024435     
                   17   8.2500000000000004E-002  0.18147598886287036     
                   18   8.7499999999999994E-002  0.18368696210949556     
                   19   9.2499999999999999E-002  0.18662409711514721     
                   20   9.7500000000000003E-002  0.18979437035461327     
                   21  0.10250000000000001       0.19289318235714506     
                   22  0.10750000000000000       0.19631714712950576     
                   23  0.11250000000000000       0.19968248043280429     
                   24  0.11749999999999999       0.20315340499899329     
                   25  0.12250000000000000       0.20684265865668797     
                   26  0.12750000000000000       0.21059893201059179     
                   27  0.13250000000000001       0.21468527118799235     
                   28  0.13750000000000001       0.21935173639187733     
                   29  0.14250000000000002       0.22473254651373320     
                   30  0.14749999999999999       0.22967975578402378     
                   31  0.15250000000000000       0.22487674574760380     
                   32  0.15750000000000000       0.17238713187203114     
                   33  0.16250000000000001       0.10736220657614230     
                   34  0.16750000000000001        8.2858199759038673E-002
                   35  0.17250000000000001        8.0380639655671604E-002
                   36  0.17749999999999999        8.0848756772868291E-002
                   37  0.18250000000000000        8.1447459827310012E-002
                   38  0.18750000000000000        8.2009648620324796E-002
                   39  0.19250000000000000        8.2534303565072409E-002
                   40  0.19750000000000001        8.3021016114570412E-002
                   41  0.20250000000000001        8.3469864934330534E-002
                   42  0.20750000000000002        8.3881298788366115E-002
                   43  0.21249999999999999        8.4256031851819568E-002
                   44  0.21750000000000000        8.4594954604064201E-002
                   45  0.22250000000000000        8.4899061253274954E-002
                   46  0.22750000000000001        8.5169393013179093E-002
                   47  0.23250000000000001        8.5406995528293367E-002
                   48  0.23749999999999999        8.5612888242943219E-002
                   49  0.24249999999999999        8.5788043398336913E-002
                   50  0.24750000000000000        8.5933372483181003E-002
                   51  0.25250000000000000        8.6049718240562095E-002
                   52  0.25750000000000001        8.6137850661935092E-002
                   53  0.26250000000000001        8.6198465723203721E-002
                   54  0.26750000000000002        8.6232185907789000E-002
                   55  0.27250000000000002        8.6239561804459602E-002
                   56  0.27750000000000002        8.6221074261790376E-002
                   57  0.28250000000000003        8.6177136730740289E-002
                   58  0.28749999999999998        8.6108097538992734E-002
                   59  0.29249999999999998        8.6014241923009258E-002
                   60  0.29749999999999999        8.5895793703358175E-002
