                    1   2.5000000000000001E-003  -15.000117975185045     
                    2   7.4999999999999997E-003  -18.960801702831169     
                    3   1.2500000000000001E-002  -18.932810572070689     
                    4   1.7500000000000002E-002  -19.061868875760972     
                    5   2.2499999999999999E-002  -19.105391509885749     
                    6   2.7500000000000000E-002  -19.154868987252897     
                    7   3.2500000000000001E-002  -19.163288692416785     
                    8   3.7500000000000006E-002  -19.279186581178994     
                    9   4.2499999999999996E-002  -19.216032962477826     
                   10   4.7500000000000001E-002  -19.277877378006437     
                   11   5.2500000000000005E-002  -19.402386754501521     
                   12   5.7499999999999996E-002  -19.409149495695001     
                   13   6.2500000000000000E-002  -19.369468902352310     
                   14   6.7500000000000004E-002  -19.244055898560539     
                   15   7.2500000000000009E-002  -19.049063816323695     
                   16   7.7499999999999999E-002  -18.910191167758565     
                   17   8.2500000000000004E-002  -18.801062952480436     
                   18   8.7499999999999994E-002  -19.143424289881377     
                   19   9.2499999999999999E-002  -22.845731741699403     
                   20   9.7500000000000003E-002  -29.565169177409704     
                   21  0.10250000000000001       -33.487557883740273     
                   22  0.10750000000000000       -33.645480658986706     
                   23  0.11250000000000000       -32.841455669395174     
                   24  0.11749999999999999       -32.063285449705717     
                   25  0.12250000000000000       -31.420672857940815     
                   26  0.12750000000000000       -30.875453831548821     
                   27  0.13250000000000001       -30.404344086748246     
                   28  0.13750000000000001       -29.992043373385840     
                   29  0.14250000000000002       -29.627854436165904     
                   30  0.14749999999999999       -29.303915427409727     
                   31  0.15250000000000000       -29.014221329217513     
                   32  0.15750000000000000       -28.754050471846185     
                   33  0.16250000000000001       -28.519608761943267     
                   34  0.16750000000000001       -28.307796705243401     
                   35  0.17250000000000001       -28.116049363433582     
                   36  0.17749999999999999       -27.942221965678783     
                   37  0.18250000000000000       -27.784505545605377     
                   38  0.18750000000000000       -27.641363193546617     
                   39  0.19250000000000000       -27.511480971233759     
                   40  0.19750000000000001       -27.393729549055319     
                   41  0.20250000000000001       -27.287133856261910     
                   42  0.20750000000000002       -27.190848822333098     
                   43  0.21249999999999999       -27.104139813496168     
                   44  0.21750000000000000       -27.026366731398063     
                   45  0.22250000000000000       -26.956970998344080     
                   46  0.22750000000000001       -26.895464839834212     
                   47  0.23250000000000001       -26.841422412153737     
                   48  0.23749999999999999       -26.794472424855037     
                   49  0.24249999999999999       -26.754291984856444     
                   50  0.24750000000000000       -26.720601447381952     
                   51  0.25250000000000000       -26.693160103903605     
                   52  0.25750000000000001       -26.671762572105166     
                   53  0.26250000000000001       -26.656235780194844     
                   54  0.26750000000000002       -26.646436459516782     
                   55  0.27250000000000002       -26.642249076723523     
                   56  0.27750000000000002       -26.643584150801551     
                   57  0.28250000000000003       -26.650376911757164     
                   58  0.28749999999999998       -26.662586267339712     
                   59  0.29249999999999998       -26.680194052209998     
                   60  0.29749999999999999       -26.703204540697278     
