                    1   2.5000000000000001E-003  -6.1847302048793491     
                    2   7.4999999999999997E-003  -6.0647696282137549     
                    3   1.2500000000000001E-002  -5.9284179659390599     
                    4   1.7500000000000002E-002  -5.7757977654216806     
                    5   2.2499999999999999E-002  -5.6132995696852834     
                    6   2.7500000000000000E-002  -5.4389511259084315     
                    7   3.2500000000000001E-002  -5.2500706777816433     
                    8   3.7500000000000006E-002  -5.0465268634153073     
                    9   4.2499999999999996E-002  -4.8303549162481296     
                   10   4.7500000000000001E-002  -4.6031759801976975     
                   11   5.2500000000000005E-002  -4.3667450203184668     
                   12   5.7499999999999996E-002  -4.1205020535374306     
                   13   6.2500000000000000E-002  -3.8643029417079147     
                   14   6.7500000000000004E-002  -3.6016084597724305     
                   15   7.2500000000000009E-002  -3.3353230634453328     
                   16   7.7499999999999999E-002  -3.0676168125029051     
                   17   8.2500000000000004E-002  -2.7976727141839999     
                   18   8.7499999999999994E-002  -2.5217771193470320     
                   19   9.2499999999999999E-002  -2.2371900528887902     
                   20   9.7500000000000003E-002  -1.9423709493525758     
                   21  0.10250000000000001       -1.6372859528597812     
                   22  0.10750000000000000       -1.2805330280870568     
                   23  0.11250000000000000      -0.80206416865563013     
                   24  0.11749999999999999      -0.22355631464920289     
                   25  0.12250000000000000       0.37913857373334692     
                   26  0.12750000000000000       0.97750955309037046     
                   27  0.13250000000000001        1.5695276102789670     
                   28  0.13750000000000001        2.1559826198782579     
                   29  0.14250000000000002        2.7375206026315486     
                   30  0.14749999999999999        3.3146675022275880     
                   31  0.15250000000000000        3.8878530845262036     
                   32  0.15750000000000000        4.4574322896641023     
                   33  0.16250000000000001        5.0237032537186153     
                   34  0.16750000000000001        5.5869219379987651     
                   35  0.17250000000000001        6.1473136270896944     
                   36  0.17749999999999999        6.7050817058988281     
                   37  0.18250000000000000        7.2604141777837174     
                   38  0.18750000000000000        7.8134883775208879     
                   39  0.19250000000000000        8.3644742893502908     
                   40  0.19750000000000001        8.9135368199311777     
                   41  0.20250000000000001        9.4608373114713231     
                   42  0.20750000000000002        10.006534519354592     
                   43  0.21249999999999999        10.550785225313460     
                   44  0.21750000000000000        11.093744612996780     
                   45  0.22250000000000000        11.635566497524925     
                   46  0.22750000000000001        12.176403473351613     
                   47  0.23250000000000001        12.716407024198709     
                   48  0.23749999999999999        13.255727623706292     
                   49  0.24249999999999999        13.794514844572827     
                   50  0.24750000000000000        14.332917486353036     
                   51  0.25250000000000000        14.871083726919299     
                   52  0.25750000000000001        15.409161299226033     
                   53  0.26250000000000001        15.947297692929983     
                   54  0.26750000000000002        16.485640379198522     
                   55  0.27250000000000002        17.024337056331753     
                   56  0.27750000000000002        17.563535913296469     
                   57  0.28250000000000003        18.103385907535404     
                   58  0.28749999999999998        18.644037051930617     
                   59  0.29249999999999998        19.185640702680871     
                   60  0.29749999999999999        19.728349833528252     
