                    1   2.5000000000000001E-003   2.3486532850072805E-002
                    2   7.4999999999999997E-003   2.3785047483375083E-002
                    3   1.2500000000000001E-002   2.4166897933367102E-002
                    4   1.7500000000000002E-002   2.4682020428904040E-002
                    5   2.2499999999999999E-002   2.5369030218204532E-002
                    6   2.7500000000000000E-002   2.6334368918631650E-002
                    7   3.2500000000000001E-002   2.7794995811013870E-002
                    8   3.7500000000000006E-002   3.0215719747825720E-002
                    9   4.2499999999999996E-002   3.4889005801370450E-002
                   10   4.7500000000000001E-002   5.5700208177927188E-002
                   11   5.2500000000000005E-002  0.13044462419567296     
                   12   5.7499999999999996E-002  0.13768431635804823     
                   13   6.2500000000000000E-002  0.14238123370484371     
                   14   6.7500000000000004E-002  0.14606613421976741     
                   15   7.2500000000000009E-002  0.14908160826063269     
                   16   7.7499999999999999E-002  0.15163660164917908     
                   17   8.2500000000000004E-002  0.15385538583055530     
                   18   8.7499999999999994E-002  0.15581306652623345     
                   19   9.2499999999999999E-002  0.15755709410971011     
                   20   9.7500000000000003E-002  0.15911946078619801     
                   21  0.10250000000000001       0.16052338472501443     
                   22  0.10750000000000000       0.16178690290907438     
                   23  0.11250000000000000       0.16292478770288654     
                   24  0.11749999999999999       0.16394957607978430     
                   25  0.12250000000000000       0.16487213773952020     
                   26  0.12750000000000000       0.16570200677783753     
                   27  0.13250000000000001       0.16644759275068832     
                   28  0.13750000000000001       0.16711632957691311     
                   29  0.14250000000000002       0.16771479109201143     
                   30  0.14749999999999999       0.16824878711918254     
                   31  0.15250000000000000       0.16872344659430052     
                   32  0.15750000000000000       0.16914329082024049     
                   33  0.16250000000000001       0.16951229837760562     
                   34  0.16750000000000001       0.16983396258159028     
                   35  0.17250000000000001       0.17011134214660295     
                   36  0.17749999999999999       0.17034710565786410     
                   37  0.18250000000000000       0.17054357044007340     
                   38  0.18750000000000000       0.17070273640985448     
                   39  0.19250000000000000       0.17082631548435209     
                   40  0.19750000000000001       0.17091575709016041     
                   41  0.20250000000000001       0.17097227027720008     
                   42  0.20750000000000002       0.17099684289523018     
                   43  0.21249999999999999       0.17099025824021408     
                   44  0.21750000000000000       0.17095310952682691     
                   45  0.22250000000000000       0.17088581249419102     
                   46  0.22750000000000001       0.17078861640587897     
                   47  0.23250000000000001       0.17066161366312801     
                   48  0.23749999999999999       0.17050474821240325     
                   49  0.24249999999999999       0.17031782289493419     
                   50  0.24750000000000000       0.17010050585641648     
                   51  0.25250000000000000       0.16985233610936484     
                   52  0.25750000000000001       0.16957272831817968     
                   53  0.26250000000000001       0.16926097685737340     
                   54  0.26750000000000002       0.16891625917608832     
                   55  0.27250000000000002       0.16853763848652736     
                   56  0.27750000000000002       0.16812406577972366     
                   57  0.28250000000000003       0.16767438115872779     
                   58  0.28749999999999998       0.16718731446636337     
                   59  0.29249999999999998       0.16666148517185506     
                   60  0.29749999999999999       0.16609540146771662     
