                    1   2.5000000000000001E-003  0.48999999999999999     
                    2   7.4999999999999997E-003  0.47446972166177226     
                    3   1.2500000000000001E-002  0.44354132982430089     
                    4   1.7500000000000002E-002  0.43212470796306968     
                    5   2.2499999999999999E-002  0.42045358750931788     
                    6   2.7500000000000000E-002  0.40641003864147784     
                    7   3.2500000000000001E-002  0.39128675879411307     
                    8   3.7500000000000006E-002  0.37906744634010314     
                    9   4.2499999999999996E-002  0.36921531544983599     
                   10   4.7500000000000001E-002  0.36079385037622064     
                   11   5.2500000000000005E-002  0.35445950027405471     
                   12   5.7499999999999996E-002  0.34579529696978201     
                   13   6.2500000000000000E-002  0.33976857049051395     
                   14   6.7500000000000004E-002  0.33651097356765236     
                   15   7.2500000000000009E-002  0.33477791114336142     
                   16   7.7499999999999999E-002  0.33469405291093829     
                   17   8.2500000000000004E-002  0.33200332283787137     
                   18   8.7499999999999994E-002  0.32713053021233252     
                   19   9.2499999999999999E-002  0.32131289289716869     
                   20   9.7500000000000003E-002  0.31534499848686448     
                   21  0.10250000000000001       0.31098272923907810     
                   22  0.10750000000000000       0.25738917710244114     
                   23  0.11250000000000000       0.14876621679450361     
                   24  0.11749999999999999       0.10627421189082401     
                   25  0.12250000000000000       0.10688842477714863     
                   26  0.12750000000000000       0.10944802403766966     
                   27  0.13250000000000001       0.11159654031701736     
                   28  0.13750000000000001       0.11341114899397925     
                   29  0.14250000000000002       0.11495312168248994     
                   30  0.14749999999999999       0.11627085767730869     
                   31  0.15250000000000000       0.11740226241981748     
                   32  0.15750000000000000       0.11837674865010034     
                   33  0.16250000000000001       0.11921696488422484     
                   34  0.16750000000000001       0.11994027602302822     
                   35  0.17250000000000001       0.12056000004926287     
                   36  0.17749999999999999       0.12108640953595440     
                   37  0.18250000000000000       0.12152751777850297     
                   38  0.18750000000000000       0.12188967813257139     
                   39  0.19250000000000000       0.12217802910551256     
                   40  0.19750000000000001       0.12239681737219985     
                   41  0.20250000000000001       0.12254962763217900     
                   42  0.20750000000000002       0.12263954357184514     
                   43  0.21249999999999999       0.12266925924658328     
                   44  0.21750000000000000       0.12264115562474093     
                   45  0.22250000000000000       0.12255735315838234     
                   46  0.22750000000000001       0.12241974815034026     
                   47  0.23250000000000001       0.12223003832465518     
                   48  0.23749999999999999       0.12198974126822619     
                   49  0.24249999999999999       0.12170020816899721     
                   50  0.24750000000000000       0.12136263441141770     
                   51  0.25250000000000000       0.12097806800246863     
                   52  0.25750000000000001       0.12054741641114558     
                   53  0.26250000000000001       0.12007145215019310     
                   54  0.26750000000000002       0.11955081726666349     
                   55  0.27250000000000002       0.11898602680615168     
                   56  0.27750000000000002       0.11837747125309661     
                   57  0.28250000000000003       0.11772541791311082     
                   58  0.28749999999999998       0.11703001118658798     
                   59  0.29249999999999998       0.11629127168679591     
                   60  0.29749999999999999       0.11550909419125865     
