                    1   2.5000000000000001E-003  0.48999999999999999     
                    2   7.4999999999999997E-003  0.47459413204381684     
                    3   1.2500000000000001E-002  0.44361627819867755     
                    4   1.7500000000000002E-002  0.43219897198595741     
                    5   2.2499999999999999E-002  0.42053249687789362     
                    6   2.7500000000000000E-002  0.40649462724211849     
                    7   3.2500000000000001E-002  0.39137803549151862     
                    8   3.7500000000000006E-002  0.37916668691465993     
                    9   4.2499999999999996E-002  0.36932425132559332     
                   10   4.7500000000000001E-002  0.36091450541238862     
                   11   5.2500000000000005E-002  0.35459465560229997     
                   12   5.7499999999999996E-002  0.34594797960138429     
                   13   6.2500000000000000E-002  0.33994335103215445     
                   14   6.7500000000000004E-002  0.33671381235906550     
                   15   7.2500000000000009E-002  0.33501644005629255     
                   16   7.7499999999999999E-002  0.33497970399329835     
                   17   8.2500000000000004E-002  0.33235253879148774     
                   18   8.7499999999999994E-002  0.32757194560611358     
                   19   9.2499999999999999E-002  0.32190273351921689     
                   20   9.7500000000000003E-002  0.31622094847900506     
                   21  0.10250000000000001       0.31290509931900390     
                   22  0.10750000000000000       0.30807695266928947     
                   23  0.11250000000000000       0.30305388703159564     
                   24  0.11749999999999999       0.29841777521314983     
                   25  0.12250000000000000       0.29240074734346910     
                   26  0.12750000000000000       0.28736094617477953     
                   27  0.13250000000000001       0.28116287429945769     
                   28  0.13750000000000001       0.27406405399653833     
                   29  0.14250000000000002       0.26667546956222171     
                   30  0.14749999999999999       0.25113604194766725     
                   31  0.15250000000000000       0.14159156168054118     
                   32  0.15750000000000000        8.0571755714933940E-002
                   33  0.16250000000000001        7.3505907269832346E-002
                   34  0.16750000000000001        7.4835099300186628E-002
                   35  0.17250000000000001        7.6001293393065050E-002
                   36  0.17749999999999999        7.7001635332801105E-002
                   37  0.18250000000000000        7.7845262578236291E-002
                   38  0.18750000000000000        7.8546851302289181E-002
                   39  0.19250000000000000        7.9122436926921377E-002
                   40  0.19750000000000001        7.9587088688013091E-002
                   41  0.20250000000000001        7.9953874011107456E-002
                   42  0.20750000000000002        8.0233609460209243E-002
                   43  0.21249999999999999        8.0435025487518227E-002
                   44  0.21750000000000000        8.0565101541467260E-002
                   45  0.22250000000000000        8.0629430848225353E-002
                   46  0.22750000000000001        8.0632545695227126E-002
                   47  0.23250000000000001        8.0578178329573757E-002
                   48  0.23749999999999999        8.0469456593966884E-002
                   49  0.24249999999999999        8.0309044113747563E-002
                   50  0.24750000000000000        8.0099237818072058E-002
                   51  0.25250000000000000        7.9842034710639317E-002
                   52  0.25750000000000001        7.9539177471036546E-002
                   53  0.26250000000000001        7.9192185928797162E-002
                   54  0.26750000000000002        7.8802379265009159E-002
                   55  0.27250000000000002        7.8370892121196620E-002
                   56  0.27750000000000002        7.7898686600253869E-002
                   57  0.28250000000000003        7.7386561322764225E-002
                   58  0.28749999999999998        7.6835158133738840E-002
                   59  0.29249999999999998        7.6244966637495110E-002
                   60  0.29749999999999999        7.5616326418016536E-002
