                    1   2.5000000000000001E-003  0.42740688629964924     
                    2   7.4999999999999997E-003  0.41334002706728445     
                    3   1.2500000000000001E-002  0.38508516589156389     
                    4   1.7500000000000002E-002  0.37465020329569843     
                    5   2.2499999999999999E-002  0.36398597179348158     
                    6   2.7500000000000000E-002  0.35115834715686423     
                    7   3.2500000000000001E-002  0.33734438955128720     
                    8   3.7500000000000006E-002  0.32617322673166171     
                    9   4.2499999999999996E-002  0.31715602940204368     
                   10   4.7500000000000001E-002  0.30943948109788433     
                   11   5.2500000000000005E-002  0.30362190984179510     
                   12   5.7499999999999996E-002  0.29567910968587258     
                   13   6.2500000000000000E-002  0.29013607013029280     
                   14   6.7500000000000004E-002  0.28711362179774691     
                   15   7.2500000000000009E-002  0.28547911995917302     
                   16   7.7499999999999999E-002  0.28534897060883962     
                   17   8.2500000000000004E-002  0.28284990927537285     
                   18   8.7499999999999994E-002  0.27837673259083673     
                   19   9.2499999999999999E-002  0.27307733912857712     
                   20   9.7500000000000003E-002  0.26774484120652775     
                   21  0.10250000000000001       0.26454020276408652     
                   22  0.10750000000000000       0.25992492430312003     
                   23  0.11250000000000000       0.25508671293253898     
                   24  0.11749999999999999       0.25053952781990518     
                   25  0.12250000000000000       0.24464825206123555     
                   26  0.12750000000000000       0.23951962465184082     
                   27  0.13250000000000001       0.23314100899664569     
                   28  0.13750000000000001       0.22561461539211281     
                   29  0.14250000000000002       0.21722029068219778     
                   30  0.14749999999999999       0.20003027102143103     
                   31  0.15250000000000000        8.9700854867422269E-002
                   32  0.15750000000000000        7.1528927976508214E-003
                   33  0.16250000000000001        0.0000000000000000     
                   34  0.16750000000000001        0.0000000000000000     
                   35  0.17250000000000001        0.0000000000000000     
                   36  0.17749999999999999        0.0000000000000000     
                   37  0.18250000000000000        0.0000000000000000     
                   38  0.18750000000000000        0.0000000000000000     
                   39  0.19250000000000000        0.0000000000000000     
                   40  0.19750000000000001        0.0000000000000000     
                   41  0.20250000000000001        0.0000000000000000     
                   42  0.20750000000000002        0.0000000000000000     
                   43  0.21249999999999999        0.0000000000000000     
                   44  0.21750000000000000        0.0000000000000000     
                   45  0.22250000000000000        0.0000000000000000     
                   46  0.22750000000000001        0.0000000000000000     
                   47  0.23250000000000001        0.0000000000000000     
                   48  0.23749999999999999        0.0000000000000000     
                   49  0.24249999999999999        0.0000000000000000     
                   50  0.24750000000000000        0.0000000000000000     
                   51  0.25250000000000000        0.0000000000000000     
                   52  0.25750000000000001        0.0000000000000000     
                   53  0.26250000000000001        0.0000000000000000     
                   54  0.26750000000000002        0.0000000000000000     
                   55  0.27250000000000002        0.0000000000000000     
                   56  0.27750000000000002        0.0000000000000000     
                   57  0.28250000000000003        0.0000000000000000     
                   58  0.28749999999999998        0.0000000000000000     
                   59  0.29249999999999998        0.0000000000000000     
                   60  0.29749999999999999        0.0000000000000000     
