                    1   2.5000000000000001E-003   8.8090505462659575E-013
                    2   7.4999999999999997E-003  -9.7449328617545354E-015
                    3   1.2500000000000001E-002  -1.4586645094773070E-014
                    4   1.7500000000000002E-002  -1.8339099979760276E-014
                    5   2.2499999999999999E-002  -2.3256538545866281E-014
                    6   2.7500000000000000E-002  -3.0567206624460211E-014
                    7   3.2500000000000001E-002  -4.1377693399475056E-014
                    8   3.7500000000000006E-002  -5.6943852750174960E-014
                    9   4.2499999999999996E-002  -7.8824440719628649E-014
                   10   4.7500000000000001E-002  -1.1194607444944504E-013
                   11   5.2500000000000005E-002  -1.6112724249591928E-013
                   12   5.7499999999999996E-002  -2.4294593285117808E-013
                   13   6.2500000000000000E-002  -3.7924613024963740E-013
                   14   6.7500000000000004E-002  -6.0369685277640582E-013
                   15   7.2500000000000009E-002  -1.0036809859646653E-012
                   16   7.7499999999999999E-002  -1.7301225629179724E-012
                   17   8.2500000000000004E-002  -3.2325124704538272E-012
                   18   8.7499999999999994E-002  -6.7159414460333541E-012
                   19   9.2499999999999999E-002  -1.6068418100199002E-011
                   20   9.7500000000000003E-002  -4.6880881833731633E-011
                   21  0.10250000000000001       -1.8509933654511563E-010
                   22  0.10750000000000000       -2.5353286745329004E-009
                   23  0.11250000000000000       -2.4448079390270498E-007
                   24  0.11749999999999999       -1.2258736539984819E-007
                   25  0.12250000000000000       -5.1722508976519795E-008
                   26  0.12750000000000000       -4.9805590553826316E-008
                   27  0.13250000000000001       -4.7828215653530185E-008
                   28  0.13750000000000001       -4.5939279032405130E-008
                   29  0.14250000000000002       -4.4219231684829445E-008
                   30  0.14749999999999999       -4.2696108674128650E-008
                   31  0.15250000000000000       -4.1361916028721560E-008
                   32  0.15750000000000000       -4.0187447293706803E-008
                   33  0.16250000000000001       -3.9133998261479671E-008
                   34  0.16750000000000001       -3.8161524759092744E-008
                   35  0.17250000000000001       -3.7233575503449426E-008
                   36  0.17749999999999999       -3.6319709282406178E-008
                   37  0.18250000000000000       -3.5396177273984793E-008
                   38  0.18750000000000000       -3.4445552016080999E-008
                   39  0.19250000000000000       -3.3455819360025687E-008
                   40  0.19750000000000001       -3.2419282685423181E-008
                   41  0.20250000000000001       -3.1331490113226291E-008
                   42  0.20750000000000002       -3.0190294068410605E-008
                   43  0.21249999999999999       -2.8995085490943396E-008
                   44  0.21750000000000000       -2.7746204953468399E-008
                   45  0.22250000000000000       -2.6444512001457399E-008
                   46  0.22750000000000001       -2.5091085442681352E-008
                   47  0.23250000000000001       -2.3687026019976247E-008
                   48  0.23749999999999999       -2.2233335438203895E-008
                   49  0.24249999999999999       -2.0730849883772585E-008
                   50  0.24750000000000000       -1.9180210687082532E-008
                   51  0.25250000000000000       -1.7581858958658164E-008
                   52  0.25750000000000001       -1.5936044584056026E-008
                   53  0.26250000000000001       -1.4242842820085540E-008
                   54  0.26750000000000002       -1.2502173945787161E-008
                   55  0.27250000000000002       -1.0713823098107746E-008
                   56  0.27750000000000002       -8.8774587084819245E-009
                   57  0.28250000000000003       -6.9926490256823524E-009
                   58  0.28749999999999998       -5.0588772866413439E-009
                   59  0.29249999999999998       -3.0755575176449024E-009
                   60  0.29749999999999999       -1.0420552908451907E-009
