                    1   2.5000000000000001E-003  -769.62962231635083     
                    2   7.4999999999999997E-003  -656.47153432999426     
                    3   1.2500000000000001E-002  -551.81700741561974     
                    4   1.7500000000000002E-002  -468.05712859438574     
                    5   2.2499999999999999E-002  -398.92647185702947     
                    6   2.7500000000000000E-002  -336.94143333914741     
                    7   3.2500000000000001E-002  -282.73424004991193     
                    8   3.7500000000000006E-002  -239.80509894938768     
                    9   4.2499999999999996E-002  -208.37949166296846     
                   10   4.7500000000000001E-002  -184.90996113257617     
                   11   5.2500000000000005E-002  -168.24565573306108     
                   12   5.7499999999999996E-002  -159.51817223795470     
                   13   6.2500000000000000E-002  -155.78220305919774     
                   14   6.7500000000000004E-002  -154.72505185961819     
                   15   7.2500000000000009E-002  -153.90756661791255     
                   16   7.7499999999999999E-002  -151.42352670894473     
                   17   8.2500000000000004E-002  -130.43856205961026     
                   18   8.7499999999999994E-002  -128.81528738625053     
                   19   9.2499999999999999E-002  -128.50462668741372     
                   20   9.7500000000000003E-002  -128.16029803354323     
                   21  0.10250000000000001       -127.81326088951695     
                   22  0.10750000000000000       -127.46199519109635     
                   23  0.11250000000000000       -127.10499921699670     
                   24  0.11749999999999999       -126.74202652371514     
                   25  0.12250000000000000       -126.37411626866582     
                   26  0.12750000000000000       -126.00319909608076     
                   27  0.13250000000000001       -125.63165240210128     
                   28  0.13750000000000001       -125.26194443776544     
                   29  0.14250000000000002       -124.89639621036451     
                   30  0.14749999999999999       -124.53704676773793     
                   31  0.15250000000000000       -124.18559548691115     
                   32  0.15750000000000000       -123.84339585794847     
                   33  0.16250000000000001       -123.51148031030891     
                   34  0.16750000000000001       -123.19060122983012     
                   35  0.17250000000000001       -122.88127813500665     
                   36  0.17749999999999999       -122.58384469715571     
                   37  0.18250000000000000       -122.29849196778881     
                   38  0.18750000000000000       -122.02530600930373     
                   39  0.19250000000000000       -121.76429931715901     
                   40  0.19750000000000001       -121.51543615130339     
                   41  0.20250000000000001       -121.27865230372899     
                   42  0.20750000000000002       -121.05387002420156     
                   43  0.21249999999999999       -120.84100888488607     
                   44  0.21750000000000000       -120.63999334114988     
                   45  0.22250000000000000       -120.45075767714501     
                   46  0.22750000000000001       -120.27324893533998     
                   47  0.23250000000000001       -120.10742833412348     
                   48  0.23749999999999999       -119.95327158614947     
                   49  0.24249999999999999       -119.81076844676799     
                   50  0.24750000000000000       -119.67992174880638     
                   51  0.25250000000000000       -119.56074611679814     
                   52  0.25750000000000001       -119.45326649916171     
                   53  0.26250000000000001       -119.35751660764208     
                   54  0.26750000000000002       -119.27353730491748     
                   55  0.27250000000000002       -119.20137492568315     
                   56  0.27750000000000002       -119.14107944108270     
                   57  0.28250000000000003       -119.09270225779805     
                   58  0.28749999999999998       -119.05629324156423     
                   59  0.29249999999999998       -119.03189619617027     
                   60  0.29749999999999999       -119.01954137844962     
