                    1   2.5000000000000001E-003  -951.48999082790533     
                    2   7.4999999999999997E-003  -747.97539079142234     
                    3   1.2500000000000001E-002  -524.78632582312787     
                    4   1.7500000000000002E-002  -401.27297055505153     
                    5   2.2499999999999999E-002  -388.56442130812189     
                    6   2.7500000000000000E-002  -376.49321419269171     
                    7   3.2500000000000001E-002  -364.15505792400916     
                    8   3.7500000000000006E-002  -351.08201413930550     
                    9   4.2499999999999996E-002  -337.10346720048659     
                   10   4.7500000000000001E-002  -322.22780422471749     
                   11   5.2500000000000005E-002  -306.57046130297704     
                   12   5.7499999999999996E-002  -290.30725067387249     
                   13   6.2500000000000000E-002  -273.64088737856127     
                   14   6.7500000000000004E-002  -256.77665253673518     
                   15   7.2500000000000009E-002  -239.90627581177208     
                   16   7.7499999999999999E-002  -223.19920691306694     
                   17   8.2500000000000004E-002  -206.79965814601587     
                   18   8.7499999999999994E-002  -190.82735468812740     
                   19   9.2499999999999999E-002  -175.38008849152570     
                   20   9.7500000000000003E-002  -160.53671005151875     
                   21  0.10250000000000001       -146.35980293696343     
                   22  0.10750000000000000       -132.89777134642929     
                   23  0.11250000000000000       -120.18636734399195     
                   24  0.11749999999999999       -108.24981503652823     
                   25  0.12250000000000000       -97.101709963858241     
                   26  0.12750000000000000       -86.745837691663610     
                   27  0.13250000000000001       -77.177004192983716     
                   28  0.13750000000000001       -68.381923035624737     
                   29  0.14250000000000002       -60.340168937297236     
                   30  0.14749999999999999       -53.025184844396826     
                   31  0.15250000000000000       -46.405318013189117     
                   32  0.15750000000000000       -40.444856489213215     
                   33  0.16250000000000001       -35.105038097309190     
                   34  0.16750000000000001       -30.345007478707281     
                   35  0.17250000000000001       -26.122701433063906     
                   36  0.17749999999999999       -22.395647955563408     
                   37  0.18250000000000000       -19.121669375008707     
                   38  0.18750000000000000       -16.259484596742961     
                   39  0.19250000000000000       -13.769209474707015     
                   40  0.19750000000000001       -11.612757705576703     
                   41  0.20250000000000001       -9.7541473368416547     
                   42  0.20750000000000002       -8.1597200281835391     
                   43  0.21249999999999999       -6.7982816462319828     
                   44  0.21750000000000000       -5.6411736672255035     
                   45  0.22250000000000000       -4.6622852830040404     
                   46  0.22750000000000001       -3.8380161295035640     
                   47  0.23250000000000001       -3.1471992618036051     
                   48  0.23749999999999999       -2.5709934604642535     
                   49  0.24249999999999999       -2.0927532401146092     
                   50  0.24750000000000000       -1.6978841054695359     
                   51  0.25250000000000000       -1.3736897155976160     
                   52  0.25750000000000001       -1.1092167202011214     
                   53  0.26250000000000001      -0.89510215745262323     
                   54  0.26750000000000002      -0.72342747990300160     
                   55  0.27250000000000002      -0.58758252256769283     
                   56  0.27750000000000002      -0.48214205816356298     
                   57  0.28250000000000003      -0.40275700490255706     
                   58  0.28749999999999998      -0.34606186248363879     
                   59  0.29249999999999998      -0.30959954813106716     
                   60  0.29749999999999999      -0.29176447827757857     
