                    1   0.0000000000000000        151.27677748184780     
                    2   5.0000000000000001E-003   45.672280295897252     
                    3   1.0000000000000000E-002  -6.6193407417760559     
                    4   1.4999999999999999E-002  -21.492091277994092     
                    5   2.0000000000000000E-002  -20.073227507716343     
                    6   2.5000000000000001E-002  -19.350837835841936     
                    7   2.9999999999999999E-002  -18.940444343810622     
                    8   3.5000000000000003E-002  -18.691546319154920     
                    9   4.0000000000000001E-002  -18.532872766312575     
                   10   4.4999999999999998E-002  -18.426664638602865     
                   11   5.0000000000000003E-002  -18.351507970907200     
                   12   5.5000000000000000E-002  -18.294747200295436     
                   13   5.9999999999999998E-002  -18.248727495552394     
                   14   6.5000000000000002E-002  -18.208766577866243     
                   15   7.0000000000000007E-002  -18.171985688752226     
                   16   7.4999999999999997E-002  -18.136605990921684     
                   17   8.0000000000000002E-002  -18.101517767860418     
                   18   8.5000000000000006E-002  -18.066018836557550     
                   19   8.9999999999999997E-002  -18.029660289387149     
                   20   9.5000000000000001E-002  -17.992159395038026     
                   21  0.10000000000000001       -17.953352637532497     
                   22  0.10500000000000000       -17.913170919464815     
                   23  0.11000000000000000       -17.871625526387465     
                   24  0.11500000000000000       -17.828798173339411     
                   25  0.12000000000000000       -17.784831691424035     
                   26  0.12500000000000000       -17.739919975753867     
                   27  0.13000000000000000       -17.694297006664780     
                   28  0.13500000000000001       -17.648225343222627     
                   29  0.14000000000000001       -17.601984691466193     
                   30  0.14499999999999999       -17.555861133707900     
                   31  0.14999999999999999       -17.510137482400992     
                   32  0.15500000000000000       -17.465085063806406     
                   33  0.16000000000000000       -17.420957083527437     
                   34  0.16500000000000001       -17.377983597722096     
                   35  0.17000000000000001       -17.336368017266292     
                   36  0.17500000000000002       -17.296285006766915     
                   37  0.17999999999999999       -17.257879601909391     
                   38  0.18500000000000000       -17.221267351627962     
                   39  0.19000000000000000       -17.186535290435888     
                   40  0.19500000000000001       -17.153743556001768     
                   41  0.20000000000000001       -17.122927483649846     
                   42  0.20500000000000002       -17.094100029759382     
                   43  0.20999999999999999       -17.067254397743927     
                   44  0.21500000000000000       -17.042366761814566     
                   45  0.22000000000000000       -17.019399004043002     
                   46  0.22500000000000001       -16.998301398740661     
                   47  0.23000000000000001       -16.979015194568220     
                   48  0.23500000000000001       -16.961475059012724     
                   49  0.23999999999999999       -16.945611361983357     
                   50  0.24500000000000000       -16.931352285435786     
                   51  0.25000000000000000       -16.918625754337057     
                   52  0.25500000000000000       -16.907361191146698     
                   53  0.26000000000000001       -16.897491101533305     
                   54  0.26500000000000001       -16.888952503479327     
                   55  0.27000000000000002       -16.881688215444456     
                   56  0.27500000000000002       -16.875648022038714     
                   57  0.28000000000000003       -16.870789737860669     
                   58  0.28500000000000003       -16.867080191931027     
                   59  0.28999999999999998       -16.864496156629414     
                   60  0.29499999999999998       -16.863025246343593     
                   61  0.29999999999999999       -16.862666812278810     
