                    1   2.5000000000000001E-003   2.4610957049079712E-002
                    2   7.4999999999999997E-003   2.6104012068100129E-002
                    3   1.2500000000000001E-002   2.8087951082104063E-002
                    4   1.7500000000000002E-002   3.0725855022017176E-002
                    5   2.2499999999999999E-002   3.4181040451017976E-002
                    6   2.7500000000000000E-002   3.9091988310986509E-002
                    7   3.2500000000000001E-002   4.6811920791203027E-002
                    8   3.7500000000000006E-002   6.3797705979262403E-002
                    9   4.2499999999999996E-002  0.11497723589385336     
                   10   4.7500000000000001E-002  0.12761138212703757     
                   11   5.2500000000000005E-002  0.13318519355709724     
                   12   5.7499999999999996E-002  0.13798910611766349     
                   13   6.2500000000000000E-002  0.14207322054204310     
                   14   6.7500000000000004E-002  0.14555585005913446     
                   15   7.2500000000000009E-002  0.14854960750248145     
                   16   7.7499999999999999E-002  0.15114687470620103     
                   17   8.2500000000000004E-002  0.15342013970248308     
                   18   8.7499999999999994E-002  0.15542553399337816     
                   19   9.2499999999999999E-002  0.15720648979202881     
                   20   9.7500000000000003E-002  0.15879679627118937     
                   21  0.10250000000000001       0.16022298461392934     
                   22  0.10750000000000000       0.16150613596048896     
                   23  0.11250000000000000       0.16266323154757978     
                   24  0.11749999999999999       0.16370815202510164     
                   25  0.12250000000000000       0.16465241297940067     
                   26  0.12750000000000000       0.16550570460754455     
                   27  0.13250000000000001       0.16627628738755618     
                   28  0.13750000000000001       0.16697128267990680     
                   29  0.14250000000000002       0.16759688713174625     
                   30  0.14749999999999999       0.16815853206430628     
                   31  0.15250000000000000       0.16866100323923294     
                   32  0.15750000000000000       0.16910853210721824     
                   33  0.16250000000000001       0.16950486649417745     
                   34  0.16750000000000001       0.16985332639453093     
                   35  0.17250000000000001       0.17015684889609287     
                   36  0.17749999999999999       0.17041802508604312     
                   37  0.18250000000000000       0.17063913095367214     
                   38  0.18750000000000000       0.17082215371728504     
                   39  0.19250000000000000       0.17096881458954455     
                   40  0.19750000000000001       0.17108058870654849     
                   41  0.20250000000000001       0.17115872274431704     
                   42  0.20750000000000002       0.17120425060582756     
                   43  0.21249999999999999       0.17121800746364799     
                   44  0.21750000000000000       0.17120064237443067     
                   45  0.22250000000000000       0.17115262963283967     
                   46  0.22750000000000001       0.17107427899747452     
                   47  0.23250000000000001       0.17096574489559682     
                   48  0.23749999999999999       0.17082703469391203     
                   49  0.24249999999999999       0.17065801610723169     
                   50  0.24750000000000000       0.17045842380413498     
                   51  0.25250000000000000       0.17022786525782510     
                   52  0.25750000000000001       0.16996582588062875     
                   53  0.26250000000000001       0.16967167347165438     
                   54  0.26750000000000002       0.16934466199888829     
                   55  0.27250000000000002       0.16898393472961859     
                   56  0.27750000000000002       0.16858852671713850     
                   57  0.28250000000000003       0.16815736664860376     
                   58  0.28749999999999998       0.16768927806160708     
                   59  0.29249999999999998       0.16718297995126830     
                   60  0.29749999999999999       0.16663708682661243     
