                    1   2.5000000000000001E-003  0.48999999999999999     
                    2   7.4999999999999997E-003  0.48999999999999999     
                    3   1.2500000000000001E-002  0.48999999999999999     
                    4   1.7500000000000002E-002  0.48999999999999999     
                    5   2.2499999999999999E-002  0.48999999999999999     
                    6   2.7500000000000000E-002  0.48999999999999999     
                    7   3.2500000000000001E-002  0.48999999999999999     
                    8   3.7500000000000006E-002  0.48999999999999999     
                    9   4.2499999999999996E-002  0.48999999999999999     
                   10   4.7500000000000001E-002  0.48999999999999999     
                   11   5.2500000000000005E-002  0.48999999999999999     
                   12   5.7499999999999996E-002  0.30738954116412043     
                   13   6.2500000000000000E-002  0.13027100058100874     
                   14   6.7500000000000004E-002  0.10847787357253763     
                   15   7.2500000000000009E-002  0.11439472779830714     
                   16   7.7499999999999999E-002  0.11922079788964322     
                   17   8.2500000000000004E-002  0.12323834240840673     
                   18   8.7499999999999994E-002  0.12664318698842864     
                   19   9.2499999999999999E-002  0.12957205146630987     
                   20   9.7500000000000003E-002  0.13212191197047879     
                   21  0.10250000000000001       0.13436285492714375     
                   22  0.10750000000000000       0.13634655732121082     
                   23  0.11250000000000000       0.13811191927079999     
                   24  0.11749999999999999       0.13968884028586856     
                   25  0.12250000000000000       0.14110077602119239     
                   26  0.12750000000000000       0.14236648734341142     
                   27  0.13250000000000001       0.14350125041114284     
                   28  0.13750000000000001       0.14451770441630274     
                   29  0.14250000000000002       0.14542645383672256     
                   30  0.14749999999999999       0.14623650291776480     
                   31  0.15250000000000000       0.14695557435526119     
                   32  0.15750000000000000       0.14759034714185554     
                   33  0.16250000000000001       0.14814663725555630     
                   34  0.16750000000000001       0.14862953735371515     
                   35  0.17250000000000001       0.14904352660609396     
                   36  0.17749999999999999       0.14939255841642513     
                   37  0.18250000000000000       0.14968013149013665     
                   38  0.18750000000000000       0.14990934814247026     
                   39  0.19250000000000000       0.15008296266545967     
                   40  0.19750000000000001       0.15020342182475077     
                   41  0.20250000000000001       0.15027289903207230     
                   42  0.20750000000000002       0.15029332336558657     
                   43  0.21249999999999999       0.15026640434094662     
                   44  0.21750000000000000       0.15019365313871863     
                   45  0.22250000000000000       0.15007640084722645     
                   46  0.22750000000000001       0.14991581416906813     
                   47  0.23250000000000001       0.14971290895436670     
                   48  0.23749999999999999       0.14946856185720417     
                   49  0.24249999999999999       0.14918352035868870     
                   50  0.24750000000000000       0.14885841135722525     
                   51  0.25250000000000000       0.14849374849125094     
                   52  0.25750000000000001       0.14808993833012485     
                   53  0.26250000000000001       0.14764728554362344     
                   54  0.26750000000000002       0.14716599713854162     
                   55  0.27250000000000002       0.14664618583139405     
                   56  0.27750000000000002       0.14608787260848663     
                   57  0.28250000000000003       0.14549098850814121     
                   58  0.28749999999999998       0.14485537564418677     
                   59  0.29249999999999998       0.14418078747469476     
                   60  0.29749999999999999       0.14346688830529716     
