                    1   2.5000000000000001E-003  -1.7226831300225319E-013
                    2   7.4999999999999997E-003   1.8725652815396229E-013
                    3   1.2500000000000001E-002   6.5519942848005238E-013
                    4   1.7500000000000002E-002   1.2625422681703622E-012
                    5   2.2499999999999999E-002   2.0236540258450228E-012
                    6   2.7500000000000000E-002   2.9645827365203236E-012
                    7   3.2500000000000001E-002   4.0893430333403120E-012
                    8   3.7500000000000006E-002   5.4107171770926104E-012
                    9   4.2499999999999996E-002   6.9275668998412354E-012
                   10   4.7500000000000001E-002   8.6314679344087548E-012
                   11   5.2500000000000005E-002   1.0529966420242717E-011
                   12   5.7499999999999996E-002   1.2582994428262383E-011
                   13   6.2500000000000000E-002   1.4582802882037526E-011
                   14   6.7500000000000004E-002  -6.3493179127669090E-012
                   15   7.2500000000000009E-002  -1.2538966068198126E-011
                   16   7.7499999999999999E-002  -2.0440440355551190E-011
                   17   8.2500000000000004E-002  -3.3004903143111948E-011
                   18   8.7499999999999994E-002  -5.4188144562017214E-011
                   19   9.2499999999999999E-002  -9.5048747780829836E-011
                   20   9.7500000000000003E-002  -1.8434077713287838E-010
                   21  0.10250000000000001       -4.2225813069898643E-010
                   22  0.10750000000000000       -1.6164511487273347E-009
                   23  0.11250000000000000       -2.9851211010120626E-008
                   24  0.11749999999999999       -5.5336887518277770E-008
                   25  0.12250000000000000       -1.2309287711822487E-008
                   26  0.12750000000000000       -1.1705744972237812E-008
                   27  0.13250000000000001       -1.1120176876332116E-008
                   28  0.13750000000000001       -1.0647887253076066E-008
                   29  0.14250000000000002       -1.0295130107609389E-008
                   30  0.14749999999999999       -1.0032518191723249E-008
                   31  0.15250000000000000       -9.8250065757507031E-009
                   32  0.15750000000000000       -9.6441732314272905E-009
                   33  0.16250000000000001       -9.4707312328450157E-009
                   34  0.16750000000000001       -9.2930712298898029E-009
                   35  0.17250000000000001       -9.1049068720563926E-009
                   36  0.17749999999999999       -8.9032424686178594E-009
                   37  0.18250000000000000       -8.6869476675979360E-009
                   38  0.18750000000000000       -8.4558649986453839E-009
                   39  0.19250000000000000       -8.2102925928087178E-009
                   40  0.19750000000000001       -7.9507027776523301E-009
                   41  0.20250000000000001       -7.6775986931720530E-009
                   42  0.20750000000000002       -7.3914475348908531E-009
                   43  0.21249999999999999       -7.0926544568544322E-009
                   44  0.21750000000000000       -6.7815570190958749E-009
                   45  0.22250000000000000       -6.4584293141566670E-009
                   46  0.22750000000000001       -6.1234900796285693E-009
                   47  0.23250000000000001       -5.7769119143731981E-009
                   48  0.23749999999999999       -5.4188302131697949E-009
                   49  0.24249999999999999       -5.0493512195841385E-009
                   50  0.24750000000000000       -4.6685590021662433E-009
                   51  0.25250000000000000       -4.2765213640395195E-009
                   52  0.25750000000000001       -3.8732947966879712E-009
                   53  0.26250000000000001       -3.4589286371648371E-009
                   54  0.26750000000000002       -3.0334686135765057E-009
                   55  0.27250000000000002       -2.5969599861884769E-009
                   56  0.27750000000000002       -2.1494505291613645E-009
                   57  0.28250000000000003       -1.6909936767519765E-009
                   58  0.28749999999999998       -1.2216523295620050E-009
                   59  0.29249999999999998       -7.4150421703486351E-010
                   60  0.29749999999999999       -2.5065078627900930E-010
