                    1   2.5000000000000001E-003   2.1935896453123438E-002
                    2   7.4999999999999997E-003   2.2004283835551933E-002
                    3   1.2500000000000001E-002   2.2101266942588276E-002
                    4   1.7500000000000002E-002   2.2207747195569578E-002
                    5   2.2499999999999999E-002   2.2325088672146443E-002
                    6   2.7500000000000000E-002   2.2454874672986742E-002
                    7   3.2500000000000001E-002   2.2598538314401964E-002
                    8   3.7500000000000006E-002   2.2757538015373665E-002
                    9   4.2499999999999996E-002   2.2934812591608403E-002
                   10   4.7500000000000001E-002   2.3133841612011215E-002
                   11   5.2500000000000005E-002   2.3358211657139340E-002
                   12   5.7499999999999996E-002   2.3612693913726987E-002
                   13   6.2500000000000000E-002   2.3903368164891116E-002
                   14   6.7500000000000004E-002   2.4237719600380840E-002
                   15   7.2500000000000009E-002   2.4624616344980664E-002
                   16   7.7499999999999999E-002   2.5074841186959820E-002
                   17   8.2500000000000004E-002   2.5603872267970916E-002
                   18   8.7499999999999994E-002   2.6232520860731412E-002
                   19   9.2499999999999999E-002   2.6987759597322841E-002
                   20   9.7500000000000003E-002   2.7907019746157259E-002
                   21  0.10250000000000001        2.9044515567230679E-002
                   22  0.10750000000000000        3.0481382558179650E-002
                   23  0.11250000000000000        3.2344310380086762E-002
                   24  0.11749999999999999        3.4847044983759373E-002
                   25  0.12250000000000000        3.8378806611301920E-002
                   26  0.12750000000000000        4.3744413160634793E-002
                   27  0.13250000000000001        5.3141340000421138E-002
                   28  0.13750000000000001        7.2907989305372761E-002
                   29  0.14250000000000002        8.6686466259653219E-002
                   30  0.14749999999999999       0.12131853115583760     
                   31  0.15250000000000000       0.12806264970927464     
                   32  0.15750000000000000       0.13353171996047530     
                   33  0.16250000000000001       0.13845744769139376     
                   34  0.16750000000000001       0.14262003973058329     
                   35  0.17250000000000001       0.14621206611224719     
                   36  0.17749999999999999       0.14935366485051077     
                   37  0.18250000000000000       0.15212737719645866     
                   38  0.18750000000000000       0.15459309047452194     
                   39  0.19250000000000000       0.15679583140293052     
                   40  0.19750000000000001       0.15877038248376762     
                   41  0.20250000000000001       0.16054421529107171     
                   42  0.20750000000000002       0.16213943253179142     
                   43  0.21249999999999999       0.16357409263635647     
                   44  0.21750000000000000       0.16486313694295845     
                   45  0.22250000000000000       0.16601905477314621     
                   46  0.22750000000000001       0.16705237162094028     
                   47  0.23250000000000001       0.16797201513582322     
                   48  0.23749999999999999       0.16878559463826076     
                   49  0.24249999999999999       0.16949961800569321     
                   50  0.24750000000000000       0.17011966218158855     
                   51  0.25250000000000000       0.17065050863951464     
                   52  0.25750000000000001       0.17109625187508926     
                   53  0.26250000000000001       0.17146038678972789     
                   54  0.26750000000000002       0.17174587929645094     
                   55  0.27250000000000002       0.17195522338720992     
                   56  0.27750000000000002       0.17209048710679731     
                   57  0.28250000000000003       0.17215334928637829     
                   58  0.28749999999999998       0.17214512843868554     
                   59  0.29249999999999998       0.17206680486725512     
                   60  0.29749999999999999       0.17191903677120327     
