                    1   2.5000000000000001E-003  0.37603463181390329     
                    2   7.4999999999999997E-003  0.26453691025048021     
                    3   1.2500000000000001E-002  0.26324868455570727     
                    4   1.7500000000000002E-002  0.26118757686993282     
                    5   2.2499999999999999E-002  0.25996645368828913     
                    6   2.7500000000000000E-002  0.25816767571052690     
                    7   3.2500000000000001E-002  0.25840511883288436     
                    8   3.7500000000000006E-002  0.25854090251748868     
                    9   4.2499999999999996E-002  0.25772281900657323     
                   10   4.7500000000000001E-002  0.25722227240882956     
                   11   5.2500000000000005E-002  0.25719590551846921     
                   12   5.7499999999999996E-002  0.25689499396210314     
                   13   6.2500000000000000E-002  0.25693754553515269     
                   14   6.7500000000000004E-002  0.25705574971963452     
                   15   7.2500000000000009E-002  0.25820519757335075     
                   16   7.7499999999999999E-002  0.25982169743509692     
                   17   8.2500000000000004E-002  0.26100195955905653     
                   18   8.7499999999999994E-002  0.26192167889356477     
                   19   9.2499999999999999E-002  0.25895790209525893     
                   20   9.7500000000000003E-002  0.22709608006536702     
                   21  0.10250000000000001       0.17564239472720827     
                   22  0.10750000000000000       0.14656420089110114     
                   23  0.11250000000000000       0.14026477624262362     
                   24  0.11749999999999999       0.14281383411859061     
                   25  0.12250000000000000       0.14817147575077186     
                   26  0.12750000000000000       0.15350862000284676     
                   27  0.13250000000000001       0.15798926397843988     
                   28  0.13750000000000001       0.16182023152599448     
                   29  0.14250000000000002       0.16514437620234299     
                   30  0.14749999999999999       0.16806222774530427     
                   31  0.15250000000000000       0.17064627606446420     
                   32  0.15750000000000000       0.17295031614739953     
                   33  0.16250000000000001       0.17501543555689258     
                   34  0.16750000000000001       0.17687383440604404     
                   35  0.17250000000000001       0.17855129720963131     
                   36  0.17749999999999999       0.18006883628427850     
                   37  0.18250000000000000       0.18144382076060825     
                   38  0.18750000000000000       0.18269077775235343     
                   39  0.19250000000000000       0.18382197730742927     
                   40  0.19750000000000001       0.18484786964040928     
                   41  0.20250000000000001       0.18577741819351873     
                   42  0.20750000000000002       0.18661835728163106     
                   43  0.21249999999999999       0.18737739398433167     
                   44  0.21750000000000000       0.18806036812637578     
                   45  0.22250000000000000       0.18867238031309411     
                   46  0.22750000000000001       0.18921789532271355     
                   47  0.23250000000000001       0.18970082627801690     
                   48  0.23749999999999999       0.19012460366857586     
                   49  0.24249999999999999       0.19049223230953813     
                   50  0.24750000000000000       0.19080633859639609     
                   51  0.25250000000000000       0.19106920987415132     
                   52  0.25750000000000001       0.19128282733267502     
                   53  0.26250000000000001       0.19144889353167080     
                   54  0.26750000000000002       0.19156885542283678     
                   55  0.27250000000000002       0.19164392355579285     
                   56  0.27750000000000002       0.19167508801629365     
                   57  0.28250000000000003       0.19166313154201134     
                   58  0.28749999999999998       0.19160864017890117     
                   59  0.29249999999999998       0.19151201171482826     
                   60  0.29749999999999999       0.19137346163142679     
