                    1   2.5000000000000001E-003  0.37605382654818581     
                    2   7.4999999999999997E-003  0.26455899477247447     
                    3   1.2500000000000001E-002  0.26327769614119517     
                    4   1.7500000000000002E-002  0.26122552328886334     
                    5   2.2499999999999999E-002  0.26001526983501716     
                    6   2.7500000000000000E-002  0.25822947211126612     
                    7   3.2500000000000001E-002  0.25848291090773690     
                    8   3.7500000000000006E-002  0.25863837655414312     
                    9   4.2499999999999996E-002  0.25784470659554998     
                   10   4.7500000000000001E-002  0.25737497027443113     
                   11   5.2500000000000005E-002  0.25738847336720905     
                   12   5.7499999999999996E-002  0.25713986098458752     
                   13   6.2500000000000000E-002  0.25725364758239194     
                   14   6.7500000000000004E-002  0.25747228565985381     
                   15   7.2500000000000009E-002  0.25877239431401888     
                   16   7.7499999999999999E-002  0.26063844508308531     
                   17   8.2500000000000004E-002  0.26230354389259392     
                   18   8.7499999999999994E-002  0.26447828926718081     
                   19   9.2499999999999999E-002  0.26726416126169328     
                   20   9.7500000000000003E-002  0.27046142577567295     
                   21  0.10250000000000001       0.27391822225880047     
                   22  0.10750000000000000       0.27755360474834723     
                   23  0.11250000000000000       0.28130978675850188     
                   24  0.11749999999999999       0.28459808621823413     
                   25  0.12250000000000000       0.28778356292137119     
                   26  0.12750000000000000       0.29116138981839518     
                   27  0.13250000000000001       0.29465714068262877     
                   28  0.13750000000000001       0.29812869398658642     
                   29  0.14250000000000002       0.30142376398530840     
                   30  0.14749999999999999       0.30481247613255585     
                   31  0.15250000000000000       0.30821077707470940     
                   32  0.15750000000000000       0.31182156692646051     
                   33  0.16250000000000001       0.31579260793108033     
                   34  0.16750000000000001       0.31902103988691721     
                   35  0.17250000000000001       0.31709357899011381     
                   36  0.17749999999999999       0.28391626497519845     
                   37  0.18250000000000000       0.18357409051906151     
                   38  0.18750000000000000       0.11585792671781309     
                   39  0.19250000000000000        9.8254652282580318E-002
                   40  0.19750000000000001        9.6858458205562450E-002
                   41  0.20250000000000001        9.9370704416718497E-002
                   42  0.20750000000000002       0.10185842775816006     
                   43  0.21249999999999999       0.10404593395869059     
                   44  0.21750000000000000       0.10597552059065747     
                   45  0.22250000000000000       0.10767985931149722     
                   46  0.22750000000000001       0.10918478175212687     
                   47  0.23250000000000001       0.11051109314723249     
                   48  0.23749999999999999       0.11167579332646894     
                   49  0.24249999999999999       0.11269292514152643     
                   50  0.24750000000000000       0.11357418148624487     
                   51  0.25250000000000000       0.11432935112122951     
                   52  0.25750000000000001       0.11496665360780067     
                   53  0.26250000000000001       0.11549299568767828     
                   54  0.26750000000000002       0.11591417039609982     
                   55  0.27250000000000002       0.11623501324138158     
                   56  0.27750000000000002       0.11645952530086524     
                   57  0.28250000000000003       0.11659097012166179     
                   58  0.28749999999999998       0.11663194930668197     
                   59  0.29249999999999998       0.11658446026522211     
                   60  0.29749999999999999       0.11644993859601382     
