                    1   0.0000000000000000       -1.9440274374292992     
                    2   5.0000000000000001E-003  -12.368408223273136     
                    3   1.0000000000000000E-002  -12.187332880777982     
                    4   1.4999999999999999E-002  -12.514567626215113     
                    5   2.0000000000000000E-002  -12.421825886303523     
                    6   2.5000000000000001E-002  -12.654943758174513     
                    7   2.9999999999999999E-002  -12.629725929877932     
                    8   3.5000000000000003E-002  -12.625244824299571     
                    9   4.0000000000000001E-002  -12.611533311473448     
                   10   4.4999999999999998E-002  -12.718385641279824     
                   11   5.0000000000000003E-002  -12.666732799883075     
                   12   5.5000000000000000E-002  -12.716793472694929     
                   13   5.9999999999999998E-002  -12.696025895274259     
                   14   6.5000000000000002E-002  -12.703370546282169     
                   15   7.0000000000000007E-002  -12.670272771646966     
                   16   7.4999999999999997E-002  -12.550947261638212     
                   17   8.0000000000000002E-002  -12.453252672357793     
                   18   8.5000000000000006E-002  -12.359219085499040     
                   19   8.9999999999999997E-002  -12.205588139109208     
                   20   9.5000000000000001E-002  -12.046037354371391     
                   21  0.10000000000000001       -11.851868109512930     
                   22  0.10500000000000000       -11.669961066852862     
                   23  0.11000000000000000       -11.463435617539908     
                   24  0.11500000000000000       -11.275637920154361     
                   25  0.12000000000000000       -11.123880123624385     
                   26  0.12500000000000000       -10.951681440592422     
                   27  0.13000000000000000       -10.785279640295103     
                   28  0.13500000000000001       -10.606470406278744     
                   29  0.14000000000000001       -10.447343462958955     
                   30  0.14499999999999999       -10.290120499932312     
                   31  0.14999999999999999       -10.126253878596726     
                   32  0.15500000000000000       -9.9721980860851485     
                   33  0.16000000000000000       -9.7928211666880038     
                   34  0.16500000000000001       -9.6102856093055600     
                   35  0.17000000000000001       -9.5019936188866261     
                   36  0.17500000000000002       -9.7838794897503352     
                   37  0.17999999999999999       -12.750933411588901     
                   38  0.18500000000000000       -25.189980812065752     
                   39  0.19000000000000000       -33.427390357479233     
                   40  0.19500000000000001       -35.294160189050821     
                   41  0.20000000000000001       -34.420878800951364     
                   42  0.20500000000000002       -33.503633051975747     
                   43  0.20999999999999999       -32.740269616315118     
                   44  0.21500000000000000       -32.097422726329491     
                   45  0.22000000000000000       -31.551464731340008     
                   46  0.22500000000000001       -31.085125121267488     
                   47  0.23000000000000001       -30.685451890950318     
                   48  0.23500000000000001       -30.342528254281738     
                   49  0.23999999999999999       -30.048634282695108     
                   50  0.24500000000000000       -29.797681333836227     
                   51  0.25000000000000000       -29.584819802439821     
                   52  0.25500000000000000       -29.406160578854649     
                   53  0.26000000000000001       -29.258573304375890     
                   54  0.26500000000000001       -29.139537898419469     
                   55  0.27000000000000002       -29.047033977123515     
                   56  0.27500000000000002       -28.979457885367385     
                   57  0.28000000000000003       -28.935560350384669     
                   58  0.28500000000000003       -28.914399939735276     
                   59  0.28999999999999998       -28.915308986409151     
                   60  0.29499999999999998       -28.937869683331130     
                   61  0.29999999999999999       -28.981898808212247     
