                    1   2.5000000000000001E-003  -7.1562178303512169     
                    2   7.4999999999999997E-003  -12.277870552025558     
                    3   1.2500000000000001E-002  -12.350950253496547     
                    4   1.7500000000000002E-002  -12.468196756259317     
                    5   2.2499999999999999E-002  -12.538384822239017     
                    6   2.7500000000000000E-002  -12.642334844026223     
                    7   3.2500000000000001E-002  -12.627485377088751     
                    8   3.7500000000000006E-002  -12.618389067886509     
                    9   4.2499999999999996E-002  -12.664959476376636     
                   10   4.7500000000000001E-002  -12.692559220581449     
                   11   5.2500000000000005E-002  -12.691763136289001     
                   12   5.7499999999999996E-002  -12.706409683984594     
                   13   6.2500000000000000E-002  -12.699698220778213     
                   14   6.7500000000000004E-002  -12.686821658964568     
                   15   7.2500000000000009E-002  -12.610610016642589     
                   16   7.7499999999999999E-002  -12.502099966998003     
                   17   8.2500000000000004E-002  -12.406235878928417     
                   18   8.7499999999999994E-002  -12.282403612304124     
                   19   9.2499999999999999E-002  -12.125812746740300     
                   20   9.7500000000000003E-002  -11.948952731942160     
                   21  0.10250000000000001       -11.760914588182896     
                   22  0.10750000000000000       -11.566698342196386     
                   23  0.11250000000000000       -11.369536768847134     
                   24  0.11749999999999999       -11.199759021889374     
                   25  0.12250000000000000       -11.037780782108403     
                   26  0.12750000000000000       -10.868480540443763     
                   27  0.13250000000000001       -10.695875023286924     
                   28  0.13750000000000001       -10.526906934618850     
                   29  0.14250000000000002       -10.368731981445634     
                   30  0.14749999999999999       -10.208187189264519     
                   31  0.15250000000000000       -10.049225982340937     
                   32  0.15750000000000000       -9.8825096263865753     
                   33  0.16250000000000001       -9.7015533879967819     
                   34  0.16750000000000001       -9.5561396140960930     
                   35  0.17250000000000001       -9.6429365543184815     
                   36  0.17749999999999999       -11.267406450669618     
                   37  0.18250000000000000       -18.970457111827326     
                   38  0.18750000000000000       -29.308685584772491     
                   39  0.19250000000000000       -34.360775273265027     
                   40  0.19750000000000001       -34.857519495001092     
                   41  0.20250000000000001       -33.962255926463556     
                   42  0.20750000000000002       -33.121951334145436     
                   43  0.21249999999999999       -32.418846171322301     
                   44  0.21750000000000000       -31.824443728834751     
                   45  0.22250000000000000       -31.318294926303750     
                   46  0.22750000000000001       -30.885288506108903     
                   47  0.23250000000000001       -30.513990072616028     
                   48  0.23749999999999999       -30.195581268488425     
                   49  0.24249999999999999       -29.923157808265668     
                   50  0.24750000000000000       -29.691250568138024     
                   51  0.25250000000000000       -29.495490190647235     
                   52  0.25750000000000001       -29.332366941615270     
                   53  0.26250000000000001       -29.199055601397681     
                   54  0.26750000000000002       -29.093285937771491     
                   55  0.27250000000000002       -29.013245931245450     
                   56  0.27750000000000002       -28.957509117876029     
                   57  0.28250000000000003       -28.924980145059973     
                   58  0.28749999999999998       -28.914854463072214     
                   59  0.29249999999999998       -28.926589334870140     
                   60  0.29749999999999999       -28.959884245771690     
