                    1   2.5000000000000001E-003  -9.0254964204662365     
                    2   7.4999999999999997E-003  -8.7231340399220976     
                    3   1.2500000000000001E-002  -8.4102510279164360     
                    4   1.7500000000000002E-002  -8.0970237557755986     
                    5   2.2499999999999999E-002  -7.7836826558362517     
                    6   2.7500000000000000E-002  -7.4697959386687707     
                    7   3.2500000000000001E-002  -7.1553373643159084     
                    8   3.7500000000000006E-002  -6.8404182873577151     
                    9   4.2499999999999996E-002  -6.5248129807190001     
                   10   4.7500000000000001E-002  -6.2084395195526110     
                   11   5.2500000000000005E-002  -5.8914179641091522     
                   12   5.7499999999999996E-002  -5.5738424913082625     
                   13   6.2500000000000000E-002  -5.2558567414331270     
                   14   6.7500000000000004E-002  -4.9376236370319067     
                   15   7.2500000000000009E-002  -4.6195176919919216     
                   16   7.7499999999999999E-002  -4.3019912719617501     
                   17   8.2500000000000004E-002  -3.9849313289833761     
                   18   8.7499999999999994E-002  -3.6681164535883299     
                   19   9.2499999999999999E-002  -3.3518306448681066     
                   20   9.7500000000000003E-002  -3.0362610693090399     
                   21  0.10250000000000001       -2.7214719821060451     
                   22  0.10750000000000000       -2.4047408452152998     
                   23  0.11250000000000000       -2.0879543498206097     
                   24  0.11749999999999999       -1.7794847251047066     
                   25  0.12250000000000000       -1.4774744180139261     
                   26  0.12750000000000000       -1.1734250561097059     
                   27  0.13250000000000001      -0.86293912888970892     
                   28  0.13750000000000001      -0.54395233098064000     
                   29  0.14250000000000002      -0.21611724983013225     
                   30  0.14749999999999999       0.11699597836165343     
                   31  0.15250000000000000       0.45033004302001423     
                   32  0.15750000000000000       0.78217879598775331     
                   33  0.16250000000000001        1.1127070757302271     
                   34  0.16750000000000001        1.4420587933110918     
                   35  0.17250000000000001        1.7703606111866628     
                   36  0.17749999999999999        2.0977247990451398     
                   37  0.18250000000000000        2.4242514754359874     
                   38  0.18750000000000000        2.7500303962220967     
                   39  0.19250000000000000        3.0751424066588608     
                   40  0.19750000000000001        3.3996606400880021     
                   41  0.20250000000000001        3.7236515225616351     
                   42  0.20750000000000002        4.0471756264344751     
                   43  0.21249999999999999        4.3702884045896546     
                   44  0.21750000000000000        4.6930408288244134     
                   45  0.22250000000000000        5.0154799499863501     
                   46  0.22750000000000001        5.3376493930816240     
                   47  0.23250000000000001        5.6595897973583735     
                   48  0.23749999999999999        5.9813392090130098     
                   49  0.24249999999999999        6.3029334324621873     
                   50  0.24750000000000000        6.6244063449074080     
                   51  0.25250000000000000        6.9457901780669946     
                   52  0.25750000000000001        7.2671157703636293     
                   53  0.26250000000000001        7.5884127924587830     
                   54  0.26750000000000002        7.9097099487601241     
                   55  0.27250000000000002        8.2310351573516520     
                   56  0.27750000000000002        8.5524157106786376     
                   57  0.28250000000000003        8.8738784192423683     
                   58  0.28749999999999998        9.1954497405153859     
                   59  0.29249999999999998        9.5171558952808866     
                   60  0.29749999999999999        9.8390229736489765     
