                    1     2.5000000000000001E-003    -8.3092229473294932     
                    2     7.4999999999999997E-003    -7.7861561405274138     
                    3     1.2500000000000001E-002    -7.2477374228753888     
                    4     1.7500000000000002E-002    -6.7085303102787748     
                    5     2.2499999999999999E-002    -6.1689170710762564     
                    6     2.7500000000000000E-002    -5.6292642440066984     
                    7     3.2500000000000001E-002    -5.0897467709305335     
                    8     3.7500000000000006E-002    -4.5504793099014353     
                    9     4.2499999999999996E-002    -4.0116292511059575     
                   10     4.7500000000000001E-002    -3.4737447235011158     
                   11     5.2500000000000005E-002    -2.9399541541062870     
                   12     5.7499999999999996E-002    -2.4322689347929742     
                   13     6.2500000000000000E-002    -2.0169142927985284     
                   14     6.7500000000000004E-002    -1.7102893039696545     
                   15     7.2500000000000009E-002    -1.4500660446669280     
                   16     7.7499999999999999E-002    -1.1913461299034056     
                   17     8.2500000000000004E-002   -0.91579867679012983     
                   18     8.7499999999999994E-002   -0.61703622293059146     
                   19     9.2499999999999999E-002   -0.29607893388249690     
                   20     9.7500000000000003E-002     3.7873491914162172E-002
                   21    0.10250000000000001         0.37227484907856090     
                   22    0.10750000000000000         0.70153469429969051     
                   23    0.11250000000000000          1.0255854993643574     
                   24    0.11749999999999999          1.3444637036681406     
                   25    0.12250000000000000          1.6581884457292069     
                   26    0.12750000000000000          1.9667698770624553     
                   27    0.13250000000000001          2.2702149182508347     
                   28    0.13750000000000001          2.5685313444554003     
                   29    0.14250000000000002          2.8617307553760560     
                   30    0.14749999999999999          3.1498307680656490     
                   31    0.15250000000000000          3.4328566429724638     
                   32    0.15750000000000000          3.7108424797966562     
                   33    0.16250000000000001          3.9838320770527282     
                   34    0.16750000000000001          4.2518795240929457     
                   35    0.17250000000000001          4.5150495788632696     
                   36    0.17749999999999999          4.7734178742650641     
                   37    0.18250000000000000          5.0270709881940405     
                   38    0.18750000000000000          5.2761064059128620     
                   39    0.19250000000000000          5.5206323978987202     
                   40    0.19750000000000001          5.7607678315549968     
                   41    0.20250000000000001          5.9966419311740902     
                   42    0.20750000000000002          6.2283939972821312     
                   43    0.21249999999999999          6.4561730939450808     
                   44    0.21750000000000000          6.6801377106895075     
                   45    0.22250000000000000          6.9004554042834449     
                   46    0.22750000000000001          7.1173024246167991     
                   47    0.23250000000000001          7.3308633282046820     
                   48    0.23749999999999999          7.5413305823109162     
                   49    0.24249999999999999          7.7489041622696053     
                   50    0.24750000000000000          7.9537911442044482     
                   51    0.25250000000000000          8.1562052949594595     
                   52    0.25750000000000001          8.3563666606272111     
                   53    0.26250000000000001          8.5545011545719767     
                   54    0.26750000000000002          8.7508401452875013     
                   55    0.27250000000000002          8.9456200438051638     
                   56    0.27750000000000002          9.1390818896891517     
                   57    0.28250000000000003          9.3314709339376201     
                   58    0.28749999999999998          9.5230362163730540     
                   59    0.29249999999999998          9.7140301343716544     
                   60    0.29749999999999999          9.9047079990704496     
