   0.0000000000000000                         2
   1.0000000000000000                         2
   1.9540000000000002                         2
   2.8641160000000001                         2
   3.8288389600000006                         2
   4.8514452976000007                         2
   5.9354080154560007                         2
   7.0844084963833609                         2
   8.3023490061663630                         2
   9.5933659465363448                         2
   10.961843903328527                         2
   12.412430537528239                         2
   13.950052369779934                         2
   15.579931511966731                         2
   17.307603402684734                         2
   19.138935606845820                         2
   21.080147743256571                         2
   23.137832607851966                         2
   25.318978564323086                         2
   27.630993278182473                         2
   30.081728874873424                         2
   32.679508607365833                         2
   35.433155123807786                         2
   38.352020431236255                         2
   41.446017657110431                         2
   44.725654716537058                         2
   48.202069999529286                         2
   51.887070199501046                         2
   55.793170411471110                         2
   59.933636636159378                         2
   64.322530834328944                         2
   68.974758684388689                         2
   73.906120205452012                         2
   79.133363417779137                         2
   84.674241222845893                         2
   90.547571696216650                         2
   96.773301997989648                         2
   103.37257611786903                         2
   110.36780668494117                         2
   117.78275108603765                         2
   125.64259215119992                         2
   133.97402368027193                         2
   142.80534110108826                         2
   152.16653756715357                         2
   162.08940582118279                         2
   172.60764617045376                         3
   183.75698094068099                         2
   194.90631571090822                         2
   206.72461056734909                         2
   219.25200311517639                         2
   232.53103921587336                         2
   246.60681748261214                         2
   261.52714244535525                         2
   277.34268690586293                         2
   294.10716403400107                         2
   311.87750978982751                         2
   330.71407629100355                         2
   350.68083678225014                         2
   371.84560290297151                         2
   394.28025499093616                         2
   418.06098620417873                         2
   443.26856129021581                         2
   469.98859088141512                         2
   498.31182224808640                         2
   528.33444749675800                         2
   560.15843026034986                         2
   593.89185198975724                         2
   629.64927902292902                         2
   667.55215167809115                         2
   707.72919669256305                         2
   750.31686440790327                         2
   795.45979218616390                         2
   843.31129563112017                         2
   894.03388928277377                         2
   947.79983855352657                         2
   1004.7917447805246                         2
   1065.2031653811425                         2
   1129.2392712177975                         2
   1197.1175434046518                         2
   1269.0685119227173                         2
   1345.3365385518669                         2
   1426.1806467787653                         2
   1511.8754014992776                         3
   1602.7118415030207                         2
   1693.5482815067637                         2
   1789.8349079107313                         2
   1891.8987318989371                         2
   2000.0863853264352                         2
   2114.7652979595832                         2
   2236.3249453507201                         2
   2365.1781715853253                         2
   2501.7625913940069                         2
   2646.5420763912093                         2
   2800.0083304882437                         2
   2962.6825598311002                         2
   3135.1172429345279                         2
   3317.8980070241614                         3
   3511.6456169591729                         2
   3705.3932268941844                         2
   3905.3932268941844                         2
   4105.3932268941844                         2
   4305.3932268941844                         2
   4505.3932268941844                         2
   4705.3932268941844                         2
   4905.3932268941844                         2
   5105.3932268941844                         2
   5305.3932268941844                         2
   5505.3932268941844                         2
   5705.3932268941844                         2
   5905.3932268941844                         2
   6105.3932268941844                         2
   6305.3932268941844                         2
   6505.3932268941844                         2
   6705.3932268941844                         2
   6905.3932268941844                         2
   7105.3932268941844                         2
   7305.3932268941844                         2
   7505.3932268941844                         2
   7705.3932268941844                         2
   7905.3932268941844                         2
   8105.3932268941844                         2
   8305.3932268941844                         2
   8505.3932268941844                         2
   8705.3932268941844                         2
   8905.3932268941844                         2
   9105.3932268941844                         2
   9305.3932268941844                         2
   9505.3932268941844                         2
   9705.3932268941844                         2
   9905.3932268941844                         2
   10105.393226894184                         2
   10305.393226894184                         2
   10505.393226894184                         2
   10705.393226894184                         2
   10905.393226894184                         2
   11105.393226894184                         2
   11305.393226894184                         2
   11505.393226894184                         2
   11705.393226894184                         2
   11905.393226894184                         2
   12105.393226894184                         2
   12305.393226894184                         2
   12505.393226894184                         2
   12705.393226894184                         2
   12905.393226894184                         2
   13105.393226894184                         2
   13305.393226894184                         2
   13505.393226894184                         2
   13705.393226894184                         2
   13905.393226894184                         2
   14105.393226894184                         2
   14305.393226894184                         2
   14505.393226894184                         2
   14705.393226894184                         2
   14905.393226894184                         2
   15105.393226894184                         2
   15305.393226894184                         2
   15505.393226894184                         2
   15705.393226894184                         2
   15905.393226894184                         2
   16105.393226894184                         2
   16305.393226894184                         2
   16505.393226894186                         2
   16705.393226894186                         2
   16905.393226894186                         2
   17105.393226894186                         2
   17305.393226894186                         2
   17505.393226894186                         2
   17705.393226894186                         2
   17905.393226894186                         2
   18105.393226894186                         2
   18305.393226894186                         2
   18505.393226894186                         2
   18705.393226894186                         2
   18905.393226894186                         2
   19105.393226894186                         2
   19305.393226894186                         2
   19505.393226894186                         2
   19705.393226894186                         2
   19905.393226894186                         2
   20105.393226894186                         2
   20305.393226894186                         2
   20505.393226894186                         2
   20705.393226894186                         2
   20905.393226894186                         2
   21105.393226894186                         2
   21305.393226894186                         2
   21505.393226894186                         2
   21705.393226894186                         2
   21905.393226894186                         2
   22105.393226894186                         2
   22305.393226894186                         2
   22505.393226894186                         2
   22705.393226894186                         2
   22905.393226894186                         2
   23105.393226894186                         2
   23305.393226894186                         2
   23505.393226894186                         2
   23705.393226894186                         2
   23905.393226894186                         2
   24105.393226894186                         2
   24305.393226894186                         2
   24505.393226894186                         2
   24705.393226894186                         2
   24905.393226894186                         2
   25105.393226894186                         2
   25305.393226894186                         2
   25505.393226894186                         2
   25705.393226894186                         2
   25905.393226894186                         2
   26105.393226894186                         2
   26305.393226894186                         2
   26505.393226894186                         2
   26705.393226894186                         2
   26905.393226894186                         2
   27105.393226894186                         2
   27305.393226894186                         2
   27505.393226894186                         2
   27705.393226894186                         2
   27905.393226894186                         2
   28105.393226894186                         2
   28305.393226894186                         2
   28505.393226894186                         2
   28705.393226894186                         2
   28905.393226894186                         2
   29105.393226894186                         2
   29305.393226894186                         2
   29505.393226894186                         2
   29705.393226894186                         2
   29905.393226894186                         2
   30105.393226894186                         2
   30305.393226894186                         2
   30505.393226894186                         2
   30705.393226894186                         2
   30905.393226894186                         2
   31105.393226894186                         2
   31305.393226894186                         2
   31505.393226894186                         2
   31705.393226894186                         2
   31905.393226894186                         2
   32105.393226894186                         2
   32305.393226894186                         1
   32505.393226894186                         1
   32705.393226894186                         1
   32905.393226894186                         1
   33105.393226894186                         1
   33305.393226894186                         1
   33505.393226894186                         1
   33705.393226894186                         1
   33905.393226894186                         1
   34105.393226894186                         1
   34305.393226894186                         1
   34505.393226894186                         1
   34705.393226894186                         1
   34905.393226894186                         1
   35105.393226894186                         1
   35305.393226894186                         1
   35505.393226894186                         1
   35705.393226894186                         1
   35905.393226894186                         1
   36105.393226894186                         1
   36305.393226894186                         1
   36505.393226894186                         1
   36705.393226894186                         1
   36905.393226894186                         1
   37105.393226894186                         1
   37305.393226894186                         1
   37505.393226894186                         1
   37705.393226894186                         1
   37905.393226894186                         1
   38105.393226894186                         1
   38305.393226894186                         1
   38505.393226894186                         1
   38705.393226894186                         1
   38905.393226894186                         1
   39105.393226894186                         1
   39305.393226894186                         1
   39505.393226894186                         1
   39705.393226894186                         1
   39905.393226894186                         1
   40105.393226894186                         1
   40305.393226894186                         1
   40505.393226894186                         1
   40705.393226894186                         1
   40905.393226894186                         1
   41105.393226894186                         1
   41305.393226894186                         1
   41505.393226894186                         1
   41705.393226894186                         1
   41905.393226894186                         1
   42105.393226894186                         1
   42305.393226894186                         1
   42505.393226894186                         1
   42705.393226894186                         1
   42905.393226894186                         1
   43105.393226894186                         1
   43305.393226894186                         1
   43505.393226894186                         1
   43705.393226894186                         1
   43905.393226894186                         1
   44105.393226894186                         1
   44305.393226894186                         1
   44505.393226894186                         1
   44705.393226894186                         1
   44905.393226894186                         1
   45105.393226894186                         1
   45305.393226894186                         1
   45505.393226894186                         1
   45705.393226894186                         1
   45905.393226894186                         1
   46105.393226894186                         1
   46305.393226894186                         1
   46505.393226894186                         1
   46705.393226894186                         1
   46905.393226894186                         1
   47105.393226894186                         1
   47305.393226894186                         1
   47505.393226894186                         1
   47705.393226894186                         1
   47905.393226894186                         1
   48105.393226894186                         1
   48305.393226894186                         1
   48505.393226894186                         1
   48705.393226894186                         1
   48905.393226894186                         1
   49105.393226894186                         1
   49305.393226894186                         1
   49505.393226894186                         1
   49705.393226894186                         1
   49905.393226894186                         1
   50105.393226894186                         1
   50305.393226894186                         1
   50505.393226894186                         1
   50705.393226894186                         1
   50905.393226894186                         1
   51105.393226894186                         1
   51305.393226894186                         1
   51505.393226894186                         1
   51705.393226894186                         1
   51905.393226894186                         1
   52105.393226894186                         1
   52305.393226894186                         1
   52505.393226894186                         1
   52705.393226894186                         1
   52905.393226894186                         1
   53105.393226894186                         1
   53305.393226894186                         1
   53505.393226894186                         1
   53705.393226894186                         1
   53905.393226894186                         1
   54105.393226894186                         1
   54305.393226894186                         1
   54505.393226894186                         1
   54705.393226894186                         1
   54905.393226894186                         1
   55105.393226894186                         1
   55305.393226894186                         1
   55505.393226894186                         1
   55705.393226894186                         1
   55905.393226894186                         1
   56105.393226894186                         1
   56305.393226894186                         1
   56505.393226894186                         1
   56705.393226894186                         1
   56905.393226894186                         1
   57105.393226894186                         1
   57305.393226894186                         1
   57505.393226894186                         1
   57705.393226894186                         1
   57905.393226894186                         1
   58105.393226894186                         1
   58305.393226894186                         1
   58505.393226894186                         1
   58705.393226894186                         1
   58905.393226894186                         1
   59105.393226894186                         1
   59305.393226894186                         1
   59505.393226894186                         1
   59705.393226894186                         1
   59905.393226894186                         1
   60105.393226894186                         1
   60305.393226894186                         1
   60505.393226894186                         1
   60705.393226894186                         1
   60905.393226894186                         1
   61105.393226894186                         1
   61305.393226894186                         1
   61505.393226894186                         1
   61705.393226894186                         1
   61905.393226894186                         1
   62105.393226894186                         1
   62305.393226894186                         1
   62505.393226894186                         1
   62705.393226894186                         1
   62905.393226894186                         1
   63105.393226894186                         1
   63305.393226894186                         1
   63505.393226894186                         1
   63705.393226894186                         1
   63905.393226894186                         1
   64105.393226894186                         1
   64305.393226894186                         1
   64505.393226894186                         1
   64705.393226894186                         1
   64905.393226894186                         1
   65105.393226894186                         1
   65305.393226894186                         1
   65505.393226894186                         1
   65705.393226894186                         1
   65905.393226894186                         1
   66105.393226894186                         1
   66305.393226894186                         1
   66505.393226894186                         1
   66705.393226894186                         1
   66905.393226894186                         1
   67105.393226894186                         1
   67305.393226894186                         1
   67505.393226894186                         1
   67705.393226894186                         1
   67905.393226894186                         1
   68105.393226894186                         1
   68305.393226894186                         1
   68505.393226894186                         1
   68705.393226894186                         1
   68905.393226894186                         1
   69105.393226894186                         1
   69305.393226894186                         1
   69505.393226894186                         1
   69705.393226894186                         1
   69905.393226894186                         1
   70105.393226894186                         1
   70305.393226894186                         1
   70505.393226894186                         1
   70705.393226894186                         1
   70905.393226894186                         1
   71105.393226894186                         1
   71305.393226894186                         1
   71505.393226894186                         1
   71705.393226894186                         1
   71905.393226894186                         1
   72105.393226894186                         1
   72305.393226894186                         1
   72505.393226894186                         1
   72705.393226894186                         1
   72905.393226894186                         1
   73105.393226894186                         1
   73305.393226894186                         1
   73505.393226894186                         1
   73705.393226894186                         1
   73905.393226894186                         1
   74105.393226894186                         1
   74305.393226894186                         1
   74505.393226894186                         1
   74705.393226894186                         1
   74905.393226894186                         1
   75105.393226894186                         1
   75305.393226894186                         1
   75505.393226894186                         1
   75705.393226894186                         1
   75905.393226894186                         1
   76105.393226894186                         1
   76305.393226894186                         1
   76505.393226894186                         1
   76705.393226894186                         1
   76905.393226894186                         1
   77105.393226894186                         1
   77305.393226894186                         1
   77505.393226894186                         1
   77705.393226894186                         1
   77905.393226894186                         1
   78105.393226894186                         1
   78305.393226894186                         1
   78505.393226894186                         1
   78705.393226894186                         1
   78905.393226894186                         1
   79105.393226894186                         1
   79305.393226894186                         1
   79505.393226894186                         1
   79705.393226894186                         1
   79905.393226894186                         1
   80105.393226894186                         1
   80305.393226894186                         1
   80505.393226894186                         1
   80705.393226894186                         1
   80905.393226894186                         1
   81105.393226894186                         1
   81305.393226894186                         1
   81505.393226894186                         1
   81705.393226894186                         1
   81905.393226894186                         1
   82105.393226894186                         1
   82305.393226894186                         1
   82505.393226894186                         1
   82705.393226894186                         1
   82905.393226894186                         1
   83105.393226894186                         1
   83305.393226894186                         1
   83505.393226894186                         1
   83705.393226894186                         1
   83905.393226894186                         1
   84105.393226894186                         1
   84305.393226894186                         1
   84505.393226894186                         1
   84705.393226894186                         1
   84905.393226894186                         1
   85105.393226894186                         1
   85305.393226894186                         1
   85505.393226894186                         1
   85705.393226894186                         1
   85905.393226894186                         1
   86105.393226894186                         1
   86305.393226894186                         1
