                    1   0.0000000000000000       -3.9807362241871669     
                    2   5.0000000000000001E-003  -5.3249131402936856     
                    3   1.0000000000000000E-002  -5.4343683506670102     
                    4   1.4999999999999999E-002  -5.6561310693684330     
                    5   2.0000000000000000E-002  -7.0530388988612174     
                    6   2.5000000000000001E-002  -7.3883112975329226     
                    7   2.9999999999999999E-002  -7.0830030136882911     
                    8   3.5000000000000003E-002  -6.8832537089523802     
                    9   4.0000000000000001E-002  -6.7895664156010183     
                   10   4.4999999999999998E-002  -6.7476706843036203     
                   11   5.0000000000000003E-002  -6.7289608135505024     
                   12   5.5000000000000000E-002  -6.7205615126253271     
                   13   5.9999999999999998E-002  -6.7166293912624360     
                   14   6.5000000000000002E-002  -6.7145523690881825     
                   15   7.0000000000000007E-002  -6.7131959077265533     
                   16   7.4999999999999997E-002  -6.7120880623038834     
                   17   8.0000000000000002E-002  -6.7110463057330705     
                   18   8.5000000000000006E-002  -6.7100104570250068     
                   19   8.9999999999999997E-002  -6.7089696937300545     
                   20   9.5000000000000001E-002  -6.7079314488988935     
                   21  0.10000000000000001       -6.7069085075270687     
                   22  0.10500000000000000       -6.7059138422685312     
                   23  0.11000000000000000       -6.7049586828984866     
                   24  0.11500000000000000       -6.7040519204464220     
                   25  0.12000000000000000       -6.7032000584905980     
                   26  0.12500000000000000       -6.7024073872026753     
                   27  0.13000000000000000       -6.7016762449233998     
                   28  0.13500000000000001       -6.7010073084296717     
                   29  0.14000000000000001       -6.7003998840802099     
                   30  0.14499999999999999       -6.6998521852216806     
                   31  0.14999999999999999       -6.6993615875196495     
                   32  0.15500000000000000       -6.6989248574439086     
                   33  0.16000000000000000       -6.6985383515348484     
                   34  0.16500000000000001       -6.6981981858530490     
                   35  0.17000000000000001       -6.6979003763564195     
                   36  0.17500000000000002       -6.6976409519324722     
                   37  0.17999999999999999       -6.6974160424830549     
                   38  0.18500000000000000       -6.6972219448589119     
                   39  0.19000000000000000       -6.6970551696184559     
                   40  0.19500000000000001       -6.6969124715865549     
                   41  0.20000000000000001       -6.6967908670605487     
                   42  0.20500000000000002       -6.6966876402930451     
                   43  0.20999999999999999       -6.6966003416088631     
                   44  0.21500000000000000       -6.6965267792150414     
                   45  0.22000000000000000       -6.6964650064594453     
                   46  0.22500000000000001       -6.6964133060010154     
                   47  0.23000000000000001       -6.6963701720841868     
                   48  0.23500000000000001       -6.6963342918701718     
                   49  0.23999999999999999       -6.6963045265779195     
                   50  0.24500000000000000       -6.6962798930463903     
                   51  0.25000000000000000       -6.6962595462936711     
                   52  0.25500000000000000       -6.6962427638386028     
                   53  0.26000000000000001       -6.6962289332761795     
                   54  0.26500000000000001       -6.6962175466207059     
                   55  0.27000000000000002       -6.6962082100660423     
                   56  0.27500000000000002       -6.6962006902231339     
                   57  0.28000000000000003       -6.6961950467368103     
                   58  0.28500000000000003       -6.6961919656262872     
                   59  0.28999999999999998       -6.6961935455979935     
                   60  0.29499999999999998       -6.6962050704569069     
                   61  0.29999999999999999       -6.6962388404224908     
