                    1   2.5000000000000001E-003  0.23377461306168026     
                    2   7.4999999999999997E-003  0.22021146705951009     
                    3   1.2500000000000001E-002  0.21982381410493607     
                    4   1.7500000000000002E-002  0.22007233245130009     
                    5   2.2499999999999999E-002  0.21998850993088598     
                    6   2.7500000000000000E-002  0.21962863425303925     
                    7   3.2500000000000001E-002  0.21947252362832453     
                    8   3.7500000000000006E-002  0.21919371519815198     
                    9   4.2499999999999996E-002  0.21858505629170966     
                   10   4.7500000000000001E-002  0.21785616992823581     
                   11   5.2500000000000005E-002  0.21647365711931416     
                   12   5.7499999999999996E-002  0.21240514027729851     
                   13   6.2500000000000000E-002  0.20143588611044719     
                   14   6.7500000000000004E-002  0.19162737117734341     
                   15   7.2500000000000009E-002  0.18931058924326377     
                   16   7.7499999999999999E-002  0.19021579965855120     
                   17   8.2500000000000004E-002  0.19194556908800517     
                   18   8.7499999999999994E-002  0.19375029479980099     
                   19   9.2499999999999999E-002  0.19532723752409498     
                   20   9.7500000000000003E-002  0.19657984909533999     
                   21  0.10250000000000001       0.19752290651390814     
                   22  0.10750000000000000       0.19820503107544662     
                   23  0.11250000000000000       0.19868470664024945     
                   24  0.11749999999999999       0.19902124877697913     
                   25  0.12250000000000000       0.19925658710255120     
                   26  0.12750000000000000       0.19942057118866691     
                   27  0.13250000000000001       0.19953449209264534     
                   28  0.13750000000000001       0.19961351603273103     
                   29  0.14250000000000002       0.19966840691441134     
                   30  0.14749999999999999       0.19970676350935601     
                   31  0.15250000000000000       0.19973391497494328     
                   32  0.15750000000000000       0.19975357056196155     
                   33  0.16250000000000001       0.19976829011224501     
                   34  0.16750000000000001       0.19977982311872600     
                   35  0.17250000000000001       0.19978935132590361     
                   36  0.17749999999999999       0.19979766073819807     
                   37  0.18250000000000000       0.19980526219657035     
                   38  0.18750000000000000       0.19981247465167154     
                   39  0.19250000000000000       0.19981948145919531     
                   40  0.19750000000000001       0.19982636715305685     
                   41  0.20250000000000001       0.19983314000080540     
                   42  0.20750000000000002       0.19983974405171151     
                   43  0.21249999999999999       0.19984606322650078     
                   44  0.21750000000000000       0.19985191917246681     
                   45  0.22250000000000000       0.19985706404528852     
                   46  0.22750000000000001       0.19986116902420614     
                   47  0.23250000000000001       0.19986380917917176     
                   48  0.23749999999999999       0.19986444525600236     
                   49  0.24249999999999999       0.19986240300324182     
                   50  0.24750000000000000       0.19985685080971632     
                   51  0.25250000000000000       0.19984677663158720     
                   52  0.25750000000000001       0.19983096543662715     
                   53  0.26250000000000001       0.19980797865277991     
                   54  0.26750000000000002       0.19977613734634675     
                   55  0.27250000000000002       0.19973351103994502     
                   56  0.27750000000000002       0.19967791418123734     
                   57  0.28250000000000003       0.19960691226539240     
                   58  0.28749999999999998       0.19951783948129106     
                   59  0.29249999999999998       0.19940782948916089     
                   60  0.29749999999999999       0.19927386055427360     
