                    1     0.0000000000000000          6.4303573128763336     
                    2     5.0000000000000001E-003    -8.5225491985246649     
                    3     1.0000000000000000E-002    -11.046351703528927     
                    4     1.4999999999999999E-002    -11.200640437954204     
                    5     2.0000000000000000E-002    -11.430167825733299     
                    6     2.5000000000000001E-002    -11.403025497530882     
                    7     2.9999999999999999E-002    -11.476192882476697     
                    8     3.5000000000000003E-002    -11.537186162391045     
                    9     4.0000000000000001E-002    -11.531733045207904     
                   10     4.4999999999999998E-002    -11.473628368525068     
                   11     5.0000000000000003E-002    -11.474846365425021     
                   12     5.5000000000000000E-002    -11.414276266643606     
                   13     5.9999999999999998E-002    -11.332550524203192     
                   14     6.5000000000000002E-002    -11.161353992813956     
                   15     7.0000000000000007E-002    -10.998407924518450     
                   16     7.4999999999999997E-002    -10.762057831185352     
                   17     8.0000000000000002E-002    -10.505150004736262     
                   18     8.5000000000000006E-002    -10.181744010326531     
                   19     8.9999999999999997E-002    -9.7949255611785002     
                   20     9.5000000000000001E-002    -9.3437056657126636     
                   21    0.10000000000000001         -8.8876626030211625     
                   22    0.10500000000000000         -8.3758877206762214     
                   23    0.11000000000000000         -7.8064118005844607     
                   24    0.11500000000000000         -7.1934039673639525     
                   25    0.12000000000000000         -6.4721085102780140     
                   26    0.12500000000000000         -5.6397458193345464     
                   27    0.13000000000000000         -4.6517603798008667     
                   28    0.13500000000000001         -3.6196079774759768     
                   29    0.14000000000000001         -4.9213393553796942     
                   30    0.14499999999999999         -25.218455402092488     
                   31    0.14999999999999999         -32.404518816624659     
                   32    0.15500000000000000         -31.973535465896596     
                   33    0.16000000000000000         -31.608450676100350     
                   34    0.16500000000000001         -31.299044400584762     
                   35    0.17000000000000001         -31.035290171160050     
                   36    0.17500000000000002         -30.809902025036102     
                   37    0.17999999999999999         -30.618047164120238     
                   38    0.18500000000000000         -30.456445011353928     
                   39    0.19000000000000000         -30.322668646559169     
                   40    0.19500000000000001         -30.214754883769437     
                   41    0.20000000000000001         -30.131023905383088     
                   42    0.20500000000000002         -30.070005845130250     
                   43    0.20999999999999999         -30.030411975695980     
                   44    0.21500000000000000         -30.011120880516806     
                   45    0.22000000000000000         -30.011168162580983     
                   46    0.22500000000000001         -30.029736400331977     
                   47    0.23000000000000001         -30.066145050555885     
                   48    0.23500000000000001         -30.119840779281716     
                   49    0.23999999999999999         -30.190388711140120     
                   50    0.24500000000000000         -30.277464914344112     
                   51    0.25000000000000000         -30.380850280227527     
                   52    0.25500000000000000         -30.500425856493386     
                   53    0.26000000000000001         -30.636169645731844     
                   54    0.26500000000000001         -30.788154869400501     
                   55    0.27000000000000002         -30.956549709000544     
                   56    0.27500000000000002         -31.141618562137463     
                   57    0.28000000000000003         -31.343724887005131     
                   58    0.28500000000000003         -31.563335752689284     
                   59    0.28999999999999998         -31.801028264167417     
                   60    0.29499999999999998         -32.057498090351821     
                   61    0.29999999999999999         -32.333570391881345     
