                    1   0.0000000000000000       -5.5925040578932812     
                    2   5.0000000000000001E-003  -5.3908563142414634     
                    3   1.0000000000000000E-002  -5.1842819985439723     
                    4   1.4999999999999999E-002  -4.9777294149515470     
                    5   2.0000000000000000E-002  -4.7708217215353139     
                    6   2.5000000000000001E-002  -4.5636410198837769     
                    7   2.9999999999999999E-002  -4.3567101578236826     
                    8   3.5000000000000003E-002  -4.1498785353864305     
                    9   4.0000000000000001E-002  -3.9436380906165680     
                   10   4.4999999999999998E-002  -3.7375894752669381     
                   11   5.0000000000000003E-002  -3.5316104199315888     
                   12   5.5000000000000000E-002  -3.3260924698736289     
                   13   5.9999999999999998E-002  -3.1207283708480289     
                   14   6.5000000000000002E-002  -2.9154166815933840     
                   15   7.0000000000000007E-002  -2.7107656674483969     
                   16   7.4999999999999997E-002  -2.5067821326564594     
                   17   8.0000000000000002E-002  -2.3033942783217274     
                   18   8.5000000000000006E-002  -2.1010604545853080     
                   19   8.9999999999999997E-002  -1.8997647914307765     
                   20   9.5000000000000001E-002  -1.6997941967047305     
                   21  0.10000000000000001       -1.5014180899298379     
                   22  0.10500000000000000       -1.3050860198266210     
                   23  0.11000000000000000       -1.1110455604269025     
                   24  0.11500000000000000      -0.92007730113013775     
                   25  0.12000000000000000      -0.73330420961844534     
                   26  0.12500000000000000      -0.55374538873794654     
                   27  0.13000000000000000      -0.38223179417985703     
                   28  0.13500000000000001      -0.21439219709982291     
                   29  0.14000000000000001       -4.7292632833441574E-002
                   30  0.14499999999999999       0.11876048301088131     
                   31  0.14999999999999999       0.28383977478501160     
                   32  0.15500000000000000       0.44800782866464628     
                   33  0.16000000000000000       0.61132179270792286     
                   34  0.16500000000000001       0.77383521266984856     
                   35  0.17000000000000001       0.93559880884829916     
                   36  0.17500000000000002        1.0966607863461828     
                   37  0.17999999999999999        1.2570669684691991     
                   38  0.18500000000000000        1.4168608932447426     
                   39  0.19000000000000000        1.5760839263813538     
                   40  0.19500000000000001        1.7347753998469213     
                   41  0.20000000000000001        1.8929727678936750     
                   42  0.20500000000000002        2.0507117690052121     
                   43  0.20999999999999999        2.2080265845725036     
                   44  0.21500000000000000        2.3649499887289127     
                   45  0.22000000000000000        2.5215134868536246     
                   46  0.22500000000000001        2.6777474423123158     
                   47  0.23000000000000001        2.8336811921479419     
                   48  0.23500000000000001        2.9893431529348367     
                   49  0.23999999999999999        3.1447609181237781     
                   50  0.24500000000000000        3.2999613481231505     
                   51  0.25000000000000000        3.4549706542001166     
                   52  0.25500000000000000        3.6098144771114038     
                   53  0.26000000000000001        3.7645179612167952     
                   54  0.26500000000000001        3.9191058247010355     
                   55  0.27000000000000002        4.0736024264325756     
                   56  0.27500000000000002        4.2280318299170556     
                   57  0.28000000000000003        4.3824178647551832     
                   58  0.28500000000000003        4.5367841859845441     
                   59  0.28999999999999998        4.6911543316699440     
                   60  0.29499999999999998        4.8455517791052349     
                   61  0.29999999999999999        5.0000000000000000     
