                    1   2.5000000000000001E-003  -7.1707611272481423E-017
                    2   7.4999999999999997E-003  -9.6228217359425098E-017
                    3   1.2500000000000001E-002  -1.2292136516261461E-016
                    4   1.7500000000000002E-002  -1.5837038125562973E-016
                    5   2.2499999999999999E-002  -2.0801455686680075E-016
                    6   2.7500000000000000E-002  -2.7462790075689086E-016
                    7   3.2500000000000001E-002  -3.6789107739836755E-016
                    8   3.7500000000000006E-002  -5.0132535677833866E-016
                    9   4.2499999999999996E-002  -6.8873335008718061E-016
                   10   4.7500000000000001E-002  -9.7875801232734173E-016
                   11   5.2500000000000005E-002  -1.4045851072747426E-015
                   12   5.7499999999999996E-002  -2.0809870160900059E-015
                   13   6.2500000000000000E-002  -3.1684083671342853E-015
                   14   6.7500000000000004E-002  -5.0109625440844110E-015
                   15   7.2500000000000009E-002  -8.1409427077393546E-015
                   16   7.7499999999999999E-002  -1.4049067207417257E-014
                   17   8.2500000000000004E-002  -2.5386763238048622E-014
                   18   8.7499999999999994E-002  -4.9524924964000576E-014
                   19   9.2499999999999999E-002  -1.0538836189689441E-013
                   20   9.7500000000000003E-002  -2.5317426276865357E-013
                   21  0.10250000000000001       -7.1564883896259590E-013
                   22  0.10750000000000000       -2.5943608352012271E-012
                   23  0.11250000000000000       -1.4163278144499459E-011
                   24  0.11749999999999999       -1.6749220603379873E-010
                   25  0.12250000000000000       -6.9274139894006766E-009
                   26  0.12750000000000000       -2.5932269040288871E-008
                   27  0.13250000000000001       -2.7811109085607617E-008
                   28  0.13750000000000001       -8.0404217295692816E-009
                   29  0.14250000000000002       -7.5641753163678798E-009
                   30  0.14749999999999999       -7.1929727563310393E-009
                   31  0.15250000000000000       -6.8633962458293220E-009
                   32  0.15750000000000000       -6.5483478067713610E-009
                   33  0.16250000000000001       -6.2373821420756595E-009
                   34  0.16750000000000001       -5.9278979137910562E-009
                   35  0.17250000000000001       -5.6207907739650145E-009
                   36  0.17749999999999999       -5.3181132713427998E-009
                   37  0.18250000000000000       -5.0218884490523722E-009
                   38  0.18750000000000000       -4.7336294497145761E-009
                   39  0.19250000000000000       -4.4542504562632711E-009
                   40  0.19750000000000001       -4.1841544995835684E-009
                   41  0.20250000000000001       -3.9233717042722687E-009
                   42  0.20750000000000002       -3.6716867204696260E-009
                   43  0.21249999999999999       -3.4287341763280572E-009
                   44  0.21750000000000000       -3.1940613500734992E-009
                   45  0.22250000000000000       -2.9671651321467494E-009
                   46  0.22750000000000001       -2.7475116550993309E-009
                   47  0.23250000000000001       -2.5345455453993264E-009
                   48  0.23749999999999999       -2.3276936617741635E-009
                   49  0.24249999999999999       -2.1263663329290329E-009
                   50  0.24750000000000000       -1.9299577605075479E-009
                   51  0.25250000000000000       -1.7378463891633717E-009
                   52  0.25750000000000001       -1.5493955465789616E-009
                   53  0.26250000000000001       -1.3639543982915529E-009
                   54  0.26750000000000002       -1.1808591470174875E-009
                   55  0.27250000000000002       -9.9943436639335724E-010
                   56  0.27750000000000002       -8.1899435222361919E-010
                   57  0.28250000000000003       -6.3884437654859976E-010
                   58  0.28749999999999998       -4.5828173050013309E-010
                   59  0.29249999999999998       -2.7659644211851824E-010
                   60  0.29749999999999999       -9.3071568518497160E-011
