                    1   0.0000000000000000       -20.458185571660341     
                    2   5.0000000000000001E-003  -22.219891387723091     
                    3   1.0000000000000000E-002  -22.247969898881859     
                    4   1.4999999999999999E-002  -22.233397144899051     
                    5   2.0000000000000000E-002  -22.413867165181053     
                    6   2.5000000000000001E-002  -22.376031343554953     
                    7   2.9999999999999999E-002  -22.363242455105489     
                    8   3.5000000000000003E-002  -22.392171885434561     
                    9   4.0000000000000001E-002  -22.198428542915472     
                   10   4.4999999999999998E-002  -22.390926242493563     
                   11   5.0000000000000003E-002  -22.254700084788119     
                   12   5.5000000000000000E-002  -22.307472949065705     
                   13   5.9999999999999998E-002  -22.304354091590618     
                   14   6.5000000000000002E-002  -22.414517581470800     
                   15   7.0000000000000007E-002  -22.195902453644727     
                   16   7.4999999999999997E-002  -22.334575783658593     
                   17   8.0000000000000002E-002  -22.194995833192994     
                   18   8.5000000000000006E-002  -22.252555330842004     
                   19   8.9999999999999997E-002  -22.504670447287033     
                   20   9.5000000000000001E-002  -24.738717811976279     
                   21  0.10000000000000001       -27.386247994369040     
                   22  0.10500000000000000       -28.002102045641383     
                   23  0.11000000000000000       -27.631215434157745     
                   24  0.11500000000000000       -27.258355366875961     
                   25  0.12000000000000000       -26.952474177512315     
                   26  0.12500000000000000       -26.696566645758519     
                   27  0.13000000000000000       -26.480368951327534     
                   28  0.13500000000000001       -26.296769848352923     
                   29  0.14000000000000001       -26.140381248607461     
                   30  0.14499999999999999       -26.006919289553707     
                   31  0.14999999999999999       -25.892892600437506     
                   32  0.15500000000000000       -25.795417250929297     
                   33  0.16000000000000000       -25.712091173716470     
                   34  0.16500000000000001       -25.640901442241088     
                   35  0.17000000000000001       -25.580152838389342     
                   36  0.17500000000000002       -25.528411842790756     
                   37  0.17999999999999999       -25.484462412513313     
                   38  0.18500000000000000       -25.447270906062140     
                   39  0.19000000000000000       -25.415958093913726     
                   40  0.19500000000000001       -25.389776625192937     
                   41  0.20000000000000001       -25.368092679612211     
                   42  0.20500000000000002       -25.350370831242024     
                   43  0.20999999999999999       -25.336161389583317     
                   44  0.21500000000000000       -25.325089668795428     
                   45  0.22000000000000000       -25.316846775955927     
                   46  0.22500000000000001       -25.311181613115931     
                   47  0.23000000000000001       -25.307893864259949     
                   48  0.23500000000000001       -25.306827794234909     
                   49  0.23999999999999999       -25.307866727833602     
                   50  0.24500000000000000       -25.310928107639562     
                   51  0.25000000000000000       -25.315959051972559     
                   52  0.25500000000000000       -25.322932351484202     
                   53  0.26000000000000001       -25.331842856199227     
                   54  0.26500000000000001       -25.342704215204343     
                   55  0.27000000000000002       -25.355545939566142     
                   56  0.27500000000000002       -25.370410766000262     
                   57  0.28000000000000003       -25.387352304736947     
                   58  0.28500000000000003       -25.406432960236966     
                   59  0.28999999999999998       -25.427722118126713     
                   60  0.29499999999999998       -25.451294596123525     
                   61  0.29999999999999999       -25.477229360973201     
