                    1   2.5000000000000001E-003  -21.356724216913822     
                    2   7.4999999999999997E-003  -22.273022652897019     
                    3   1.2500000000000001E-002  -22.342025410760538     
                    4   1.7500000000000002E-002  -23.330445953490312     
                    5   2.2499999999999999E-002  -25.601680574093102     
                    6   2.7500000000000000E-002  -26.619683704018257     
                    7   3.2500000000000001E-002  -26.094880832811093     
                    8   3.7500000000000006E-002  -25.743524078548980     
                    9   4.2499999999999996E-002  -25.534763166507279     
                   10   4.7500000000000001E-002  -25.411800229222059     
                   11   5.2500000000000005E-002  -25.339759816359496     
                   12   5.7499999999999996E-002  -25.297619299051213     
                   13   6.2500000000000000E-002  -25.272774748323538     
                   14   6.7500000000000004E-002  -25.257750083569569     
                   15   7.2500000000000009E-002  -25.248189216653010     
                   16   7.7499999999999999E-002  -25.241613028352095     
                   17   8.2500000000000004E-002  -25.236649400957361     
                   18   8.7499999999999994E-002  -25.232562799433726     
                   19   9.2499999999999999E-002  -25.228973446684343     
                   20   9.7500000000000003E-002  -25.225694285442636     
                   21  0.10250000000000001       -25.222639072904869     
                   22  0.10750000000000000       -25.219772084034950     
                   23  0.11250000000000000       -25.217081386243940     
                   24  0.11749999999999999       -25.214565069507685     
                   25  0.12250000000000000       -25.212224406736254     
                   26  0.12750000000000000       -25.210060637183840     
                   27  0.13250000000000001       -25.208073606788101     
                   28  0.13750000000000001       -25.206261336330662     
                   29  0.14250000000000002       -25.204620025036139     
                   30  0.14749999999999999       -25.203144220269042     
                   31  0.15250000000000000       -25.201827002928329     
                   32  0.15750000000000000       -25.200660113061669     
                   33  0.16250000000000001       -25.199633999189516     
                   34  0.16750000000000001       -25.198737825130763     
                   35  0.17250000000000001       -25.197959504678309     
                   36  0.17749999999999999       -25.197285847545828     
                   37  0.18250000000000000       -25.196702882545686     
                   38  0.18750000000000000       -25.196196377327276     
                   39  0.19250000000000000       -25.195752510130244     
                   40  0.19750000000000001       -25.195358587691558     
                   41  0.20250000000000001       -25.195003665659055     
                   42  0.20750000000000002       -25.194678926089324     
                   43  0.21249999999999999       -25.194377701632781     
                   44  0.21750000000000000       -25.194095095285565     
                   45  0.22250000000000000       -25.193827202092727     
                   46  0.22750000000000001       -25.193569976867959     
                   47  0.23250000000000001       -25.193317802915061     
                   48  0.23749999999999999       -25.193061805775159     
                   49  0.24249999999999999       -25.192787946768149     
                   50  0.24750000000000000       -25.192474953430473     
                   51  0.25250000000000000       -25.192092223345369     
                   52  0.25750000000000001       -25.191597982338227     
                   53  0.26250000000000001       -25.190938166872790     
                   54  0.26750000000000002       -25.190046678995635     
                   55  0.27250000000000002       -25.188847747778645     
                   56  0.27750000000000002       -25.187261036612284     
                   57  0.28250000000000003       -25.185209809314696     
                   58  0.28749999999999998       -25.182631941841080     
                   59  0.29249999999999998       -25.179492989348038     
                   60  0.29749999999999999       -25.175800147903630     
