                    1   0.0000000000000000       -13.761120474980611     
                    2   5.0000000000000001E-003  -13.310579680652854     
                    3   1.0000000000000000E-002  -12.858429975250830     
                    4   1.4999999999999999E-002  -12.402317505481786     
                    5   2.0000000000000000E-002  -11.945077490230501     
                    6   2.5000000000000001E-002  -11.490034585137641     
                    7   2.9999999999999999E-002  -11.038022694635471     
                    8   3.5000000000000003E-002  -10.589999561494309     
                    9   4.0000000000000001E-002  -10.140656889591543     
                   10   4.4999999999999998E-002  -9.6892456253451620     
                   11   5.0000000000000003E-002  -9.2397932803644558     
                   12   5.5000000000000000E-002  -8.7904986868919757     
                   13   5.9999999999999998E-002  -8.3412993271638634     
                   14   6.5000000000000002E-002  -7.8925805615904974     
                   15   7.0000000000000007E-002  -7.4440567157912518     
                   16   7.4999999999999997E-002  -6.9951961601096162     
                   17   8.0000000000000002E-002  -6.5469235543610580     
                   18   8.5000000000000006E-002  -6.0993706549244200     
                   19   8.9999999999999997E-002  -5.6518676370776921     
                   20   9.5000000000000001E-002  -5.2052477281884277     
                   21  0.10000000000000001       -4.7592764371579719     
                   22  0.10500000000000000       -4.3133377440798402     
                   23  0.11000000000000000       -3.8678461954195256     
                   24  0.11500000000000000       -3.4231674424514775     
                   25  0.12000000000000000       -2.9797090714979690     
                   26  0.12500000000000000       -2.5373001800286894     
                   27  0.13000000000000000       -2.0965319255963530     
                   28  0.13500000000000001       -1.6578400551149945     
                   29  0.14000000000000001       -1.2216900960167913     
                   30  0.14499999999999999      -0.79047557766377352     
                   31  0.14999999999999999      -0.34932887495825748     
                   32  0.15500000000000000       0.16821796363767277     
                   33  0.16000000000000000       0.70366735464621166     
                   34  0.16500000000000001        1.2248511937919082     
                   35  0.17000000000000001        1.7424101190887267     
                   36  0.17500000000000002        2.2585921336160202     
                   37  0.17999999999999999        2.7739379139135947     
                   38  0.18500000000000000        3.2885843916084858     
                   39  0.19000000000000000        3.8025758314771272     
                   40  0.19500000000000001        4.3159368043799606     
                   41  0.20000000000000001        4.8286882663723283     
                   42  0.20500000000000002        5.3408509728001530     
                   43  0.20999999999999999        5.8524462342783359     
                   44  0.21500000000000000        6.3634961287619491     
                   45  0.22000000000000000        6.8740235941487056     
                   46  0.22500000000000001        7.3840524870705879     
                   47  0.23000000000000001        7.8936076332527412     
                   48  0.23500000000000001        8.4027148931609794     
                   49  0.23999999999999999        8.9114012841552928     
                   50  0.24500000000000000        9.4196952339696409     
                   51  0.25000000000000000        9.9276270927731520     
                   52  0.25500000000000000        10.435230101299743     
                   53  0.26000000000000001        10.942542088560856     
                   54  0.26500000000000001        11.449608225120757     
                   55  0.27000000000000002        11.956485138856028     
                   56  0.27500000000000002        12.463246553495573     
                   57  0.28000000000000003        12.969990297947380     
                   58  0.28500000000000003        13.476846071110723     
                   59  0.28999999999999998        13.983982821709379     
                   60  0.29499999999999998        14.491614159893977     
                   61  0.29999999999999999        15.000000000000000     
