                    1   2.5000000000000001E-003  -685.84781279280276     
                    2   7.4999999999999997E-003  -681.73434636838590     
                    3   1.2500000000000001E-002  -673.26311490215892     
                    4   1.7500000000000002E-002  -486.25845923588969     
                    5   2.2499999999999999E-002  -428.42206016108696     
                    6   2.7500000000000000E-002  -415.28484629096533     
                    7   3.2500000000000001E-002  -400.73528213528499     
                    8   3.7500000000000006E-002  -384.87334238219711     
                    9   4.2499999999999996E-002  -367.93346848800678     
                   10   4.7500000000000001E-002  -350.18356483728138     
                   11   5.2500000000000005E-002  -331.87108996633958     
                   12   5.7499999999999996E-002  -313.21205741695013     
                   13   6.2500000000000000E-002  -294.39510439648222     
                   14   6.7500000000000004E-002  -275.58760403701734     
                   15   7.2500000000000009E-002  -256.93998198257736     
                   16   7.7499999999999999E-002  -238.58794395123289     
                   17   8.2500000000000004E-002  -220.65325651537316     
                   18   8.7499999999999994E-002  -203.24375326719235     
                   19   9.2499999999999999E-002  -186.45305134931067     
                   20   9.7500000000000003E-002  -170.36027864314437     
                   21  0.10250000000000001       -155.02997668394221     
                   22  0.10750000000000000       -140.51225494595931     
                   23  0.11250000000000000       -126.84321572353683     
                   24  0.11749999999999999       -114.04563454460593     
                   25  0.12250000000000000       -102.12986138094169     
                   26  0.12750000000000000       -91.094897936380150     
                   27  0.13250000000000001       -80.929602748525781     
                   28  0.13750000000000001       -71.613976525468445     
                   29  0.14250000000000002       -63.120483521246250     
                   30  0.14749999999999999       -55.415369744023799     
                   31  0.15250000000000000       -48.459944616061392     
                   32  0.15750000000000000       -42.211798820869056     
                   33  0.16250000000000001       -36.625937106624285     
                   34  0.16750000000000001       -31.655810518961403     
                   35  0.17250000000000001       -27.254237756215904     
                   36  0.17749999999999999       -23.374209987983228     
                   37  0.18250000000000000       -19.969577512539637     
                   38  0.18750000000000000       -16.995620040076894     
                   39  0.19250000000000000       -14.409505189217651     
                   40  0.19750000000000001       -12.170641999589327     
                   41  0.20250000000000001       -10.240937930023478     
                   42  0.20750000000000002       -8.5849689738381425     
                   43  0.21249999999999999       -7.1700732286417583     
                   44  0.21750000000000000       -5.9663785624086314     
                   45  0.22250000000000000       -4.9467749763597206     
                   46  0.22750000000000001       -4.0868419369212452     
                   47  0.23250000000000001       -3.3647403926281285     
                   48  0.23749999999999999       -2.7610784633744840     
                   49  0.24249999999999999       -2.2587589440796410     
                   50  0.24750000000000000       -1.8428158507719115     
                   51  0.25250000000000000       -1.5002462990918028     
                   52  0.25750000000000001       -1.2198430800316795     
                   53  0.26250000000000001      -0.99203241549360799     
                   54  0.26750000000000002      -0.80872056051067820     
                   55  0.27250000000000002      -0.66315218523161867     
                   56  0.27750000000000002      -0.54978282814449386     
                   57  0.28250000000000003      -0.46416716570599570     
                   58  0.28749999999999998      -0.40286439149996622     
                   59  0.29249999999999998      -0.36336163381796049     
                   60  0.29749999999999999      -0.34401605551767112     
