                    1   0.0000000000000000       -8.7901305864147385     
                    2   5.0000000000000001E-003  -8.4552685870297903     
                    3   1.0000000000000000E-002  -8.0589788604945660     
                    4   1.4999999999999999E-002  -7.6593935842107461     
                    5   2.0000000000000000E-002  -7.2612963569169864     
                    6   2.5000000000000001E-002  -6.8606616318194176     
                    7   2.9999999999999999E-002  -6.4592211768000460     
                    8   3.5000000000000003E-002  -6.0599846610544574     
                    9   4.0000000000000001E-002  -5.6630506074286941     
                   10   4.4999999999999998E-002  -5.2648577605147455     
                   11   5.0000000000000003E-002  -4.8664462828351240     
                   12   5.5000000000000000E-002  -4.4691591856469319     
                   13   5.9999999999999998E-002  -4.0756373715735608     
                   14   6.5000000000000002E-002  -3.6843973040287308     
                   15   7.0000000000000007E-002  -3.2958217654413282     
                   16   7.4999999999999997E-002  -2.9141775412841726     
                   17   8.0000000000000002E-002  -2.5389253015011537     
                   18   8.5000000000000006E-002  -2.1713983075662644     
                   19   8.9999999999999997E-002  -1.8130634023026748     
                   20   9.5000000000000001E-002  -1.4642353493746501     
                   21  0.10000000000000001       -1.1236015925099907     
                   22  0.10500000000000000      -0.71175666134476190     
                   23  0.11000000000000000      -0.19957753344767376     
                   24  0.11500000000000000       0.33730827958262771     
                   25  0.12000000000000000       0.87346665424269432     
                   26  0.12500000000000000        1.4088724209306573     
                   27  0.13000000000000000        1.9435199955088969     
                   28  0.13500000000000001        2.4774185654150900     
                   29  0.14000000000000001        3.0105881118965114     
                   30  0.14499999999999999        3.5430564617056297     
                   31  0.14999999999999999        4.0748572300072148     
                   32  0.15500000000000000        4.6060284411975658     
                   33  0.16000000000000000        5.1366116371044672     
                   34  0.16500000000000001        5.6666513263404683     
                   35  0.17000000000000001        6.1961946674305572     
                   36  0.17500000000000002        6.7252913067841540     
                   37  0.17999999999999999        7.2539933128469949     
                   38  0.18500000000000000        7.7823551629381384     
                   39  0.19000000000000000        8.3104337514311197     
                   40  0.19500000000000001        8.8382883980633284     
                   41  0.20000000000000001        9.3659808435619496     
                   42  0.20500000000000002        9.8935752264914996     
                   43  0.20999999999999999        10.421138040266484     
                   44  0.21500000000000000        10.948738072727712     
                   45  0.22000000000000000        11.476446332746344     
                   46  0.22500000000000001        12.004335969259149     
                   47  0.23000000000000001        12.532482188239292     
                   48  0.23500000000000001        13.060962172644672     
                   49  0.23999999999999999        13.589855009597121     
                   50  0.24500000000000000        14.119241628117223     
                   51  0.25000000000000000        14.649204749804886     
                   52  0.25500000000000000        15.179828854002508     
                   53  0.26000000000000001        15.711200158252518     
                   54  0.26500000000000001        16.243406614282815     
                   55  0.27000000000000002        16.776537919319125     
                   56  0.27500000000000002        17.310685542216081     
                   57  0.28000000000000003        17.845942763695700     
                   58  0.28500000000000003        18.382404729855942     
                   59  0.28999999999999998        18.920168518036988     
                   60  0.29499999999999998        19.459333214083834     
                   61  0.29999999999999999        20.000000000000000     
