                    1   0.0000000000000000       -9.5837075421097282     
                    2   5.0000000000000001E-003  -12.666533758785905     
                    3   1.0000000000000000E-002  -13.117891374312663     
                    4   1.4999999999999999E-002  -12.869717020280650     
                    5   2.0000000000000000E-002  -13.022089119884999     
                    6   2.5000000000000001E-002  -13.027988980256540     
                    7   2.9999999999999999E-002  -13.071536217793430     
                    8   3.5000000000000003E-002  -12.887136134876123     
                    9   4.0000000000000001E-002  -12.923143109233974     
                   10   4.4999999999999998E-002  -12.962485911907438     
                   11   5.0000000000000003E-002  -12.931157403976211     
                   12   5.5000000000000000E-002  -12.883208407609144     
                   13   5.9999999999999998E-002  -12.683026192858595     
                   14   6.5000000000000002E-002  -12.722412320377703     
                   15   7.0000000000000007E-002  -12.492217330586943     
                   16   7.4999999999999997E-002  -12.256162365782949     
                   17   8.0000000000000002E-002  -12.044904010233706     
                   18   8.5000000000000006E-002  -11.703470686679886     
                   19   8.9999999999999997E-002  -11.356621607702714     
                   20   9.5000000000000001E-002  -10.902209538245179     
                   21  0.10000000000000001       -10.392189429422910     
                   22  0.10500000000000000       -14.144026397730689     
                   23  0.11000000000000000       -18.444352405274920     
                   24  0.11500000000000000       -18.459719556392518     
                   25  0.12000000000000000       -18.472683579114175     
                   26  0.12500000000000000       -18.484490958672133     
                   27  0.13000000000000000       -18.496199117415653     
                   28  0.13500000000000001       -18.508645470499086     
                   29  0.14000000000000001       -18.522465739092045     
                   30  0.14499999999999999       -18.538130776437708     
                   31  0.14999999999999999       -18.555985467202177     
                   32  0.15500000000000000       -18.576282853030563     
                   33  0.16000000000000000       -18.599211647530204     
                   34  0.16500000000000001       -18.624917416836979     
                   35  0.17000000000000001       -18.653518365001563     
                   36  0.17500000000000002       -18.685116738624359     
                   37  0.17999999999999999       -18.719806761844019     
                   38  0.18500000000000000       -18.757679884840961     
                   39  0.19000000000000000       -18.798828015073223     
                   40  0.19500000000000001       -18.843345299782470     
                   41  0.20000000000000001       -18.891328933726086     
                   42  0.20500000000000002       -18.942879374264084     
                   43  0.20999999999999999       -18.998100257963195     
                   44  0.21500000000000000       -19.057098232116516     
                   45  0.22000000000000000       -19.119982844428058     
                   46  0.22500000000000001       -19.186866576806725     
                   47  0.23000000000000001       -19.257865065415338     
                   48  0.23500000000000001       -19.333097518104410     
                   49  0.23999999999999999       -19.412687320457735     
                   50  0.24500000000000000       -19.496762810741405     
                   51  0.25000000000000000       -19.585458199846258     
                   52  0.25500000000000000       -19.678914612791964     
                   53  0.26000000000000001       -19.777281231787189     
                   54  0.26500000000000001       -19.880716525858567     
                   55  0.27000000000000002       -19.989389557679292     
                   56  0.27500000000000002       -20.103481363771440     
                   57  0.28000000000000003       -20.223186409308621     
                   58  0.28500000000000003       -20.348714123085085     
                   59  0.28999999999999998       -20.480290521762928     
                   60  0.29499999999999998       -20.618159935266629     
                   61  0.29999999999999999       -20.762586847218760     
