                    1   0.0000000000000000       -9.5838866290790996     
                    2   5.0000000000000001E-003  -12.666819321059414     
                    3   1.0000000000000000E-002  -13.118332237917254     
                    4   1.4999999999999999E-002  -12.870325438410850     
                    5   2.0000000000000000E-002  -13.022921143313333     
                    6   2.5000000000000001E-002  -13.029113103672103     
                    7   2.9999999999999999E-002  -13.073043460886428     
                    8   3.5000000000000003E-002  -12.889135392713021     
                    9   4.0000000000000001E-002  -12.925837232760445     
                   10   4.4999999999999998E-002  -12.966171546975751     
                   11   5.0000000000000003E-002  -12.936267554430831     
                   12   5.5000000000000000E-002  -12.890437863381353     
                   13   5.9999999999999998E-002  -12.693540341069060     
                   14   6.5000000000000002E-002  -12.738639187160963     
                   15   7.0000000000000007E-002  -12.518922723453269     
                   16   7.4999999999999997E-002  -12.306133157671651     
                   17   8.0000000000000002E-002  -12.178791528290745     
                   18   8.5000000000000006E-002  -15.765469654234590     
                   19   8.9999999999999997E-002  -18.592848542429845     
                   20   9.5000000000000001E-002  -18.480066046755407     
                   21  0.10000000000000001       -18.403015363304725     
                   22  0.10500000000000000       -18.339449487525581     
                   23  0.11000000000000000       -18.280454128517142     
                   24  0.11500000000000000       -18.223500046187439     
                   25  0.12000000000000000       -18.168684362083116     
                   26  0.12500000000000000       -18.116908120791575     
                   27  0.13000000000000000       -18.069100077329015     
                   28  0.13500000000000001       -18.025953372299846     
                   29  0.14000000000000001       -17.987887658672879     
                   30  0.14499999999999999       -17.955094658748102     
                   31  0.14999999999999999       -17.927603121609319     
                   32  0.15500000000000000       -17.905337875233069     
                   33  0.16000000000000000       -17.888165478749666     
                   34  0.16500000000000001       -17.875926382575376     
                   35  0.17000000000000001       -17.868456042428399     
                   36  0.17500000000000002       -17.865597869741013     
                   37  0.17999999999999999       -17.867210542690565     
                   38  0.18500000000000000       -17.873171631509745     
                   39  0.19000000000000000       -17.883378945129468     
                   40  0.19500000000000001       -17.897750561545305     
                   41  0.20000000000000001       -17.916224171954187     
                   42  0.20500000000000002       -17.938756133702327     
                   43  0.20999999999999999       -17.965320467898458     
                   44  0.21500000000000000       -17.995907933802698     
                   45  0.22000000000000000       -18.030525247134232     
                   46  0.22500000000000001       -18.069194470638841     
                   47  0.23000000000000001       -18.111952583548121     
                   48  0.23500000000000001       -18.158851225664762     
                   49  0.23999999999999999       -18.209956607515558     
                   50  0.24500000000000000       -18.265349577591770     
                   51  0.25000000000000000       -18.325125839430665     
                   52  0.25500000000000000       -18.389396314148875     
                   53  0.26000000000000001       -18.458287647434720     
                   54  0.26500000000000001       -18.531942863646968     
                   55  0.27000000000000002       -18.610522173437481     
                   56  0.27500000000000002       -18.694203945201103     
                   57  0.28000000000000003       -18.783185854661745     
                   58  0.28500000000000003       -18.877686230903038     
                   59  0.28999999999999998       -18.977945620543299     
                   60  0.29499999999999998       -19.084228592589852     
                   61  0.29999999999999999       -19.196825799368924     
