                    1   2.5000000000000001E-003  0.28674569674462325     
                    2   7.4999999999999997E-003  0.25403200217067046     
                    3   1.2500000000000001E-002  0.25233928798197341     
                    4   1.7500000000000002E-002  0.25312822984564048     
                    5   2.2499999999999999E-002  0.25182103153976926     
                    6   2.7500000000000000E-002  0.25141531409181428     
                    7   3.2500000000000001E-002  0.25257611786582340     
                    8   3.7500000000000006E-002  0.25380324037985907     
                    9   4.2499999999999996E-002  0.25317793375179681     
                   10   4.7500000000000001E-002  0.25311152045178348     
                   11   5.2500000000000005E-002  0.25376933493291842     
                   12   5.7499999999999996E-002  0.25584700114084347     
                   13   6.2500000000000000E-002  0.25720251040485015     
                   14   6.7500000000000004E-002  0.25883145211790698     
                   15   7.2500000000000009E-002  0.26286687486487348     
                   16   7.7499999999999999E-002  0.26682298226078943     
                   17   8.2500000000000004E-002  0.27183437517376796     
                   18   8.7499999999999994E-002  0.27825248117207668     
                   19   9.2499999999999999E-002  0.28598897949440816     
                   20   9.7500000000000003E-002  0.29566879433699533     
                   21  0.10250000000000001       0.26571251030644444     
                   22  0.10750000000000000       0.20681658022433896     
                   23  0.11250000000000000       0.18277038704856274     
                   24  0.11749999999999999       0.18263375776148139     
                   25  0.12250000000000000       0.18251444701856054     
                   26  0.12750000000000000       0.18240131542144111     
                   27  0.13250000000000001       0.18228524153498174     
                   28  0.13750000000000001       0.18215916904964294     
                   29  0.14250000000000002       0.18201783476027111     
                   30  0.14749999999999999       0.18185740152227747     
                   31  0.15250000000000000       0.18167510616355442     
                   32  0.15750000000000000       0.18146896305790186     
                   33  0.16250000000000001       0.18123753044302707     
                   34  0.16750000000000001       0.18097973352852947     
                   35  0.17250000000000001       0.18069473499606639     
                   36  0.17749999999999999       0.18038184363292081     
                   37  0.18250000000000000       0.18004045291879911     
                   38  0.18750000000000000       0.17967000251479992     
                   39  0.19250000000000000       0.17926995661733250     
                   40  0.19750000000000001       0.17883979407993744     
                   41  0.20250000000000001       0.17837900611959223     
                   42  0.20750000000000002       0.17788709831568744     
                   43  0.21249999999999999       0.17736359445172023     
                   44  0.21750000000000000       0.17680804050441337     
                   45  0.22250000000000000       0.17622000772217294     
                   46  0.22750000000000001       0.17559909423925851     
                   47  0.23250000000000001       0.17494492504402767     
                   48  0.23749999999999999       0.17425715037148648     
                   49  0.24249999999999999       0.17353544274180821     
                   50  0.24750000000000000       0.17277949293999523     
                   51  0.25250000000000000       0.17198900524945054     
                   52  0.25750000000000001       0.17116369223327960     
                   53  0.26250000000000001       0.17030326931741013     
                   54  0.26750000000000002       0.16940744938103006     
                   55  0.27250000000000002       0.16847593751078793     
                   56  0.27750000000000002       0.16750842603109509     
                   57  0.28250000000000003       0.16650458988677613     
                   58  0.28749999999999998       0.16546408242756447     
                   59  0.29249999999999998       0.16438653162667599     
                   60  0.29749999999999999       0.16327153675733566     
