                    1   0.0000000000000000       -4.7460459598329052     
                    2   5.0000000000000001E-003  -4.0472306912644251     
                    3   1.0000000000000000E-002  -3.0347229074410844     
                    4   1.4999999999999999E-002  -1.6566842326518538     
                    5   2.0000000000000000E-002   5.8202304651373632E-002
                    6   2.5000000000000001E-002   1.4809267101090819     
                    7   2.9999999999999999E-002   2.8791565848588982     
                    8   3.5000000000000003E-002   4.2254322129244049     
                    9   4.0000000000000001E-002   5.5029515608801525     
                   10   4.4999999999999998E-002   6.7119434818466264     
                   11   5.0000000000000003E-002   7.8537562027382393     
                   12   5.5000000000000000E-002   8.9296667907263032     
                   13   5.9999999999999998E-002   9.9406684381163029     
                   14   6.5000000000000002E-002   10.887624521422516     
                   15   7.0000000000000007E-002   11.771471354843531     
                   16   7.4999999999999997E-002   12.593360488881620     
                   17   8.0000000000000002E-002   13.354728098423992     
                   18   8.5000000000000006E-002   14.057310193384911     
                   19   8.9999999999999997E-002   14.703125385870866     
                   20   9.5000000000000001E-002   15.294441215197539     
                   21  0.10000000000000001        15.833733633098689     
                   22  0.10500000000000000        16.323644643281622     
                   23  0.11000000000000000        16.766940425049100     
                   24  0.11500000000000000        17.166470995127334     
                   25  0.12000000000000000        17.525131975618880     
                   26  0.12500000000000000        17.845828905667346     
                   27  0.13000000000000000        18.131444509918897     
                   28  0.13500000000000001        18.384809304236686     
                   29  0.14000000000000001        18.608675845537888     
                   30  0.14499999999999999        18.805696824128052     
                   31  0.14999999999999999        18.978407072261675     
                   32  0.15500000000000000        19.129209440057231     
                   33  0.16000000000000000        19.260364382010678     
                   34  0.16500000000000001        19.373983010805883     
                   35  0.17000000000000001        19.472023311807341     
                   36  0.17500000000000002        19.556289170407492     
                   37  0.17999999999999999        19.628431842579040     
                   38  0.18500000000000000        19.689953493255697     
                   39  0.19000000000000000        19.742212434239054     
                   40  0.19500000000000001        19.786429710196632     
                   41  0.20000000000000001        19.823696705360906     
                   42  0.20500000000000002        19.854983472544237     
                   43  0.20999999999999999        19.881147518198873     
                   44  0.21500000000000000        19.902942810944321     
                   45  0.22000000000000000        19.921028815008025     
                   46  0.22500000000000001        19.935979383374551     
                   47  0.23000000000000001        19.948291377328623     
                   48  0.23500000000000001        19.958392908916302     
                   49  0.23999999999999999        19.966651130218583     
                   50  0.24500000000000000        19.973379517968752     
                   51  0.25000000000000000        19.978844623818880     
                   52  0.25500000000000000        19.983272279456749     
                   53  0.26000000000000001        19.986853261872742     
                   54  0.26500000000000001        19.989748437533066     
                   55  0.27000000000000002        19.992093415244501     
                   56  0.27500000000000002        19.994002746350645     
                   57  0.28000000000000003        19.995573717856530     
                   58  0.28500000000000003        19.996889789422248     
                   59  0.28999999999999998        19.998023729177223     
                   60  0.29499999999999998        19.999040506247788     
                   61  0.29999999999999999        20.000000000000000     
