                    1   2.5000000000000001E-003  -8.6641467977617950     
                    2   7.4999999999999997E-003  -8.4560268811674177     
                    3   1.2500000000000001E-002  -8.1909251544387818     
                    4   1.7500000000000002E-002  -7.9067505906347666     
                    5   2.2499999999999999E-002  -7.6154043441256025     
                    6   2.7500000000000000E-002  -7.3181150530333499     
                    7   3.2500000000000001E-002  -7.0155152602570601     
                    8   3.7500000000000006E-002  -6.7104591355855128     
                    9   4.2499999999999996E-002  -6.4058599470710984     
                   10   4.7500000000000001E-002  -6.0993704398600164     
                   11   5.2500000000000005E-002  -5.7864943623481189     
                   12   5.7499999999999996E-002  -5.4684885811700719     
                   13   6.2500000000000000E-002  -5.1492233343976075     
                   14   6.7500000000000004E-002  -4.8265249554966552     
                   15   7.2500000000000009E-002  -4.4969548285306331     
                   16   7.7499999999999999E-002  -4.1623235117715023     
                   17   8.2500000000000004E-002  -3.8265402291674016     
                   18   8.7499999999999994E-002  -3.4921468133759870     
                   19   9.2499999999999999E-002  -3.1597811882315727     
                   20   9.7500000000000003E-002  -2.8280067793918482     
                   21  0.10250000000000001       -2.4958822810397647     
                   22  0.10750000000000000       -2.1647089068035932     
                   23  0.11250000000000000       -1.8360502095391904     
                   24  0.11749999999999999       -1.5104425454834227     
                   25  0.12250000000000000       -1.1514892412802591     
                   26  0.12750000000000000      -0.68297915561667077     
                   27  0.13250000000000001      -0.11190738852748923     
                   28  0.13750000000000001       0.49180128649522553     
                   29  0.14250000000000002        1.0992450346582268     
                   30  0.14749999999999999        1.7046752987414826     
                   31  0.15250000000000000        2.3083928058215051     
                   32  0.15750000000000000        2.9106700627758006     
                   33  0.16250000000000001        3.5117454289996672     
                   34  0.16750000000000001        4.1118225493137377     
                   35  0.17250000000000001        4.7110729251435739     
                   36  0.17749999999999999        5.3096401269277287     
                   37  0.18250000000000000        5.9076446604566328     
                   38  0.18750000000000000        6.5051888632498596     
                   39  0.19250000000000000        7.1023614631276457     
                   40  0.19750000000000001        7.6992416067625058     
                   41  0.20250000000000001        8.2959022820007053     
                   42  0.20750000000000002        8.8924131306307039     
                   43  0.21249999999999999        9.4888426909602686     
                   44  0.21750000000000000        10.085260131834005     
                   45  0.22250000000000000        10.681736548734309     
                   46  0.22750000000000001        11.278345893405412     
                   47  0.23250000000000001        11.875165604454558     
                   48  0.23749999999999999        12.472276999871706     
                   49  0.24249999999999999        13.069765484798655     
                   50  0.24750000000000000        13.667720620039685     
                   51  0.25250000000000000        14.266236089240522     
                   52  0.25750000000000001        14.865409595635127     
                   53  0.26250000000000001        15.465342712884578     
                   54  0.26750000000000002        16.066140708825174     
                   55  0.27250000000000002        16.667912355849161     
                   56  0.27750000000000002        17.270769737045150     
                   57  0.28250000000000003        17.874828052936714     
                   58  0.28749999999999998        18.480205429377673     
                   59  0.29249999999999998        19.087022722408257     
                   60  0.29749999999999999        19.695403309757022     
