                    1   0.0000000000000000       -3.0453111747246338     
                    2   5.0000000000000001E-003  -7.5709425826083017     
                    3   1.0000000000000000E-002  -9.0017653140392362     
                    4   1.4999999999999999E-002  -9.2999857070283412     
                    5   2.0000000000000000E-002  -9.4709210771400603     
                    6   2.5000000000000001E-002  -9.6487411356262704     
                    7   2.9999999999999999E-002  -9.7965025858041219     
                    8   3.5000000000000003E-002  -9.9230326679711442     
                    9   4.0000000000000001E-002  -9.7975476399716861     
                   10   4.4999999999999998E-002  -9.8666183796615083     
                   11   5.0000000000000003E-002  -10.063728562021417     
                   12   5.5000000000000000E-002  -10.317088293111322     
                   13   5.9999999999999998E-002  -10.183562434987776     
                   14   6.5000000000000002E-002  -10.327189776475251     
                   15   7.0000000000000007E-002  -10.546250927195796     
                   16   7.4999999999999997E-002  -10.719650982219235     
                   17   8.0000000000000002E-002  -10.696250034009337     
                   18   8.5000000000000006E-002  -10.661165893575291     
                   19   8.9999999999999997E-002  -10.546857438629790     
                   20   9.5000000000000001E-002  -10.512857967093501     
                   21  0.10000000000000001       -10.533783925711308     
                   22  0.10500000000000000       -10.431118178599826     
                   23  0.11000000000000000       -10.309528593972166     
                   24  0.11500000000000000       -10.061346048789989     
                   25  0.12000000000000000       -9.7967691077014152     
                   26  0.12500000000000000       -9.3875199716522690     
                   27  0.13000000000000000       -8.5394874990246432     
                   28  0.13500000000000001       -7.0577474873139296     
                   29  0.14000000000000001       -8.6338765699529993     
                   30  0.14499999999999999       -24.725046749404665     
                   31  0.14999999999999999       -27.494253218059018     
                   32  0.15500000000000000       -27.575592027662566     
                   33  0.16000000000000000       -27.659316892958120     
                   34  0.16500000000000001       -27.745936717702282     
                   35  0.17000000000000001       -27.835940377814193     
                   36  0.17500000000000002       -27.929792634978689     
                   37  0.17999999999999999       -28.027931159560666     
                   38  0.18500000000000000       -28.130764691666812     
                   39  0.19000000000000000       -28.238672318305230     
                   40  0.19500000000000001       -28.352003797660686     
                   41  0.20000000000000001       -28.471080822683433     
                   42  0.20500000000000002       -28.596199088157061     
                   43  0.20999999999999999       -28.727631009174200     
                   44  0.21500000000000000       -28.865628934050285     
                   45  0.22000000000000000       -29.010428699635824     
                   46  0.22500000000000001       -29.162253389652012     
                   47  0.23000000000000001       -29.321317174801646     
                   48  0.23500000000000001       -29.487829134847228     
                   49  0.23999999999999999       -29.661996985747205     
                   50  0.24500000000000000       -29.844030657825243     
                   51  0.25000000000000000       -30.034145692728099     
                   52  0.25500000000000000       -30.232566446873346     
                   53  0.26000000000000001       -30.439529106768934     
                   54  0.26500000000000001       -30.655284536816218     
                   55  0.27000000000000002       -30.880100992984797     
                   56  0.27500000000000002       -31.114266746197405     
                   57  0.28000000000000003       -31.358092667587723     
                   58  0.28500000000000003       -31.611914834221036     
                   59  0.28999999999999998       -31.876097218595827     
                   60  0.29499999999999998       -32.151034528395847     
                   61  0.29999999999999999       -32.437154056031083     
