                    1   2.5000000000000001E-003  -1.2161615283198235E-017
                    2   7.4999999999999997E-003  -2.3240094082723054E-017
                    3   1.2500000000000001E-002  -3.1834348901926066E-017
                    4   1.7500000000000002E-002  -4.0083479124276306E-017
                    5   2.2499999999999999E-002  -5.0552705400709597E-017
                    6   2.7500000000000000E-002  -6.4429509703048420E-017
                    7   3.2500000000000001E-002  -8.2841552690382394E-017
                    8   3.7500000000000006E-002  -1.0628930970815726E-016
                    9   4.2499999999999996E-002  -1.3639696225577370E-016
                   10   4.7500000000000001E-002  -1.8086380882136963E-016
                   11   5.2500000000000005E-002  -2.4709868735457404E-016
                   12   5.7499999999999996E-002  -3.3950752310540812E-016
                   13   6.2500000000000000E-002  -4.6767195854225881E-016
                   14   6.7500000000000004E-002  -6.7402600743835225E-016
                   15   7.2500000000000009E-002  -1.0035900419743220E-015
                   16   7.7499999999999999E-002  -1.5247161252646374E-015
                   17   8.2500000000000004E-002  -2.3590437103556050E-015
                   18   8.7499999999999994E-002  -3.7602227550276011E-015
                   19   9.2499999999999999E-002  -6.2215588253004048E-015
                   20   9.7500000000000003E-002  -1.0907337230990168E-014
                   21  0.10250000000000001       -2.0324384096211128E-014
                   22  0.10750000000000000       -4.0441131869197699E-014
                   23  0.11250000000000000       -8.7509348647994722E-014
                   24  0.11749999999999999       -2.1025156187806679E-013
                   25  0.12250000000000000       -5.8233966824988342E-013
                   26  0.12750000000000000       -1.8768721989333966E-012
                   27  0.13250000000000001       -6.7814193577328350E-012
                   28  0.13750000000000001       -4.7363515726289728E-011
                   29  0.14250000000000002       -1.2609397682108674E-008
                   30  0.14749999999999999       -2.7702822469612064E-007
                   31  0.15250000000000000       -5.1396743663883583E-009
                   32  0.15750000000000000       -5.3888127954289546E-009
                   33  0.16250000000000001       -5.5951850350075748E-009
                   34  0.16750000000000001       -5.7574675947710762E-009
                   35  0.17250000000000001       -5.8751593182774432E-009
                   36  0.17749999999999999       -5.9485558028795612E-009
                   37  0.18250000000000000       -5.9786916423851096E-009
                   38  0.18750000000000000       -5.9672548175237137E-009
                   39  0.19250000000000000       -5.9164795057489363E-009
                   40  0.19750000000000001       -5.8290247542015060E-009
                   41  0.20250000000000001       -5.7078468141855508E-009
                   42  0.20750000000000002       -5.5560725531127049E-009
                   43  0.21249999999999999       -5.3768804017740417E-009
                   44  0.21750000000000000       -5.1733939567027885E-009
                   45  0.22250000000000000       -4.9485918334666497E-009
                   46  0.22750000000000001       -4.7052358253987946E-009
                   47  0.23250000000000001       -4.4458179942713040E-009
                   48  0.23749999999999999       -4.1725260953180211E-009
                   49  0.24249999999999999       -3.8872257709069523E-009
                   50  0.24750000000000000       -3.5914572552671597E-009
                   51  0.25250000000000000       -3.2864439114825710E-009
                   52  0.25750000000000001       -2.9731097479664520E-009
                   53  0.26250000000000001       -2.6521030993661039E-009
                   54  0.26750000000000002       -2.3238238651513464E-009
                   55  0.27250000000000002       -1.9884520359360357E-009
                   56  0.27750000000000002       -1.6459756638533504E-009
                   57  0.28250000000000003       -1.2962169157482925E-009
                   58  0.28749999999999998       -9.3885536159351114E-010
                   59  0.29249999999999998       -5.7344817838908042E-010
                   60  0.29749999999999999       -1.9944743544194292E-010
