                    1   2.5000000000000001E-003  -5.3084349041075232     
                    2   7.4999999999999997E-003  -8.2867145031805265     
                    3   1.2500000000000001E-002  -9.1513499211585909     
                    4   1.7500000000000002E-002  -9.3860698062224230     
                    5   2.2499999999999999E-002  -9.5606196590177852     
                    6   2.7500000000000000E-002  -9.7236237081534096     
                    7   3.2500000000000001E-002  -9.8610327783761846     
                    8   3.7500000000000006E-002  -9.8618719346241441     
                    9   4.2499999999999996E-002  -9.8340584834871834     
                   10   4.7500000000000001E-002  -9.9676718628652132     
                   11   5.2500000000000005E-002  -10.193609128536385     
                   12   5.7499999999999996E-002  -10.254431135374109     
                   13   6.2500000000000000E-002  -10.260701400373316     
                   14   6.7500000000000004E-002  -10.443819594205074     
                   15   7.2500000000000009E-002  -10.642683275471144     
                   16   7.7499999999999999E-002  -10.721650768894548     
                   17   8.2500000000000004E-002  -10.698768124443646     
                   18   8.7499999999999994E-002  -10.635463522698632     
                   19   9.2499999999999999E-002  -10.588797643731059     
                   20   9.7500000000000003E-002  -13.151845589295338     
                   21  0.10250000000000001       -18.428257508911777     
                   22  0.10750000000000000       -21.404721866517235     
                   23  0.11250000000000000       -21.664260563008980     
                   24  0.11749999999999999       -21.657741347771172     
                   25  0.12250000000000000       -21.641493417635935     
                   26  0.12750000000000000       -21.618444820272089     
                   27  0.13250000000000001       -21.591712702021031     
                   28  0.13750000000000001       -21.564041006896502     
                   29  0.14250000000000002       -21.537598582536731     
                   30  0.14749999999999999       -21.513976638542541     
                   31  0.15250000000000000       -21.494274237732043     
                   32  0.15750000000000000       -21.479208146009448     
                   33  0.16250000000000001       -21.469216238795646     
                   34  0.16750000000000001       -21.464542789086533     
                   35  0.17250000000000001       -21.465303687165498     
                   36  0.17749999999999999       -21.471533854252463     
                   37  0.18250000000000000       -21.483220436983849     
                   38  0.18750000000000000       -21.500325348356373     
                   39  0.19250000000000000       -21.522800176329113     
                   40  0.19750000000000001       -21.550595814968204     
                   41  0.20250000000000001       -21.583668558712624     
                   42  0.20750000000000002       -21.621983897593051     
                   43  0.21249999999999999       -21.665518866729268     
                   44  0.21750000000000000       -21.714263522495109     
                   45  0.22250000000000000       -21.768221919573186     
                   46  0.22750000000000001       -21.827412827529354     
                   47  0.23250000000000001       -21.891870335451351     
                   48  0.23749999999999999       -21.961644435215618     
                   49  0.24249999999999999       -22.036801638037577     
                   50  0.24750000000000000       -22.117425657870353     
                   51  0.25250000000000000       -22.203618183853671     
                   52  0.25750000000000001       -22.295499758901606     
                   53  0.26250000000000001       -22.393210780347509     
                   54  0.26750000000000002       -22.496912639855747     
                   55  0.27250000000000002       -22.606789022648588     
                   56  0.27750000000000002       -22.723047389943382     
                   57  0.28250000000000003       -22.845920673044152     
                   58  0.28749999999999998       -22.975669212608000     
                   59  0.29249999999999998       -23.112582982110624     
                   60  0.29749999999999999       -23.256984140471495     
