                    1     2.5000000000000001E-003    -5.0275901513311805     
                    2     7.4999999999999997E-003    -4.8145422479004107     
                    3     1.2500000000000001E-002    -4.5826697938935705     
                    4     1.7500000000000002E-002    -4.3452474006304094     
                    5     2.2499999999999999E-002    -4.1047092360828028     
                    6     2.7500000000000000E-002    -3.8623963362787777     
                    7     3.2500000000000001E-002    -3.6193194265579787     
                    8     3.7500000000000006E-002    -3.3759715529813112     
                    9     4.2499999999999996E-002    -3.1326412186428927     
                   10     4.7500000000000001E-002    -2.8894777196765151     
                   11     5.2500000000000005E-002    -2.6464513304935036     
                   12     5.7499999999999996E-002    -2.4037888002449193     
                   13     6.2500000000000000E-002    -2.1617615529368601     
                   14     6.7500000000000004E-002    -1.9204533631377811     
                   15     7.2500000000000009E-002    -1.6801211795423470     
                   16     7.7499999999999999E-002    -1.4412034925816104     
                   17     8.2500000000000004E-002    -1.2042833204056116     
                   18     8.7499999999999994E-002   -0.97058467339309340     
                   19     9.2499999999999999E-002   -0.74517031307469805     
                   20     9.7500000000000003E-002   -0.54378902128898499     
                   21    0.10250000000000001        -0.37518944439588031     
                   22    0.10750000000000000        -0.22810549197989657     
                   23    0.11250000000000000         -8.6567270092519924E-002
                   24    0.11749999999999999          5.4751368556829223E-002
                   25    0.12250000000000000         0.19393279109694489     
                   26    0.12750000000000000         0.33134801161900374     
                   27    0.13250000000000001         0.46716610906306166     
                   28    0.13750000000000001         0.60151575313706629     
                   29    0.14250000000000002         0.73449690226958508     
                   30    0.14749999999999999         0.86618948320427980     
                   31    0.15250000000000000         0.99665962845374323     
                   32    0.15750000000000000          1.1259640675463722     
                   33    0.16250000000000001          1.2541531797000385     
                   34    0.16750000000000001          1.3812731001584839     
                   35    0.17250000000000001          1.5073671670219482     
                   36    0.17749999999999999          1.6324769117463043     
                   37    0.18250000000000000          1.7566427347404607     
                   38    0.18750000000000000          1.8799043637439159     
                   39    0.19250000000000000          2.0023011623545557     
                   40    0.19750000000000001          2.1238723352843927     
                   41    0.20250000000000001          2.2446570626771654     
                   42    0.20750000000000002          2.3646945860178095     
                   43    0.21249999999999999          2.4840242613593579     
                   44    0.21750000000000000          2.6026855908251454     
                   45    0.22250000000000000          2.7207182399753695     
                   46    0.22750000000000001          2.8381620462338342     
                   47    0.23250000000000001          2.9550570218688321     
                   48    0.23749999999999999          3.0714433538173096     
                   49    0.24249999999999999          3.1873614017975944     
                   50    0.24750000000000000          3.3028516955755318     
                   51    0.25250000000000000          3.4179549318603266     
                   52    0.25750000000000001          3.5327119710566564     
                   53    0.26250000000000001          3.6471638339487988     
                   54    0.26750000000000002          3.7613516983106345     
                   55    0.27250000000000002          3.8753168954001782     
                   56    0.27750000000000002          3.9891009062920939     
                   57    0.28250000000000003          4.1027453580145359     
                   58    0.28749999999999998          4.2162920194790150     
                   59    0.29249999999999998          4.3297827972178204     
                   60    0.29749999999999999          4.4432597309688227     
