                    1     0.0000000000000000          267.63301589696010     
                    2     5.0000000000000001E-003     267.76106172264724     
                    3     1.0000000000000000E-002     267.90088161797678     
                    4     1.4999999999999999E-002     268.04215062041845     
                    5     2.0000000000000000E-002     268.18429986675346     
                    6     2.5000000000000001E-002     268.32708796035246     
                    7     2.9999999999999999E-002     268.47032241332948     
                    8     3.5000000000000003E-002     268.61392045173369     
                    9     4.0000000000000001E-002     268.75786602496123     
                   10     4.4999999999999998E-002     268.90214125473960     
                   11     5.0000000000000003E-002     269.04674981945789     
                   12     5.5000000000000000E-002     269.19165034766843     
                   13     5.9999999999999998E-002     269.33672843933471     
                   14     6.5000000000000002E-002     269.48188692373662     
                   15     7.0000000000000007E-002     269.62695721974478     
                   16     7.4999999999999997E-002     269.77175566001949     
                   17     8.0000000000000002E-002     269.91614806224203     
                   18     8.5000000000000006E-002     270.06002632862720     
                   19     8.9999999999999997E-002     270.20324173590564     
                   20     9.5000000000000001E-002     270.34566398600236     
                   21    0.10000000000000001          270.48728015204449     
                   22    0.10500000000000000          270.62810784873898     
                   23    0.11000000000000000          270.76819616199771     
                   24    0.11500000000000000          270.90759989028328     
                   25    0.12000000000000000          271.04641319112773     
                   26    0.12500000000000000          271.18479069997227     
                   27    0.13000000000000000          271.32288539081651     
                   28    0.13500000000000001          271.46085906095118     
                   29    0.14000000000000001          271.59891487180198     
                   30    0.14499999999999999          271.73728017677274     
                   31    0.14999999999999999          271.87619794876821     
                   32    0.15500000000000000          272.01602601700631     
                   33    0.16000000000000000          272.15729203835019     
                   34    0.16500000000000001          272.30086724697742     
                   35    0.17000000000000001          272.44833974587203     
                   36    0.17500000000000002          272.60671854201775     
                   37    0.17999999999999999          272.78555784186113     
                   38    0.18500000000000000          272.98085036418144     
                   39    0.19000000000000000          273.18175361632899     
                   40    0.19500000000000001          273.38423163395260     
                   41    0.20000000000000001          273.58670045560166     
                   42    0.20500000000000002          273.78916874073298     
                   43    0.20999999999999999          273.99164555734473     
                   44    0.21500000000000000          274.19414036258678     
                   45    0.22000000000000000          274.39666298396361     
                   46    0.22500000000000001          274.59922360111420     
                   47    0.23000000000000001          274.80183272814895     
                   48    0.23500000000000001          275.00450119652209     
                   49    0.23999999999999999          275.20724013841885     
                   50    0.24500000000000000          275.41006097063479     
                   51    0.25000000000000000          275.61297537892210     
                   52    0.25500000000000000          275.81599530277964     
                   53    0.26000000000000001          276.01913292065899     
                   54    0.26500000000000001          276.22240063555648     
                   55    0.27000000000000002          276.42581106095781     
                   56    0.27500000000000002          276.62937700709892     
                   57    0.28000000000000003          276.83311146749941     
                   58    0.28500000000000003          277.03702760572304     
                   59    0.28999999999999998          277.24113874231165     
                   60    0.29499999999999998          277.44545834183572     
                   61    0.29999999999999999          277.64999999999998     
