                    1     0.0000000000000000          269.81860616718950     
                    2     5.0000000000000001E-003     270.53143995263275     
                    3     1.0000000000000000E-002     271.30272828231904     
                    4     1.4999999999999999E-002     272.07526791267043     
                    5     2.0000000000000000E-002     272.76990293835513     
                    6     2.5000000000000001E-002     273.17942951645398     
                    7     2.9999999999999999E-002     273.54676412996372     
                    8     3.5000000000000003E-002     273.89862044927986     
                    9     4.0000000000000001E-002     274.23444878963079     
                   10     4.4999999999999998E-002     274.55409052143796     
                   11     5.0000000000000003E-002     274.85751384643578     
                   12     5.5000000000000000E-002     275.14472415829857     
                   13     5.9999999999999998E-002     275.41575225368348     
                   14     6.5000000000000002E-002     275.67066772524282     
                   15     7.0000000000000007E-002     275.90959513942994     
                   16     7.4999999999999997E-002     276.13272553995199     
                   17     8.0000000000000002E-002     276.34032201637950     
                   18     8.5000000000000006E-002     276.53272017710924     
                   19     8.9999999999999997E-002     276.71032480552788     
                   20     9.5000000000000001E-002     276.87360385931038     
                   21    0.10000000000000001          277.02308072972306     
                   22    0.10500000000000000          277.15932545448612     
                   23    0.11000000000000000          277.28294540638814     
                   24    0.11500000000000000          277.39457585577219     
                   25    0.12000000000000000          277.49487071504143     
                   26    0.12500000000000000          277.58449370528655     
                   27    0.13000000000000000          277.66411013039522     
                   28    0.13500000000000001          277.73437939737795     
                   29    0.14000000000000001          277.79594838051941     
                   30    0.14499999999999999          277.84944569027834     
                   31    0.14999999999999999          277.89547687536702     
                   32    0.15500000000000000          277.93462055816519     
                   33    0.16000000000000000          277.96742547962248     
                   34    0.16500000000000001          277.99440841004616     
                   35    0.17000000000000001          278.01605286649061     
                   36    0.17500000000000002          278.03280856564106     
                   37    0.17999999999999999          278.04509153278565     
                   38    0.18500000000000000          278.05328478236657     
                   39    0.19000000000000000          278.05773948329602     
                   40    0.19500000000000001          278.05877652235279     
                   41    0.20000000000000001          278.05668838112240     
                   42    0.20500000000000002          278.05174124578821     
                   43    0.20999999999999999          278.04417727447361     
                   44    0.21500000000000000          278.03421712869027     
                   45    0.22000000000000000          278.02206208056674     
                   46    0.22500000000000001          278.00789638281498     
                   47    0.23000000000000001          277.99188961484987     
                   48    0.23500000000000001          277.97419886096958     
                   49    0.23999999999999999          277.95497074266331     
                   50    0.24500000000000000          277.93434328113716     
                   51    0.25000000000000000          277.91244757308277     
                   52    0.25500000000000000          277.88940926923959     
                   53    0.26000000000000001          277.86534985135012     
                   54    0.26500000000000001          277.84038770867039     
                   55    0.27000000000000002          277.81463902025644     
                   56    0.27500000000000002          277.78821845380935     
                   57    0.28000000000000003          277.76123969590139     
                   58    0.28500000000000003          277.73381583192429     
                   59    0.28999999999999998          277.70605959708382     
                   60    0.29499999999999998          277.67808352220624     
                   61    0.29999999999999999          277.64999999999998     
