                    1     2.5000000000000001E-003    -5.4279622614987844     
                    2     7.4999999999999997E-003    -5.3028633573283281     
                    3     1.2500000000000001E-002    -5.1665921247304727     
                    4     1.7500000000000002E-002    -5.0269171210130734     
                    5     2.2499999999999999E-002    -4.8852398575691716     
                    6     2.7500000000000000E-002    -4.7423208871172928     
                    7     3.2500000000000001E-002    -4.5987279641263843     
                    8     3.7500000000000006E-002    -4.4547241654895897     
                    9     4.2499999999999996E-002    -4.3104525091613990     
                   10     4.7500000000000001E-002    -4.1659732835577312     
                   11     5.2500000000000005E-002    -4.0212393935971118     
                   12     5.7499999999999996E-002    -3.8763573882221189     
                   13     6.2500000000000000E-002    -3.7314586741475440     
                   14     6.7500000000000004E-002    -3.5865563188957328     
                   15     7.2500000000000009E-002    -3.4417564743244951     
                   16     7.7499999999999999E-002    -3.2972418760943198     
                   17     8.2500000000000004E-002    -3.1531689234537672     
                   18     8.7499999999999994E-002    -3.0096071976401717     
                   19     9.2499999999999999E-002    -2.8666287991933532     
                   20     9.7500000000000003E-002    -2.7243744211133216     
                   21    0.10250000000000001         -2.5828971253060180     
                   22    0.10750000000000000         -2.4421577760184627     
                   23    0.11250000000000000         -2.3021223388310439     
                   24    0.11749999999999999         -2.1627515292175268     
                   25    0.12250000000000000         -2.0239615026011557     
                   26    0.12750000000000000         -1.8856381312787196     
                   27    0.13250000000000001         -1.7476640108393569     
                   28    0.13750000000000001         -1.6099120688750446     
                   29    0.14250000000000002         -1.4722093375954204     
                   30    0.14749999999999999         -1.3343059825026866     
                   31    0.15250000000000000         -1.1959034519281837     
                   32    0.15750000000000000         -1.0566183588244100     
                   33    0.16250000000000001        -0.91584804422773125     
                   34    0.16750000000000001        -0.77260584948063604     
                   35    0.17250000000000001        -0.62294268499171634     
                   36    0.17749999999999999        -0.45670299264977471     
                   37    0.18250000000000000        -0.26985911566187526     
                   38    0.18750000000000000         -7.1481592440731698E-002
                   39    0.19250000000000000         0.13058622728949237     
                   40    0.19750000000000001         0.33369463333100557     
                   41    0.20250000000000001         0.53676148389604950     
                   42    0.20750000000000002         0.73979421979477533     
                   43    0.21249999999999999         0.94280047784143606     
                   44    0.21750000000000000          1.1457880820731523     
                   45    0.22250000000000000          1.3487650350722911     
                   46    0.22750000000000001          1.5517395093839017     
                   47    0.23250000000000001          1.7547198390159178     
                   48    0.23749999999999999          1.9577145110074410     
                   49    0.24249999999999999          2.1607321570492202     
                   50    0.24750000000000000          2.3637815451401858     
                   51    0.25250000000000000          2.5668715712645289     
                   52    0.25750000000000001          2.7700112510750747     
                   53    0.26250000000000001          2.9732097115704876     
                   54    0.26750000000000002          3.1764761827559820     
                   55    0.27250000000000002          3.3798199892795791     
                   56    0.27750000000000002          3.5832505420384075     
                   57    0.28250000000000003          3.7867773297519625     
                   58    0.28749999999999998          3.9904099105015254     
                   59    0.29249999999999998          4.1941579032369987     
                   60    0.29749999999999999          4.3980309792541687     
