                    1     2.5000000000000001E-003    -6.9453894189324377     
                    2     7.4999999999999997E-003    -6.9453899578123499     
                    3     1.2500000000000001E-002    -6.9453904976046417     
                    4     1.7500000000000002E-002    -6.9453910383105475     
                    5     2.2499999999999999E-002    -6.9453915799313162     
                    6     2.7500000000000000E-002    -1.9843421982501850     
                    7     3.2500000000000001E-002    -1.9843422109102116     
                    8     3.7500000000000006E-002    -1.9843422235763559     
                    9     4.2499999999999996E-002    -1.9843422362486123     
                   10     4.7500000000000001E-002    -1.9843422489269833     
                   11     5.2500000000000005E-002    -9.9285178901895872     
                   12     5.7499999999999996E-002    -9.9285194826417005     
                   13     6.2500000000000000E-002    -9.9285210789408431     
                   14     6.7500000000000004E-002    -9.9285226790933621     
                   15     7.2500000000000009E-002    -9.9285242831078691     
                   16     7.7499999999999999E-002    -5.9531633439481091     
                   17     8.2500000000000004E-002    -5.9531636910846268     
                   18     8.7499999999999994E-002    -5.9531640387226368     
                   19     9.2499999999999999E-002    -5.9531643868626718     
                   20     9.7500000000000003E-002    -5.9531647355053625     
                   21    0.10250000000000001         -5.9595255232875761     
                   22    0.10750000000000000         -5.9595258740596861     
                   23    0.11250000000000000         -5.9595262253380756     
                   24    0.11749999999999999         -5.9595265771241808     
                   25    0.12250000000000000         -5.9595269294176916     
                   26    0.12750000000000000         0.99852581366856730     
                   27    0.13250000000000001         0.99852581200933954     
                   28    0.13750000000000001         0.99852581035022991     
                   29    0.14250000000000002         0.99852580869209140     
                   30    0.14749999999999999         0.99852580703405980     
                   31    0.15250000000000000        -0.99852580703405991     
                   32    0.15750000000000000        -0.99852580869208574     
                   33    0.16250000000000001        -0.99852581035022991     
                   34    0.16750000000000001        -0.99852581200933954     
                   35    0.17250000000000001        -0.99852581366856730     
                   36    0.17749999999999999          4.9673037827219542     
                   37    0.18250000000000000          4.9673035786688065     
                   38    0.18750000000000000          4.9673033748605357     
                   39    0.19250000000000000          4.9673031712977220     
                   40    0.19750000000000001          4.9673029679792835     
                   41    0.20250000000000001          1.9843427936525107     
                   42    0.20750000000000002          1.9843427807118661     
                   43    0.21249999999999999          1.9843427677774184     
                   44    0.21750000000000000          1.9843427548491976     
                   45    0.22250000000000000          1.9843427419271908     
                   46    0.22750000000000001          6.9453982327590182     
                   47    0.23250000000000001          6.9453976799254828     
                   48    0.23749999999999999          6.9453971280217379     
                   49    0.24249999999999999          6.9453965770472577     
                   50    0.24750000000000000          6.9453960270000570     
                   51    0.25250000000000000          10.920800666839888     
                   52    0.25750000000000001          10.920798537918117     
                   53    0.26250000000000001          10.920796414635657     
                   54    0.26750000000000002          10.920794296981359     
                   55    0.27250000000000002          10.920792184942396     
                   56    0.27750000000000002          16.868317206592394     
                   57    0.28250000000000003          16.868309476676131     
                   58    0.28749999999999998          16.868301778460776     
                   59    0.29249999999999998          16.868294111842122     
                   60    0.29749999999999999          22.466296310750884     
