                    1     2.5000000000000001E-003    0.22412058326505857     
                    2     7.4999999999999997E-003    0.20786311352647255     
                    3     1.2500000000000001E-002    0.20576524551400818     
                    4     1.7500000000000002E-002    0.20442187567453116     
                    5     2.2499999999999999E-002    0.20338028104357952     
                    6     2.7500000000000000E-002    0.20256596226128848     
                    7     3.2500000000000001E-002    0.20182177495059916     
                    8     3.7500000000000006E-002    0.20104594310483342     
                    9     4.2499999999999996E-002    0.20022433138463014     
                   10     4.7500000000000001E-002    0.19930410266404541     
                   11     5.2500000000000005E-002    0.19831031593287701     
                   12     5.7499999999999996E-002    0.19728614250251211     
                   13     6.2500000000000000E-002    0.19612098630562794     
                   14     6.7500000000000004E-002    0.19476059980423524     
                   15     7.2500000000000009E-002    0.19294909345884467     
                   16     7.7499999999999999E-002    0.19005382894288075     
                   17     8.2500000000000004E-002    0.18469564933771285     
                   18     8.7499999999999994E-002    0.17312599278928825     
                   19     9.2499999999999999E-002    0.14367166970389861     
                   20     9.7500000000000003E-002     8.1069488358135697E-002
                   21    0.10250000000000001          2.6982036250783312E-002
                   22    0.10750000000000000          6.6324437052731116E-003
                   23    0.11250000000000000          5.1463320024062922E-004
                   24    0.11749999999999999          0.0000000000000000     
                   25    0.12250000000000000          0.0000000000000000     
                   26    0.12750000000000000          0.0000000000000000     
                   27    0.13250000000000001          0.0000000000000000     
                   28    0.13750000000000001          0.0000000000000000     
                   29    0.14250000000000002          0.0000000000000000     
                   30    0.14749999999999999          0.0000000000000000     
                   31    0.15250000000000000          0.0000000000000000     
                   32    0.15750000000000000          0.0000000000000000     
                   33    0.16250000000000001          0.0000000000000000     
                   34    0.16750000000000001          0.0000000000000000     
                   35    0.17250000000000001          0.0000000000000000     
                   36    0.17749999999999999          0.0000000000000000     
                   37    0.18250000000000000          0.0000000000000000     
                   38    0.18750000000000000          0.0000000000000000     
                   39    0.19250000000000000          0.0000000000000000     
                   40    0.19750000000000001          0.0000000000000000     
                   41    0.20250000000000001          0.0000000000000000     
                   42    0.20750000000000002          0.0000000000000000     
                   43    0.21249999999999999          0.0000000000000000     
                   44    0.21750000000000000          0.0000000000000000     
                   45    0.22250000000000000          0.0000000000000000     
                   46    0.22750000000000001          0.0000000000000000     
                   47    0.23250000000000001          0.0000000000000000     
                   48    0.23749999999999999          0.0000000000000000     
                   49    0.24249999999999999          0.0000000000000000     
                   50    0.24750000000000000          0.0000000000000000     
                   51    0.25250000000000000          0.0000000000000000     
                   52    0.25750000000000001          0.0000000000000000     
                   53    0.26250000000000001          0.0000000000000000     
                   54    0.26750000000000002          0.0000000000000000     
                   55    0.27250000000000002          0.0000000000000000     
                   56    0.27750000000000002          0.0000000000000000     
                   57    0.28250000000000003          0.0000000000000000     
                   58    0.28749999999999998          0.0000000000000000     
                   59    0.29249999999999998          0.0000000000000000     
                   60    0.29749999999999999          0.0000000000000000     
