                    1     0.0000000000000000         -10.010979959850179     
                    2     5.0000000000000001E-003    -12.529249845502301     
                    3     1.0000000000000000E-002    -13.086098840714028     
                    4     1.4999999999999999E-002    -13.342952407244185     
                    5     2.0000000000000000E-002    -13.538341098770740     
                    6     2.5000000000000001E-002    -13.649775234628880     
                    7     2.9999999999999999E-002    -13.708657694495406     
                    8     3.5000000000000003E-002    -13.744738970094971     
                    9     4.0000000000000001E-002    -13.784971088858921     
                   10     4.4999999999999998E-002    -13.796761066888656     
                   11     5.0000000000000003E-002    -13.862503544718436     
                   12     5.5000000000000000E-002    -13.924924628972962     
                   13     5.9999999999999998E-002    -14.072150779429329     
                   14     6.5000000000000002E-002    -14.713485002829955     
                   15     7.0000000000000007E-002    -16.952586592469608     
                   16     7.4999999999999997E-002    -18.455463388975268     
                   17     8.0000000000000002E-002    -19.025598843057253     
                   18     8.5000000000000006E-002    -18.847559750107557     
                   19     8.9999999999999997E-002    -18.684526586689838     
                   20     9.5000000000000001E-002    -18.535259068388655     
                   21    0.10000000000000001         -18.398643484896407     
                   22    0.10500000000000000         -18.273668822514267     
                   23    0.11000000000000000         -18.159366261013432     
                   24    0.11500000000000000         -18.054801294223584     
                   25    0.12000000000000000         -17.959089327823850     
                   26    0.12500000000000000         -17.871411494792344     
                   27    0.13000000000000000         -17.791022932480899     
                   28    0.13500000000000001         -17.717253733868702     
                   29    0.14000000000000001         -17.649505116936005     
                   30    0.14499999999999999         -17.587243238190201     
                   31    0.14999999999999999         -17.529992298173141     
                   32    0.15500000000000000         -17.477327857954648     
                   33    0.16000000000000000         -17.428870785790195     
                   34    0.16500000000000001         -17.384281963570572     
                   35    0.17000000000000001         -17.343257737231482     
                   36    0.17500000000000002         -17.305526034411045     
                   37    0.17999999999999999         -17.270843055786084     
                   38    0.18500000000000000         -17.238990449799701     
                   39    0.19000000000000000         -17.209772891311886     
                   40    0.19500000000000001         -17.183015997090550     
                   41    0.20000000000000001         -17.158564522556979     
                   42    0.20500000000000002         -17.136280794039102     
                   43    0.20999999999999999         -17.116043338920818     
                   44    0.21500000000000000         -17.097745682713960     
                   45    0.22000000000000000         -17.081295287482646     
                   46    0.22500000000000001         -17.066612610457199     
                   47    0.23000000000000001         -17.053630265286714     
                   48    0.23500000000000001         -17.042292271353833     
                   49    0.23999999999999999         -17.032553379039911     
                   50    0.24500000000000000         -17.024378460882655     
                   51    0.25000000000000000         -17.017741960291023     
                   52    0.25500000000000000         -17.012627390937247     
                   53    0.26000000000000001         -17.009026881182908     
                   54    0.26500000000000001         -17.006940758955377     
                   55    0.27000000000000002         -17.006377173404747     
                   56    0.27500000000000002         -17.007351750464942     
                   57    0.28000000000000003         -17.009887280137210     
                   58    0.28500000000000003         -17.014013433926554     
                   59    0.28999999999999998         -17.019766511406623     
                   60    0.29499999999999998         -17.027189215378439     
                   61    0.29999999999999999         -17.036330455534102     
