                    1     2.5000000000000001E-003    -2.2949318359375642E-017
                    2     7.4999999999999997E-003    -2.1198817547951228E-016
                    3     1.2500000000000001E-002    -1.2564078524641202E-014
                    4     1.7500000000000002E-002    -7.1115637989033704E-009
                    5     2.2499999999999999E-002    -2.2863417371101401E-007
                    6     2.7500000000000000E-002    -1.5064778827775037E-007
                    7     3.2500000000000001E-002    -1.4156159519571445E-007
                    8     3.7500000000000006E-002    -1.3355712919522217E-007
                    9     4.2499999999999996E-002    -1.2283580386649755E-007
                   10     4.7500000000000001E-002    -1.1122093262845300E-007
                   11     5.2500000000000005E-002    -1.0012535519243323E-007
                   12     5.7499999999999996E-002    -9.0124766348452063E-008
                   13     6.2500000000000000E-002    -8.1310809815760810E-008
                   14     6.7500000000000004E-002    -7.3577782692753773E-008
                   15     7.2500000000000009E-002    -6.6768597209256923E-008
                   16     7.7499999999999999E-002    -6.0731882830485245E-008
                   17     8.2500000000000004E-002    -5.5337854210259930E-008
                   18     8.7499999999999994E-002    -5.0479182645651853E-008
                   19     9.2499999999999999E-002    -4.6068042316596278E-008
                   20     9.7500000000000003E-002    -4.2033001612673470E-008
                   21    0.10250000000000001         -3.8316501782458618E-008
                   22    0.10750000000000000         -3.4872818165321097E-008
                   23    0.11250000000000000         -3.1666294403903540E-008
                   24    0.11749999999999999         -2.8669719489590673E-008
                   25    0.12250000000000000         -2.5862800977582837E-008
                   26    0.12750000000000000         -2.3230738053982429E-008
                   27    0.13250000000000001         -2.0762919396023124E-008
                   28    0.13750000000000001         -1.8451773563810537E-008
                   29    0.14250000000000002         -1.6291792625512746E-008
                   30    0.14749999999999999         -1.4278738640273521E-008
                   31    0.15250000000000000         -1.2409031083274820E-008
                   32    0.15750000000000000         -1.0679303316760421E-008
                   33    0.16250000000000001         -9.0861087234818934E-009
                   34    0.16750000000000001         -7.6257523447874581E-009
                   35    0.17250000000000001         -6.2942216184504996E-009
                   36    0.17749999999999999         -5.0871896760672077E-009
                   37    0.18250000000000000         -4.0000661696219300E-009
                   38    0.18750000000000000         -3.0280732802910183E-009
                   39    0.19250000000000000         -2.1663280175123186E-009
                   40    0.19750000000000001         -1.4099158352965885E-009
                   41    0.20250000000000001         -7.5394481253141060E-010
                   42    0.20750000000000002         -1.9357399597704128E-010
                   43    0.21249999999999999          2.7598774605824962E-010
                   44    0.21750000000000000          6.5950927061560165E-010
                   45    0.22250000000000000          9.6181606925547599E-010
                   46    0.22750000000000001          1.1878560014200930E-009
                   47    0.23250000000000001          1.3427925797882364E-009
                   48    0.23749999999999999          1.4321023748325600E-009
                   49    0.24249999999999999          1.4616674172981267E-009
                   50    0.24750000000000000          1.4378534063724623E-009
                   51    0.25250000000000000          1.3675653251784212E-009
                   52    0.25750000000000001          1.2582737214418809E-009
                   53    0.26250000000000001          1.1180073288053192E-009
                   54    0.26750000000000002          9.5531076868185895E-010
                   55    0.27250000000000002          7.7916962267603927E-010
                   56    0.27750000000000002          5.9890900236496670E-010
                   57    0.28250000000000003          4.2407560039259439E-010
                   58    0.28749999999999998          2.6431680393422147E-010
                   59    0.29249999999999998          1.2927348900275707E-010
                   60    0.29749999999999999          2.8505309849412571E-011
