                    1     2.5000000000000001E-003    -539.41607909571690     
                    2     7.4999999999999997E-003    -499.89589780771900     
                    3     1.2500000000000001E-002    -457.60875181202533     
                    4     1.7500000000000002E-002    -415.05238099000923     
                    5     2.2499999999999999E-002    -372.39817258523095     
                    6     2.7500000000000000E-002    -329.72651262626556     
                    7     3.2500000000000001E-002    -287.10151177778414     
                    8     3.7500000000000006E-002    -244.56041352792948     
                    9     4.2499999999999996E-002    -202.10927082476189     
                   10     4.7500000000000001E-002    -159.76760560214987     
                   11     5.2500000000000005E-002    -117.59005840072986     
                   12     5.7499999999999996E-002    -76.045892284085753     
                   13     6.2500000000000000E-002    -39.902476533268626     
                   14     6.7500000000000004E-002    -22.324198758304131     
                   15     7.2500000000000009E-002    -19.266405376146256     
                   16     7.7499999999999999E-002    -18.799376476984193     
                   17     8.2500000000000004E-002    -18.731279344580003     
                   18     8.7499999999999994E-002    -18.585982903437500     
                   19     9.2499999999999999E-002    -18.452706723583514     
                   20     9.7500000000000003E-002    -18.331202154179064     
                   21    0.10250000000000001         -18.220566050087214     
                   22    0.10750000000000000         -18.119703404324099     
                   23    0.11250000000000000         -18.027554844300234     
                   24    0.11749999999999999         -17.943178441648545     
                   25    0.12250000000000000         -17.865761828077815     
                   26    0.12750000000000000         -17.794608364908282     
                   27    0.13250000000000001         -17.729117632138937     
                   28    0.13750000000000001         -17.668767772967414     
                   29    0.14250000000000002         -17.613101516378727     
                   30    0.14749999999999999         -17.561715605833072     
                   31    0.15250000000000000         -17.514252843329174     
                   32    0.15750000000000000         -17.470396005320101     
                   33    0.16250000000000001         -17.429863072814626     
                   34    0.16750000000000001         -17.392403392802677     
                   35    0.17250000000000001         -17.357794516439093     
                   36    0.17749999999999999         -17.325839544649465     
                   37    0.18250000000000000         -17.296364866154626     
                   38    0.18750000000000000         -17.269218207289839     
                   39    0.19250000000000000         -17.244266935076890     
                   40    0.19750000000000001         -17.221396569607872     
                   41    0.20250000000000001         -17.200509471802022     
                   42    0.20750000000000002         -17.181523679704668     
                   43    0.21249999999999999         -17.164371871725098     
                   44    0.21750000000000000         -17.149000439179819     
                   45    0.22250000000000000         -17.135368653611955     
                   46    0.22750000000000001         -17.123447916850008     
                   47    0.23250000000000001         -17.113221083818633     
                   48    0.23749999999999999         -17.104681849832353     
                   49    0.24249999999999999         -17.097834195566758     
                   50    0.24750000000000000         -17.092691884162040     
                   51    0.25250000000000000         -17.089278006007824     
                   52    0.25750000000000001         -17.087624567712606     
                   53    0.26250000000000001         -17.087772122596558     
                   54    0.26750000000000002         -17.089769440779762     
                   55    0.27250000000000002         -17.093673217584232     
                   56    0.27750000000000002         -17.099547819540813     
                   57    0.28250000000000003         -17.107465067803499     
                   58    0.28749999999999998         -17.117504059237202     
                   59    0.29249999999999998         -17.129751025872313     
                   60    0.29749999999999999         -17.144299233822771     
