                    1     0.0000000000000000         -10.009876096482524     
                    2     5.0000000000000001E-003    -12.527584673254928     
                    3     1.0000000000000000E-002    -13.083557871614520     
                    4     1.4999999999999999E-002    -13.339295078850441     
                    5     2.0000000000000000E-002    -13.533151517943471     
                    6     2.5000000000000001E-002    -13.642444426909394     
                    7     2.9999999999999999E-002    -13.698255455060687     
                    8     3.5000000000000003E-002    -13.729746902193531     
                    9     4.0000000000000001E-002    -13.762742101152062     
                   10     4.4999999999999998E-002    -13.762301130622994     
                   11     5.0000000000000003E-002    -13.804821514310358     
                   12     5.5000000000000000E-002    -13.814713667636465     
                   13     5.9999999999999998E-002    -13.807659670232706     
                   14     6.5000000000000002E-002    -13.819718458210305     
                   15     7.0000000000000007E-002    -13.811921056568057     
                   16     7.4999999999999997E-002    -13.794822661551658     
                   17     8.0000000000000002E-002    -13.766760862786587     
                   18     8.5000000000000006E-002    -13.754973175486798     
                   19     8.9999999999999997E-002    -13.804821678912759     
                   20     9.5000000000000001E-002    -13.978147686293390     
                   21    0.10000000000000001         -15.013272401138137     
                   22    0.10500000000000000         -17.276390719632410     
                   23    0.11000000000000000         -18.589432414761418     
                   24    0.11500000000000000         -19.101602964572358     
                   25    0.12000000000000000         -18.984382306905040     
                   26    0.12500000000000000         -18.868791973376158     
                   27    0.13000000000000000         -18.758693052097282     
                   28    0.13500000000000001         -18.655309428720766     
                   29    0.14000000000000001         -18.558763593685711     
                   30    0.14499999999999999         -18.468769597455985     
                   31    0.14999999999999999         -18.384927352081103     
                   32    0.15500000000000000         -18.306835827531067     
                   33    0.16000000000000000         -18.234128789119474     
                   34    0.16500000000000001         -18.166480454250031     
                   35    0.17000000000000001         -18.103601439649601     
                   36    0.17500000000000002         -18.045232946160056     
                   37    0.17999999999999999         -17.991141756082875     
                   38    0.18500000000000000         -17.941116512064095     
                   39    0.19000000000000000         -17.894965062145300     
                   40    0.19500000000000001         -17.852512532556609     
                   41    0.20000000000000001         -17.813599850671057     
                   42    0.20500000000000002         -17.778082534791309     
                   43    0.20999999999999999         -17.745829645066319     
                   44    0.21500000000000000         -17.716722841348219     
                   45    0.22000000000000000         -17.690655523479837     
                   46    0.22500000000000001         -17.667532044433617     
                   47    0.23000000000000001         -17.647266992965513     
                   48    0.23500000000000001         -17.629784544198124     
                   49    0.23999999999999999         -17.615017876348510     
                   50    0.24500000000000000         -17.602908651040174     
                   51    0.25000000000000000         -17.593406553925885     
                   52    0.25500000000000000         -17.586468891926138     
                   53    0.26000000000000001         -17.582060243283355     
                   54    0.26500000000000001         -17.580152156783367     
                   55    0.27000000000000002         -17.580722896824874     
                   56    0.27500000000000002         -17.583757231450537     
                   57    0.28000000000000003         -17.589246260936768     
                   58    0.28500000000000003         -17.597187285035169     
                   59    0.28999999999999998         -17.607583707445539     
                   60    0.29499999999999998         -17.620444976565111     
                   61    0.29999999999999999         -17.635786561994600     
