                    1     2.5000000000000001E-003    -322.08239676088982     
                    2     7.4999999999999997E-003    -229.81925476890382     
                    3     1.2500000000000001E-002    -133.28830092025970     
                    4     1.7500000000000002E-002    -48.119987251933672     
                    5     2.2499999999999999E-002    -18.723882344546485     
                    6     2.7500000000000000E-002    -18.087355046590300     
                    7     3.2500000000000001E-002    -17.897794302372112     
                    8     3.7500000000000006E-002    -17.734267380026253     
                    9     4.2499999999999996E-002    -17.594204722317361     
                   10     4.7500000000000001E-002    -17.477386727708062     
                   11     5.2500000000000005E-002    -17.381298627084249     
                   12     5.7499999999999996E-002    -17.302470990096936     
                   13     6.2500000000000000E-002    -17.237542356291964     
                   14     6.7500000000000004E-002    -17.183662369449685     
                   15     7.2500000000000009E-002    -17.138544742349286     
                   16     7.7499999999999999E-002    -17.100394109944123     
                   17     8.2500000000000004E-002    -17.067809458898250     
                   18     8.7499999999999994E-002    -17.039698971233449     
                   19     9.2499999999999999E-002    -17.015212699739685     
                   20     9.7500000000000003E-002    -16.993690553534666     
                   21    0.10250000000000001         -16.974621703394739     
                   22    0.10750000000000000         -16.957612314073568     
                   23    0.11250000000000000         -16.942359526213835     
                   24    0.11749999999999999         -16.928630348297943     
                   25    0.12250000000000000         -16.916244566210800     
                   26    0.12750000000000000         -16.905061026143926     
                   27    0.13250000000000001         -16.894966779163472     
                   28    0.13750000000000001         -16.885868648299535     
                   29    0.14250000000000002         -16.877686824155578     
                   30    0.14749999999999999         -16.870350130422633     
                   31    0.15250000000000000         -16.863792634777699     
                   32    0.15750000000000000         -16.857951316587478     
                   33    0.16250000000000001         -16.852764540903916     
                   34    0.16750000000000001         -16.848171127379832     
                   35    0.17250000000000001         -16.844109841485469     
                   36    0.17749999999999999         -16.840519172362480     
                   37    0.18250000000000000         -16.837337295671460     
                   38    0.18750000000000000         -16.834502150051264     
                   39    0.19250000000000000         -16.831951581788680     
                   40    0.19750000000000001         -16.829623533689002     
                   41    0.20250000000000001         -16.827456270743841     
                   42    0.20750000000000002         -16.825388646897878     
                   43    0.21249999999999999         -16.823360445748019     
                   44    0.21750000000000000         -16.821312755858827     
                   45    0.22250000000000000         -16.819188423977355     
                   46    0.22750000000000001         -16.816932652992616     
                   47    0.23250000000000001         -16.814493698447258     
                   48    0.23749999999999999         -16.811823664765328     
                   49    0.24249999999999999         -16.808879396539666     
                   50    0.24750000000000000         -16.805623444181276     
                   51    0.25250000000000000         -16.802025073825135     
                   52    0.25750000000000001         -16.798061283428645     
                   53    0.26250000000000001         -16.793717781584498     
                   54    0.26750000000000002         -16.788989883659820     
                   55    0.27250000000000002         -16.783883282234822     
                   56    0.27750000000000002         -16.778414655943553     
                   57    0.28250000000000003         -16.772612092864822     
                   58    0.28749999999999998         -16.766515321323560     
                   59    0.29249999999999998         -16.760175761683570     
                   60    0.29749999999999999         -16.753656436401883     
