                    1     2.5000000000000001E-003    -4.1883012219286549E-009
                    2     7.4999999999999997E-003    -4.1912967214248154E-009
                    3     1.2500000000000001E-002    -4.1942935015912890E-009
                    4     1.7500000000000002E-002    -4.1972915624749405E-009
                    5     2.2499999999999999E-002    -4.2002909041880159E-009
                    6     2.7500000000000000E-002    -5.0504717703185175E-009
                    7     3.2500000000000001E-002    -5.0548054466355004E-009
                    8     3.7500000000000006E-002    -5.0591413447556976E-009
                    9     4.2499999999999996E-002    -5.0634794648873719E-009
                   10     4.7500000000000001E-002    -5.0678198071507902E-009
                   11     5.2500000000000005E-002    -6.0352812194178013E-009
                   12     5.7499999999999996E-002    -6.0414322628713834E-009
                   13     6.2500000000000000E-002    -6.0475870499190592E-009
                   14     6.7500000000000004E-002    -6.0537455808429015E-009
                   15     7.2500000000000009E-002    -6.0599078560122810E-009
                   16     7.7499999999999999E-002    -3.6365723161247535E-009
                   17     8.2500000000000004E-002    -3.6387900474053780E-009
                   18     8.7499999999999994E-002    -3.6410085860746944E-009
                   19     9.2499999999999999E-002    -3.6432279321301912E-009
                   20     9.7500000000000003E-002    -3.6454480856578101E-009
                   21    0.10250000000000001         -3.6515673169373159E-009
                   22    0.10750000000000000         -3.6537938362479027E-009
                   23    0.11250000000000000         -3.6560211657354617E-009
                   24    0.11749999999999999         -3.6582493054083298E-009
                   25    0.12250000000000000         -3.6604782553412992E-009
                   26    0.12750000000000000          6.1349068653904074E-010
                   27    0.13250000000000001          6.1342808979214708E-010
                   28    0.13750000000000001          6.1336549683481224E-010
                   29    0.14250000000000002          6.1330290771142283E-010
                   30    0.14749999999999999          6.1324032237752411E-010
                   31    0.15250000000000000         -6.1324032237752411E-010
                   32    0.15750000000000000         -6.1330290771141953E-010
                   33    0.16250000000000001         -6.1336549683481224E-010
                   34    0.16750000000000001         -6.1342808979214708E-010
                   35    0.17250000000000001         -6.1349068653904064E-010
                   36    0.17749999999999999          2.8910643823123964E-009
                   37    0.18250000000000000          2.8896740527337857E-009
                   38    0.18750000000000000          2.8882841222848478E-009
                   39    0.19250000000000000          2.8868945909161324E-009
                   40    0.19750000000000001          2.8855054586447431E-009
                   41    0.20250000000000001          1.3759748278293349E-009
                   42    0.20750000000000002          1.3756588582517905E-009
                   43    0.21249999999999999          1.3753429320132085E-009
                   44    0.21750000000000000          1.3750270490684739E-009
                   45    0.22250000000000000          1.3747112094610289E-009
                   46    0.22750000000000001          4.2506484139425651E-009
                   47    0.23250000000000001          4.2476276373502567E-009
                   48    0.23749999999999999          4.2446081428979887E-009
                   49    0.24249999999999999          4.2415899304752206E-009
                   50    0.24750000000000000          4.2385730000377015E-009
                   51    0.25250000000000000          6.6583981233859067E-009
                   52    0.25750000000000001          6.6509476186616042E-009
                   53    0.26250000000000001          6.6435020961414604E-009
                   54    0.26750000000000002          6.6360615553149742E-009
                   55    0.27250000000000002          6.6286259957364010E-009
                   56    0.27750000000000002          1.0223673750398831E-008
                   57    0.28250000000000003          1.0205965351956014E-008
                   58    0.28749999999999998          1.0188275301408594E-008
                   59    0.29249999999999998          1.0170603596028256E-008
                   60    0.29749999999999999          1.3518055675961587E-008
