                    1     2.5000000000000001E-003    0.38068711253169529     
                    2     7.4999999999999997E-003    0.26529619556209139     
                    3     1.2500000000000001E-002    0.26128863103513666     
                    4     1.7500000000000002E-002    0.25891297705454541     
                    5     2.2499999999999999E-002    0.25759133009663782     
                    6     2.7500000000000000E-002    0.25702255077631453     
                    7     3.2500000000000001E-002    0.25659405296477789     
                    8     3.7500000000000006E-002    0.25682103958100710     
                    9     4.2499999999999996E-002    0.25713302968821211     
                   10     4.7500000000000001E-002    0.25744201074297079     
                   11     5.2500000000000005E-002    0.25846874148372406     
                   12     5.7499999999999996E-002    0.26039290965181938     
                   13     6.2500000000000000E-002    0.26309574192522389     
                   14     6.7500000000000004E-002    0.26683736289142085     
                   15     7.2500000000000009E-002    0.27203758778007597     
                   16     7.7499999999999999E-002    0.27916087577082332     
                   17     8.2500000000000004E-002    0.28835309562254513     
                   18     8.7499999999999994E-002    0.29989463597843069     
                   19     9.2499999999999999E-002    0.31449794610572646     
                   20     9.7500000000000003E-002    0.33250319281987589     
                   21    0.10250000000000001         0.34985686246811132     
                   22    0.10750000000000000         0.26912640996728326     
                   23    0.11250000000000000         0.16851457057720939     
                   24    0.11749999999999999         0.14412117401642965     
                   25    0.12250000000000000         0.14789761583627870     
                   26    0.12750000000000000         0.15132056912536931     
                   27    0.13250000000000001         0.15440050636584801     
                   28    0.13750000000000001         0.15715739480181087     
                   29    0.14250000000000002         0.15961540034948499     
                   30    0.14749999999999999         0.16179980540841976     
                   31    0.15250000000000000         0.16373520672933714     
                   32    0.15750000000000000         0.16544452783205860     
                   33    0.16250000000000001         0.16694855828072935     
                   34    0.16750000000000001         0.16826582259413619     
                   35    0.17250000000000001         0.16941264230245345     
                   36    0.17749999999999999         0.17040329980817595     
                   37    0.18250000000000000         0.17125024595454358     
                   38    0.18750000000000000         0.17196431660779488     
                   39    0.19250000000000000         0.17255493919174095     
                   40    0.19750000000000001         0.17303032000360677     
                   41    0.20250000000000001         0.17339760904153695     
                   42    0.20750000000000002         0.17366304235313582     
                   43    0.21249999999999999         0.17383206355685904     
                   44    0.21750000000000000         0.17390942686289443     
                   45    0.22250000000000000         0.17389928405793351     
                   46    0.22750000000000001         0.17380525778287970     
                   47    0.23250000000000001         0.17363050317788042     
                   48    0.23749999999999999         0.17337775967959765     
                   49    0.24249999999999999         0.17304939447412304     
                   50    0.24750000000000000         0.17264743885423772     
                   51    0.25250000000000000         0.17217361850764559     
                   52    0.25750000000000001         0.17162937857263125     
                   53    0.26250000000000001         0.17101590413561188     
                   54    0.26750000000000002         0.17033413670652464     
                   55    0.27250000000000002         0.16958478708805619     
                   56    0.27750000000000002         0.16876834494875753     
                   57    0.28250000000000003         0.16788508531382945     
                   58    0.28749999999999998         0.16693507209682354     
                   59    0.29249999999999998         0.16591815870688148     
                   60    0.29749999999999999         0.16483398567573004     
