   0.0000000000000000                         2
   1.0000000000000000                         2
   1.9540000000000002                         2
   2.8641160000000001                         2
   3.8288389600000006                         2
   4.8514452976000007                         2
   5.9354080154560007                         2
   7.0844084963833609                         2
   8.3023490061663630                         2
   9.5933659465363448                         2
   10.961843903328527                         2
   12.412430537528239                         2
   13.950052369779934                         2
   15.579931511966731                         2
   17.307603402684734                         2
   19.138935606845820                         2
   21.080147743256571                         2
   23.137832607851966                         2
   25.318978564323086                         2
   27.630993278182473                         2
   30.081728874873424                         2
   32.679508607365833                         2
   35.433155123807786                         2
   38.352020431236255                         2
   41.446017657110431                         2
   44.725654716537058                         2
   48.202069999529286                         2
   51.887070199501046                         2
   55.793170411471110                         2
   59.933636636159378                         2
   64.322530834328944                         2
   68.974758684388689                         2
   73.906120205452012                         2
   79.133363417779137                         2
   84.674241222845893                         2
   90.547571696216650                         2
   96.773301997989648                         2
   103.37257611786903                         2
   110.36780668494117                         2
   117.78275108603765                         2
   125.64259215119992                         2
   133.97402368027193                         2
   142.80534110108826                         2
   152.16653756715357                         2
   162.08940582118279                         2
   172.60764617045376                         2
   183.75698094068099                         2
   195.57527579712186                         2
   208.10266834494917                         2
   221.38170444564611                         2
   235.45748271238489                         2
   250.37780767512800                         2
   266.19335213563568                         2
   282.95782926377382                         2
   300.72817501960026                         2
   319.56474152077629                         4
   339.53150201202288                         4
   343.71883518179675                         1
   344.42135311232937                         1
   345.16602211869395                         1
   345.95537126544036                         1
   346.79208136099157                         1
   347.67899406227588                         1
   348.61912152563724                         1
   349.61565663680028                         1
   350.67198385463308                         1
   351.79169070553587                         2
   352.97857996749281                         2
   354.23668258516716                         1
   355.57027135990199                         1
   356.98387546112093                         1
   358.48229580841297                         1
   360.07062137654259                         1
   361.75424647875997                         1
   363.53888908711036                         1
   365.43061025196181                         1
   367.43583468670431                         1
   369.56137258753137                         1
   371.81444276240808                         2
   374.20269714777737                         2
   376.73424679626885                         2
   379.41768942366980                         2
   382.26213860871479                         2
   385.27725474486249                         2
   388.47327784917906                         2
   391.86106233975460                         2
   395.45211389976470                         2
   399.25862855337539                         2
   403.29353408620273                         2
   407.57053395099973                         2
   412.10415380768455                         2
   416.90979085577044                         2
   422.00376612674148                         2
   427.40337991397081                         3
   433.12697052843384                         3
   438.85056114289688                         3
   444.57415175735991                         3
   450.29774237182295                         3
   456.02133298628598                         3
   461.74492360074902                         3
   467.46851421521205                         3
   473.19210482967509                         3
   478.91569544413812                         3
   484.63928605860116                         3
   490.36287667306419                         3
   496.08646728752723                         2
   501.81005790199026                         3
   507.87706395332111                         3
   513.94407000465196                         3
   520.01107605598281                         2
   526.07808210731366                         3
   532.50910852172433                         2
   538.94013493613500                         3
   545.75702293541030                         2
   552.57391093468561                         2
   559.79981221391745                         2
   567.45926756990320                         2
   575.57829024724811                         2
   584.18445428523376                         2
   593.30698816549852                         2
   602.97687407857916                         3
   613.22695314644466                         4
   623.47703221431016                         5
   633.72711128217566                         3
   642.95218244325463                         2
   652.17725360433360                         2
   661.95582903507727                         2
   672.32111899166557                         2
   683.30832634564911                         2
   694.95476614087170                         2
   707.29999232380760                         2
   715.67499376631133                         4
   724.55249529536536                         3
   733.42999682441939                         3
   742.30749835347342                         3
   751.18499988252745                         3
   760.06250141158148                         3
   768.94000294063551                         3
   777.81750446968954                         3
   786.69500599874357                         3
   795.57250752779760                         3
   804.45000905685163                         3
   813.32751058590566                         3
   822.20501211495969                         3
   831.08251364401372                         3
   839.96001517306775                         3
   848.83751670212177                         4
   857.71501823117580                         3
   866.59251976022983                         3
   875.47002128928386                         3
   884.34752281833789                         3
   893.22502434739192                         3
   902.10252587644595                         3
   910.98002740549998                         3
   919.85752893455401                         2
   928.73503046360804                         4
   938.14518208440529                         4
   947.55533370520254                         4
   956.96548532599979                         4
   966.37563694679704                         2
   972.39813398410729                         3
   978.78198084365613                         3
   985.16582770320497                         3
   991.54967456275381                         3
   997.93352142230265                         3
   1004.3173682818515                         3
   1010.7012151414003                         2
   1017.0850620009492                         2
   1023.8519396720709                         2
   1031.0248300034600                         3
   1038.6280937547324                         2
   1046.2313575060048                         2
   1054.2908170823534                         2
   1062.8338442332831                         2
   1071.8894530132686                         3
   1081.4883983200532                         3
   1091.0873436268378                         3
   1100.6862889336223                         3
   1110.2852342404069                         3
   1119.8841795471915                         3
   1129.4831248539761                         2
   1139.0820701607606                         2
   1149.2569521859523                         2
   1160.0423271326554                         2
   1171.4748245761607                         3
   1183.5932718662764                         3
   1193.2880296983690                         3
   1202.9827875304616                         2
   1212.6775453625542                         2
   1217.9390843331873                         3
   1223.5163156420585                         2
   1229.0935469509297                         2
   1235.0054121383332                         2
   1241.2719892369810                         2
   1247.9145609615475                         2
   1254.9556869895882                         2
   1262.4192805793114                         2
   1270.3306897844177                         2
   1278.7167835418306                         2
   1287.6060429246882                         2
   1297.0286578705172                         2
   1307.0166297130961                         2
   1317.6038798662296                         2
   1328.8263650285512                         2
   1340.7221993006121                         2
   1353.3317836289966                         4
   1366.6979430170841                         3
   1380.0641024051715                         2
   1386.9075760118724                         3
   1394.1616580349753                         2
   1401.4157400580782                         2
   1409.1050670025672                         2
   1417.2557535637256                         2
   1425.8954813185535                         2
   1435.0535927386711                         2
   1444.7611908439958                         2
   1455.0512448356399                         2
   1465.9587020667825                         3
   1477.5206067317938                         3
   1489.0825113968051                         3
   1500.6444160618164                         3
   1512.2063207268277                         3
   1523.7682253918390                         3
   1535.3301300568503                         3
   1546.8920347218616                         3
   1558.4539393868729                         3
   1570.0158440518842                         3
   1581.5777487168955                         3
   1593.1396533819068                         3
   1604.7015580469181                         3
   1616.2634627119294                         2
   1627.8253673769407                         2
   1640.0809863218526                         2
   1653.0719424034594                         2
   1666.8423558499626                         4
   1681.4389941032559                         3
   1696.0356323565493                         2
   1703.5091111422355                         3
   1711.4309986550629                         2
   1719.3528861678903                         2
   1727.7500869314874                         2
   1736.6511197409002                         2
   1746.0862145188778                         2
   1756.0874149835340                         2
   1766.6886874760696                         2
   1777.9260363181575                         2
   1789.8376260907705                         2
   1802.4639112497402                         3
   1815.8477735182482                         3
   1829.2316357867562                         3
   1842.6154980552642                         3
   1855.9993603237722                         3
   1869.3832225922802                         2
   1882.7670848607881                         2
   1896.9539788654065                         2
   1911.9920865103020                         3
   1927.9324806138914                         3
   1943.8728747174807                         2
   1959.8132688210701                         3
   1976.7100865708749                         3
   1993.6069043206794                         3
   2010.5037220704839                         3
   2027.4005398202885                         3
   2044.2973575700930                         3
   2061.1941753198976                         3
   2078.0909930697021                         2
   2094.9878108195066                         2
   2112.8984376342996                         4
   2131.8837020579799                         5
   2150.8689664816602                         3
   2167.9557044629728                         2
   2185.0424424442854                         2
   2203.1543847044768                         2
   2222.3530435002795                         3
   2242.7036218238304                         3
   2263.0542001473814                         3
   2283.4047784709323                         3
   2303.7553567944833                         3
   2324.1059351180343                         3
   2344.4565134415852                         3
   2364.8070917651362                         3
   2385.1576700886872                         3
   2405.5082484122381                         3
   2425.8588267357891                         2
   2446.2094050593400                         5
   2467.7810180823039                         3
   2487.1954698029713                         4
   2506.6099215236386                         3
   2526.0243732443059                         3
   2545.4388249649733                         3
   2564.8532766856406                         2
   2584.2677284063079                         3
   2604.8470472302156                         3
   2625.4263660541233                         3
   2646.0056848780309                         3
   2666.5850037019386                         3
   2687.1643225258463                         2
   2707.7436413497539                         2
   2729.5577193030958                         3
   2752.6806419336385                         3
   2775.8035645641812                         3
   2798.9264871947239                         4
   2822.0494098252666                         3
   2845.1723324558093                         3
   2868.2952550863520                         3
   2891.4181777168947                         3
   2914.5411003474374                         3
   2937.6640229779800                         2
   2960.7869456085227                         2
   2985.2972435968977                         4
   3011.2781594645753                         3
   3032.0628921587172                         3
   3052.8476248528591                         2
   3073.6323575470010                         2
   3095.6641742027914                         3
   3119.0178998579295                         3
   3142.3716255130676                         3
   3165.7253511682056                         3
   3189.0790768233437                         3
   3212.4328024784818                         3
   3235.7865281336199                         3
   3259.1402537887579                         3
   3282.4939794438960                         3
   3305.8477050990341                         3
   3329.2014307541722                         3
   3352.5551564093103                         2
   3375.9088820644483                         5
   3400.6638312588948                         3
   3422.9432855338964                         4
   3445.2227398088980                         3
   3467.5021940838997                         3
   3489.7816483589013                         3
   3512.0611026339029                         3
   3534.3405569089045                         3
   3556.6200111839062                         2
   3578.8994654589078                         3
   3602.5156869904094                         3
   3626.1319085219111                         3
   3649.7481300534128                         3
   3673.3643515849144                         2
   3696.9805731164161                         2
   3722.0137679398081                         3
   3748.5489544526035                         3
   3775.0841409653990                         3
   3801.6193274781945                         2
   3822.8474766884310                         3
   3845.3493148512816                         3
   3867.8511530141323                         3
   3890.3529911769829                         3
   3912.8548293398335                         2
   3935.3566675026841                         2
   3959.2086159553055                         2
   3984.4916813150844                         2
   4011.2917305964502                         4
   4039.6997828346975                         3
   4062.4262246252956                         3
   4085.1526664158937                         2
   4107.8791082064918                         3
   4131.9691365045255                         2
   4156.0591648025593                         3
   4181.5945947984756                         3
   4207.1300247943918                         3
   4232.6654547903081                         3
   4258.2008847862244                         3
   4283.7363147821407                         3
   4309.2717447780569                         3
   4334.8071747739732                         3
   4360.3426047698895                         3
   4385.8780347658058                         3
   4411.4134647617220                         2
   4436.9488947576383                         5
   4464.0164505533094                         3
   4488.3772507694130                         3
   4512.7380509855166                         3
   4537.0988512016202                         3
   4561.4596514177238                         3
   4585.8204516338274                         3
   4610.1812518499310                         2
   4634.5420520660346                         2
   4660.3645002951043                         3
   4687.7362954179189                         3
   4715.1080905407334                         3
   4742.4798856635480                         3
   4769.8516807863625                         2
   4797.2234759091771                         2
   4820.4347581733236                         3
   4845.0387173733188                         2
   4869.6426765733140                         3
   4895.7228733253087                         3
   4921.8030700773033                         3
   4947.8832668292980                         3
   4973.9634635812927                         3
   5000.0436603332873                         3
   5026.1238570852820                         2
   5052.2040538372767                         2
   5079.8490623943917                         2
   5109.1527714649328                         2
   5140.2147030797069                         2
   5173.1403505913677                         3
   5208.0415369537277                         2
   5242.9427233160877                         3
   5279.9379808601898                         2
   5316.9332384042918                         3
   5356.1482114010396                         3
   5395.3631843977873                         3
   5434.5781573945351                         3
   5473.7931303912828                         3
   5513.0081033880306                         3
   5552.2230763847783                         3
   5591.4380493815261                         3
   5630.6530223782738                         5
   5669.8679953750216                         4
   5705.1614710720951                         2
   5733.3962516297534                         3
   5763.3251190208712                         2
   5793.2539864119890                         2
   5824.9785858465739                         2
   5858.6066612472341                         2
   5894.2524211719337                         3
   5932.0369266921152                         3
   5969.8214322122967                         3
   6007.6059377324782                         3
   6045.3904432526597                         3
   6083.1749487728412                         2
   6120.9594542930226                         3
   6161.0110301444156                         3
   6201.0626059958086                         3
   6241.1141818472015                         2
   6273.1554425283157                         3
   6307.1191788502965                         3
   6341.0829151722774                         2
   6375.0466514942582                         2
   6411.0482119955577                         2
   6449.2098661269356                         4
   6489.6612195061962                         3
   6530.1125728854568                         2
   6562.4736555888649                         3
   6596.7764032544774                         2
   6631.0791509200899                         2
   6667.4400634456397                         3
   6705.9826307227222                         3
   6744.5251979998047                         3
   6783.0677652768873                         3
   6821.6103325539698                         3
   6860.1528998310523                         3
   6898.6954671081348                         3
   6937.2380343852174                         3
   6975.7806016622999                         2
   7014.3231689393824                         4
   7055.1782902530904                         3
   7096.0334115667983                         4
   7136.8885328805063                         3
   7177.7436541942143                         2
   7218.5987755079223                         2
   7261.9052041004525                         2
   7307.8100184085342                         3
   7356.4691215751009                         3
   7405.1282247416675                         3
   7453.7873279082341                         2
   7502.4464310748008                         2
   7554.0250804313619                         3
   7608.6984487493164                         3
   7663.3718170672710                         3
   7718.0451853852255                         3
   7772.7185537031801                         3
   7827.3919220211346                         3
   7882.0652903390892                         4
   7936.7386586570437                         3
   7991.4120269749983                         3
   8035.1507216293621                         3
   8078.8894162837260                         2
   8122.6281109380898                         3
   8168.9911272717154                         3
   8215.3541436053401                         3
   8261.7171599389658                         3
   8308.0801762725914                         3
   8354.4431926062171                         3
   8400.8062089398427                         3
   8447.1692252734683                         3
   8493.5322416070940                         4
   8539.8952579407196                         4
   8586.2582742743452                         2
   8623.3486873412457                         4
   8662.6645251921600                         2
   8701.9803630430742                         2
   8743.6551511650432                         2
   8787.8304265743300                         2
   8834.6562185081748                         2
   8884.2915579580495                         3
   8936.9050177749177                         3
   8989.5184775917860                         2
   9042.1319374086543                         2
   9097.9022048145343                         3
   9157.0186882647668                         3
   9216.1351717149992                         3
   9275.2516551652316                         2
   9313.0862045733811                         3
   9353.1908269460182                         2
   9393.2954493186553                         2
   9435.8063490336517                         2
   9480.8679027315484                         3
   9519.0801002673634                         3
   9557.2922978031784                         2
   9595.5044953389934                         2
   9636.0094247269571                         2
   9663.4879688237525                         3
   9692.6152255663546                         2
   9721.7424823089568                         2
   9752.6173744561165                         2
   9785.3447601321059                         2
   9820.0357889486531                         2
   9856.8082794941947                         3
   9895.7871194724685                         3
   9934.7659594507422                         3
   9973.7447994290160                         3
   10012.723639407290                         2
   10051.702479385563                         2
   10093.020049762534                         2
   10136.816674362122                         4
   10183.241096437685                         3
   10229.665518513248                         2
   10276.089940588810                         2
   10301.285402937659                         3
   10327.992593027440                         2
   10354.699783117221                         2
   10383.009404612389                         2
   10413.017603397266                         2
   10444.826294109236                         2
   10478.543506263924                         2
   10514.283751147894                         2
   10552.168410724902                         2
   10584.294602046204                         3
   10618.348364846785                         2
   10652.402127647365                         2
   10688.499116215980                         2
   10726.761924098713                         2
   10767.320500454411                         2
   10810.312591391448                         2
   10855.884207784709                         3
   10904.190121161566                         3
   10952.496034538422                         3
   11000.801947915279                         2
   11049.107861292136                         3
   11100.312129471604                         2
   11151.516397651072                         2
   11205.792921921307                         2
   11263.326037647757                         3
   11324.311140317794                         2
   11385.296242987830                         2
   11437.011610052021                         3
   11491.829899140064                         3
   11546.648188228108                         3
   11601.466477316151                         3
   11656.284766404195                         3
   11711.103055492238                         3
   11765.921344580282                         3
   11820.739633668325                         3
   11875.557922756368                         2
   11930.376211844412                         4
   11988.483598277737                         3
   12046.590984711062                         2
   12104.698371144386                         4
   12166.292200763712                         2
   12227.886030383037                         2
   12293.175489779522                         2
   12362.382316739795                         3
   12435.741553317685                         2
   12509.100789895574                         2
   12586.861580668137                         2
   12669.288018887055                         3
   12756.660043399108                         3
   12844.032067911161                         3
   12931.404092423214                         4
   13018.776116935267                         3
   13106.148141447320                         3
   13193.520165959373                         3
   13280.892190471426                         2
   13336.810286159140                         3
   13396.083467588116                         3
   13455.356649017092                         3
   13514.629830446069                         3
   13573.903011875045                         3
   13633.176193304022                         3
   13692.449374732998                         3
   13751.722556161974                         2
   13810.995737590951                         2
   13873.825309905666                         4
   13940.424656559264                         3
   14007.024003212862                         2
   14073.623349866461                         3
   14144.218657319274                         2
   14214.813964772087                         3
   14289.644990672070                         2
   14364.476016572053                         2
   14443.796904026034                         2
   14527.877044727255                         2
   14617.001993870548                         3
   14711.474439962440                         3
   14805.946886054331                         3
   14900.419332146223                         4
   14994.891778238114                         3
   15089.364224330006                         3
   15183.836670421897                         2
   15278.309116513788                         3
   15378.449909371193                         3
   15478.590702228597                         3
   15578.731495086002                         3
   15678.872287943406                         3
   15779.013080800811                         3
   15879.153873658215                         4
   15979.294666515620                         4
   16079.435459373024                         2
   16179.576252230429                         4
   16285.725492659278                         3
   16391.874733088127                         2
   16498.023973516974                         2
   16610.542168371554                         3
   16729.811454917410                         3
   16849.080741463265                         3
   16968.350028009121                         3
   17087.619314554977                         4
   17206.888601100833                         3
   17326.157887646688                         3
   17445.427174192544                         3
   17564.696460738400                         3
   17683.965747284255                         3
   17803.235033830111                         3
   17922.504320375967                         3
   18041.773606921823                         3
   18161.042893467678                         4
   18280.312180013534                         3
   18399.581466559390                         2
   18460.647341270866                         3
   18525.377168465031                         2
   18590.106995659196                         2
   18658.720612485013                         2
   18731.451046320377                         2
   18808.545306185864                         2
   18890.265221643280                         2
   18976.888332028142                         2
   19068.708829036095                         3
   19166.038555864525                         3
   19263.368282692954                         3
   19360.698009521384                         3
   19458.027736349813                         3
   19555.357463178243                         3
   19652.687190006673                         3
   19750.016916835102                         2
   19847.346643663532                         3
   19950.516154101668                         3
   20053.685664539804                         3
   20156.855174977940                         3
   20260.024685416076                         3
   20363.194195854212                         3
   20466.363706292348                         3
   20569.533216730484                         4
   20672.702727168620                         3
   20775.872237606756                         2
   20879.041748044892                         4
   20988.401429109315                         2
   21097.761110173738                         2
   21213.682372102026                         2
   21336.558909746014                         2
   21466.808039648640                         2
   21604.872117345425                         3
   21751.220039704014                         3
   21897.567962062603                         2
   22014.646299949476                         3
   22138.749338109563                         3
   22262.852376269650                         3
   22386.955414429736                         3
   22511.058452589823                         3
   22635.161490749910                         3
   22759.264528909996                         3
   22883.367567070083                         3
   23007.470605230170                         3
   23131.573643390257                         4
   23255.676681550343                         3
   23379.779719710430                         3
   23503.882757870517                         4
   23627.985796030604                         2
   23752.088834190690                         2
   23883.638054640382                         2
   24023.080228317052                         2
   24170.888932414324                         3
   24327.566158757432                         3
   24484.243385100541                         3
   24640.920611443649                         3
   24797.597837786758                         3
   24954.275064129866                         3
   25110.952290472975                         3
   25267.629516816083                         3
   25424.306743159192                         2
   25549.648524233678                         3
   25682.510812172633                         3
   25815.373100111588                         3
   25948.235388050543                         4
   26081.097675989498                         3
   26213.959963928453                         3
   26346.822251867408                         2
   26431.854116148341                         3
   26521.987892286128                         2
   26612.121668423915                         2
   26707.663471129970                         2
   26808.937781998389                         2
   26916.288551518912                         2
   27030.080367210667                         2
   27150.699691843925                         3
   27278.556175955182                         3
   27406.412660066439                         3
   27534.269144177695                         3
   27662.125628288952                         3
   27789.982112400208                         3
   27917.838596511465                         3
   28045.695080622721                         3
   28173.551564733978                         3
   28301.408048845235                         3
   28429.264532956491                         3
   28557.121017067748                         3
   28684.977501179004                         3
   28812.833985290261                         3
   28940.690469401517                         3
   29068.546953512774                         4
   29196.403437624031                         3
   29298.688624913037                         3
   29400.973812202043                         2
   29503.258999491049                         2
   29572.649270547910                         3
   29646.202957868183                         2
   29719.756645188456                         2
   29797.723553747943                         2
   29880.368476821001                         2
   29967.972095278441                         2
   30060.831930843327                         2
   30159.263356542109                         2
   30263.600667782815                         2
   30374.198217697965                         3
   30491.431620608026                         3
   30608.665023518086                         3
   30725.898426428146                         3
   30843.131829338206                         3
   30960.365232248267                         3
   31077.598635158327                         3
   31194.832038068387                         2
   31312.065440978447                         3
   31436.332848063110                         3
   31560.600255147772                         3
   31684.867662232435                         3
   31809.135069317097                         3
   31933.402476401759                         3
   32057.669883486422                         3
   32181.937290571084                         3
   32306.204697655747                         2
   32430.472104740409                         3
   32562.195556250153                         3
   32693.919007759898                         2
   32825.642459269642                         3
   32965.269317869970                         3
   33104.896176470298                         2
   33244.523035070626                         2
   33392.527505186976                         2
   33549.412243510305                         2
   33715.710066133033                         2
   33891.985758113122                         3
   34078.837991612018                         3
   34265.690225110913                         3
   34452.542458609809                         3
   34639.394692108704                         3
   34826.246925607600                         3
   35013.099159106496                         3
   35199.951392605391                         3
   35386.803626104287                         3
   35573.655859603183                         3
   35760.508093102078                         3
   35947.360326600974                         3
   36134.212560099870                         4
   36321.064793598765                         3
   36507.917027097661                         2
   36694.769260596557                         2
   36821.529815802205                         3
   36955.896004320195                         2
   37090.262192838185                         2
   37232.690352667254                         2
   37383.664202086067                         2
   37543.696482470012                         2
   37713.330699676990                         3
   37893.142969916385                         3
   38072.955240155781                         3
   38252.767510395177                         3
   38432.579780634573                         2
   38576.429596826092                         3
   38728.910401989102                         3
   38881.391207152112                         2
   39033.872012315122                         3
   39195.501665787910                         3
   39357.131319260698                         2
   39486.435042038931                         3
   39623.496988183855                         3
   39760.558934328779                         3
   39897.620880473703                         3
   40034.682826618628                         3
   40171.744772763552                         3
   40308.806718908476                         3
   40445.868665053400                         3
   40582.930611198324                         3
   40719.992557343248                         2
   40857.054503488172                         2
   41002.340166401795                         2
   41125.542408552545                         3
   41256.136785232338                         2
   41386.731161912132                         2
   41525.161201192714                         2
   41671.897042830133                         2
   41827.437034965798                         2
   41992.309426629603                         2
   42167.074161793236                         3
   42352.324781066687                         3
   42537.575400340138                         3
   42722.826019613589                         3
   42908.076638887040                         3
   43093.327258160491                         3
   43278.577877433941                         3
   43463.828496707392                         3
   43649.079115980843                         3
   43834.329735254294                         3
   44019.580354527745                         3
   44204.830973801196                         3
   44390.081593074647                         3
   44575.332212348098                         3
   44760.582831621548                         3
   44945.833450894999                         3
   45131.084070168450                         4
   45316.334689441901                         3
   45501.585308715352                         2
   45686.835927988803                         3
   45883.201584418661                         2
   46040.294109562550                         3
   46206.812186215073                         2
   46373.330262867596                         2
   46549.839424119265                         2
   46736.939135046036                         2
   46935.264828628409                         2
   47135.264828628409                         2
   47335.264828628409                         3
   47535.264828628409                         3
   47735.264828628409                         3
   47935.264828628409                         3
   48135.264828628409                         2
   48295.264828628409                         3
   48464.864828628408                         3
   48634.464828628406                         2
   48804.064828628405                         2
   48983.840828628403                         3
   49174.403388628401                         3
   49364.965948628400                         2
   49486.925987028400                         3
   49616.203627732400                         2
   49745.481268436401                         2
   49882.515567582639                         3
   50027.771924677654                         3
   50173.028281772669                         3
   50318.284638867684                         3
   50463.540995962700                         2
   50608.797353057715                         3
   50762.769091578433                         3
   50916.740830099152                         3
   51070.712568619871                         2
   51224.684307140589                         2
   51387.894349972550                         2
   51560.896995374424                         2
   51707.603238675212                         3
   51863.111856574047                         2
   52018.620474472882                         2
   52183.459609445650                         2
   52358.189092516783                         2
   52543.402344572183                         2
   52739.728391750912                         2
   52939.728391750912                         2
   53139.728391750912                         3
   53299.728391750912                         3
   53459.728391750912                         3
   53619.728391750912                         3
   53779.728391750912                         3
   53939.728391750912                         3
   54099.728391750912                         3
   54259.728391750912                         3
   54419.728391750912                         3
   54579.728391750912                         2
   54739.728391750912                         2
   54909.328391750911                         2
   55089.104391750909                         3
   55279.666951750907                         3
   55470.229511750906                         3
   55660.792071750904                         3
   55851.354631750903                         3
   56041.917191750901                         3
   56232.479751750900                         3
   56423.042311750898                         3
   56613.604871750897                         3
   56804.167431750895                         3
   56994.729991750894                         3
   57185.292551750892                         3
   57375.855111750891                         3
   57566.417671750889                         2
   57756.980231750887                         2
   57956.980231750887                         2
   58156.980231750887                         3
   58356.980231750887                         3
   58556.980231750887                         2
   58756.980231750887                         2
   58956.980231750887                         2
   59156.980231750887                         2
   59356.980231750887                         2
   59556.980231750887                         2
   59756.980231750887                         2
   59956.980231750887                         2
   60156.980231750887                         3
   60356.980231750887                         3
   60556.980231750887                         3
   60756.980231750887                         3
   60956.980231750887                         3
   61156.980231750887                         3
   61356.980231750887                         3
   61556.980231750887                         3
   61756.980231750887                         2
   61956.980231750887                         2
   62156.980231750887                         2
   62356.980231750887                         2
   62556.980231750887                         3
   62756.980231750887                         3
   62956.980231750887                         2
   63084.980231750887                         3
   63220.660231750888                         2
   63356.340231750888                         2
   63500.161031750889                         2
   63652.611079750888                         2
   63814.208130630890                         2
   63985.501004563688                         3
   64167.071450932453                         3
   64348.641897301219                         3
   64530.212343669984                         2
   64711.782790038749                         3
   64904.247463189640                         3
   65096.712136340531                         3
   65289.176809491422                         2
   65481.641482642313                         2
   65681.641482642313                         2
   65881.641482642313                         2
   66081.641482642313                         2
   66241.641482642313                         3
   66411.241482642319                         2
   66580.841482642325                         2
   66760.617482642323                         2
   66951.180042642329                         2
   67151.180042642329                         2
   67351.180042642329                         2
   67551.180042642329                         2
   67751.180042642329                         2
   67951.180042642329                         2
   68151.180042642329                         2
   68351.180042642329                         2
   68551.180042642329                         3
   68751.180042642329                         3
   68951.180042642329                         3
   69151.180042642329                         3
   69351.180042642329                         3
   69551.180042642329                         3
   69751.180042642329                         3
   69951.180042642329                         3
   70151.180042642329                         3
   70351.180042642329                         2
   70551.180042642329                         2
   70751.180042642329                         2
   70951.180042642329                         2
   71151.180042642329                         2
   71351.180042642329                         2
   71551.180042642329                         2
   71751.180042642329                         2
   71951.180042642329                         5
   72151.180042642329                         2
   72331.180042642329                         2
   72521.980042642332                         2
   72721.980042642332                         2
   72921.980042642332                         3
   73121.980042642332                         3
   73321.980042642332                         2
   73521.980042642332                         2
   73721.980042642332                         2
   73921.980042642332                         3
   74121.980042642332                         3
   74321.980042642332                         3
   74521.980042642332                         3
   74721.980042642332                         2
   74921.980042642332                         2
   75121.980042642332                         2
   75321.980042642332                         2
   75521.980042642332                         2
   75721.980042642332                         2
   75849.980042642332                         2
   75894.439665042330                         1
   75941.566864786335                         2
   75991.521696514974                         2
   76044.473818147337                         2
   76100.603067077638                         2
   76160.100070943750                         2
   76223.166895041839                         2
   76290.017728585808                         2
   76360.879612142409                         2
   76435.993208712418                         2
   76515.613621076627                         2
   76600.011258182683                         2
   76689.472753515103                         2
   76784.301938567471                         2
   76884.820874722980                         2
   76991.370947047821                         2
   77104.314023712155                         2
   77224.033684976341                         2
   77350.936525916375                         2
   77485.453537312816                         2
   77628.041569393041                         2
   77779.184883398077                         2
   77939.396796243425                         2
   78109.221423859490                         2
   78289.235529132522                         2
   78480.050480721940                         2
   78680.050480721940                         2
   78880.050480721940                         3
   79080.050480721940                         2
   79280.050480721940                         2
   79480.050480721940                         2
   79680.050480721940                         2
   79880.050480721940                         2
   80080.050480721940                         2
   80280.050480721940                         2
   80480.050480721940                         3
   80680.050480721940                         3
   80880.050480721940                         2
   81080.050480721940                         2
   81280.050480721940                         2
   81480.050480721940                         2
   81680.050480721940                         2
   81880.050480721940                         2
   82080.050480721940                         2
   82280.050480721940                         2
   82480.050480721940                         2
   82680.050480721940                         2
   82880.050480721940                         2
   83008.050480721940                         3
   83143.730480721933                         2
   83279.410480721926                         3
   83423.231280721928                         2
   83567.052080721929                         2
   83719.502128721928                         2
   83881.099179601923                         2
   84052.392053534728                         2
   84233.962499903500                         2
   84426.427173054399                         2
   84626.427173054399                         2
   84826.427173054399                         2
   85026.427173054399                         2
   85226.427173054399                         2
   85426.427173054399                         2
   85626.427173054399                         3
   85826.427173054399                         3
   86026.427173054399                         3
   86226.427173054399                         3
   86426.427173054399                         2
   86626.427173054399                         2
   86826.427173054399                         2
   87026.427173054399                         2
   87226.427173054399                         2
   87426.427173054399                         2
   87626.427173054399                         2
   87826.427173054399                         2
   87928.827173054393                         1
   88037.371173054387                         2
   88152.427813054383                         2
   88274.387851454376                         2
   88403.665492158369                         2
   88540.699791304607                         2
   88685.956148399622                         2
   88839.927886920341                         2
   89003.137929752294                         2
   89176.140575154175                         2
   89359.523379280159                         2
   89553.909151653701                         2
   89753.909151653701                         2
   89953.909151653701                         2
   90153.909151653701                         2
   90353.909151653701                         2
   90553.909151653701                         2
   90753.909151653701                         2
   90953.909151653701                         2
   91153.909151653701                         2
   91353.909151653701                         2
   91553.909151653701                         2
   91753.909151653701                         2
   91913.909151653701                         3
   92083.509151653707                         2
   92253.109151653713                         2
   92432.885151653711                         2
   92623.447711653716                         2
   92823.447711653716                         2
   93023.447711653716                         2
   93223.447711653716                         2
   93423.447711653716                         2
   93623.447711653716                         2
   93823.447711653716                         3
   94023.447711653716                         2
   94223.447711653716                         2
   94423.447711653716                         2
   94623.447711653716                         2
   94823.447711653716                         2
   95023.447711653716                         2
   95223.447711653716                         2
   95423.447711653716                         2
   95623.447711653716                         2
   95823.447711653716                         2
   96023.447711653716                         2
   96223.447711653716                         2
   96423.447711653716                         2
   96623.447711653716                         2
   96823.447711653716                         2
   97023.447711653716                         2
   97151.447711653716                         3
   97287.127711653709                         2
   97422.807711653702                         2
   97566.628511653704                         2
   97719.078559653703                         3
   97880.675610533697                         2
   98042.272661413692                         2
   98213.565535346497                         2
   98395.135981715270                         2
   98587.600654866168                         2
   98787.600654866168                         2
   98987.600654866168                         2
   99187.600654866168                         2
   99387.600654866168                         2
   99587.600654866168                         2
   99787.600654866168                         2
   99987.600654866168                         2
   100187.60065486617                         2
   100387.60065486617                         2
   100587.60065486617                         3
   100787.60065486617                         3
   100987.60065486617                         3
   101187.60065486617                         2
   101387.60065486617                         2
   101587.60065486617                         3
   101787.60065486617                         2
   101987.60065486617                         2
   102187.60065486617                         2
   102387.60065486617                         2
   102587.60065486617                         2
   102787.60065486617                         2
   102987.60065486617                         2
   103187.60065486617                         2
   103387.60065486617                         2
   103587.60065486617                         2
   103690.00065486616                         1
   103798.54465486616                         2
   103913.60129486615                         2
   104035.56133326615                         2
   104164.83897397014                         2
   104301.87327311638                         2
   104447.12963021139                         2
   104601.10136873211                         2
   104764.31141156406                         2
   104937.31405696594                         2
   105120.69686109193                         2
   105315.08263346547                         2
   105515.08263346547                         2
   105715.08263346547                         2
   105915.08263346547                         2
   106115.08263346547                         2
   106315.08263346547                         2
   106515.08263346547                         2
   106715.08263346547                         2
   106915.08263346547                         2
   107115.08263346547                         2
   107315.08263346547                         2
   107515.08263346547                         2
   107715.08263346547                         2
   107915.08263346547                         2
   108115.08263346547                         2
   108315.08263346547                         2
   108515.08263346547                         2
   108715.08263346547                         2
   108915.08263346547                         2
   109115.08263346547                         3
   109315.08263346547                         2
   109515.08263346547                         2
   109715.08263346547                         2
   109915.08263346547                         2
   110115.08263346547                         2
   110315.08263346547                         2
   110515.08263346547                         2
   110715.08263346547                         2
   110915.08263346547                         2
   111115.08263346547                         2
   111315.08263346547                         2
   111515.08263346547                         3
   111715.08263346547                         2
   111915.08263346547                         2
   112115.08263346547                         2
   112315.08263346547                         2
   112515.08263346547                         2
   112715.08263346547                         2
   112915.08263346547                         2
   113115.08263346547                         2
   113315.08263346547                         2
   113515.08263346547                         2
   113715.08263346547                         2
   113915.08263346547                         2
   114115.08263346547                         2
   114315.08263346547                         2
   114515.08263346547                         2
   114715.08263346547                         2
   114915.08263346547                         2
   115115.08263346547                         2
   115315.08263346547                         2
   115515.08263346547                         2
   115715.08263346547                         2
   115915.08263346547                         2
   116115.08263346547                         3
   116315.08263346547                         2
   116515.08263346547                         2
   116715.08263346547                         2
   116915.08263346547                         2
   117115.08263346547                         2
   117315.08263346547                         3
   117515.08263346547                         2
   117715.08263346547                         2
   117915.08263346547                         2
   118115.08263346547                         2
   118315.08263346547                         2
   118515.08263346547                         2
   118715.08263346547                         2
   118915.08263346547                         2
   119115.08263346547                         2
   119315.08263346547                         2
   119515.08263346547                         2
   119715.08263346547                         2
   119915.08263346547                         2
   120115.08263346547                         2
   120315.08263346547                         2
   120515.08263346547                         2
   120715.08263346547                         2
   120915.08263346547                         2
   121115.08263346547                         2
   121315.08263346547                         2
   121515.08263346547                         2
   121715.08263346547                         2
   121915.08263346547                         2
   122115.08263346547                         2
   122315.08263346547                         3
   122515.08263346547                         2
   122715.08263346547                         2
   122915.08263346547                         2
   123115.08263346547                         2
   123315.08263346547                         2
   123515.08263346547                         2
   123715.08263346547                         2
   123915.08263346547                         2
   124115.08263346547                         1
   124315.08263346547                         1
   124515.08263346547                         1
   124715.08263346547                         1
   124915.08263346547                         1
   125115.08263346547                         1
   125315.08263346547                         1
   125515.08263346547                         2
   125715.08263346547                         2
   125915.08263346547                         2
   126115.08263346547                         2
   126315.08263346547                         2
   126515.08263346547                         2
   126715.08263346547                         2
   126915.08263346547                         2
   127115.08263346547                         2
   127315.08263346547                         2
   127515.08263346547                         2
   127715.08263346547                         2
   127915.08263346547                         2
   128115.08263346547                         2
   128315.08263346547                         2
   128515.08263346547                         2
   128715.08263346547                         2
   128915.08263346547                         2
   129115.08263346547                         2
   129315.08263346547                         2
   129515.08263346547                         2
   129715.08263346547                         2
   129915.08263346547                         2
   130115.08263346547                         2
   130315.08263346547                         2
   130515.08263346547                         2
   130715.08263346547                         2
   130915.08263346547                         2
   131115.08263346547                         2
   131315.08263346547                         2
   131515.08263346547                         2
   131715.08263346547                         2
   131915.08263346547                         2
   132115.08263346547                         2
   132315.08263346547                         2
   132515.08263346547                         2
   132715.08263346547                         2
   132915.08263346547                         2
   133115.08263346547                         2
   133315.08263346547                         2
   133515.08263346547                         2
   133715.08263346547                         2
   133915.08263346547                         2
   134115.08263346547                         2
   134315.08263346547                         2
   134515.08263346547                         2
   134715.08263346547                         2
   134915.08263346547                         2
   135115.08263346547                         2
   135315.08263346547                         2
   135515.08263346547                         2
   135715.08263346547                         2
   135915.08263346547                         2
   136115.08263346547                         2
   136315.08263346547                         2
   136515.08263346547                         2
   136715.08263346547                         3
   136915.08263346547                         2
   137115.08263346547                         2
   137315.08263346547                         2
   137515.08263346547                         2
   137715.08263346547                         2
   137915.08263346547                         2
   138115.08263346547                         2
   138315.08263346547                         2
   138515.08263346547                         2
   138715.08263346547                         2
   138915.08263346547                         2
   139115.08263346547                         2
   139315.08263346547                         1
   139515.08263346547                         1
   139715.08263346547                         1
   139915.08263346547                         1
   140115.08263346547                         1
   140315.08263346547                         1
   140515.08263346547                         1
   140715.08263346547                         1
   140915.08263346547                         1
   141115.08263346547                         1
   141315.08263346547                         1
   141515.08263346547                         1
   141715.08263346547                         1
   141915.08263346547                         1
   142115.08263346547                         2
   142315.08263346547                         2
   142515.08263346547                         2
   142715.08263346547                         2
   142915.08263346547                         2
   143115.08263346547                         2
   143315.08263346547                         4
   143443.08263346547                         1
   143571.08263346547                         2
   143706.76263346546                         2
   143850.58343346545                         2
   144003.03348146545                         2
   144164.63053234544                         2
   144335.92340627825                         2
   144517.49385264702                         2
   144709.95852579791                         2
   144909.95852579791                         2
   145109.95852579791                         2
   145309.95852579791                         2
   145509.95852579791                         2
   145669.95852579791                         3
   145839.55852579791                         2
   146009.15852579792                         2
   146188.93452579793                         2
   146379.49708579792                         2
   146579.49708579792                         2
   146779.49708579792                         2
   146979.49708579792                         2
   147179.49708579792                         2
   147379.49708579792                         2
   147579.49708579792                         2
   147779.49708579792                         2
   147979.49708579792                         2
   148179.49708579792                         2
   148379.49708579792                         2
   148579.49708579792                         2
   148779.49708579792                         2
   148979.49708579792                         2
   149179.49708579792                         2
   149379.49708579792                         2
   149579.49708579792                         2
   149779.49708579792                         2
   149979.49708579792                         2
   150179.49708579792                         2
   150379.49708579792                         2
   150579.49708579792                         2
   150779.49708579792                         2
   150979.49708579792                         2
   151179.49708579792                         2
   151379.49708579792                         2
   151579.49708579792                         2
   151779.49708579792                         2
   151979.49708579792                         2
   152179.49708579792                         2
   152379.49708579792                         2
   152579.49708579792                         2
   152779.49708579792                         2
   152979.49708579792                         3
   153179.49708579792                         2
   153379.49708579792                         2
   153579.49708579792                         2
   153779.49708579792                         2
   153979.49708579792                         2
   154179.49708579792                         1
   154379.49708579792                         1
   154579.49708579792                         1
   154779.49708579792                         1
   154979.49708579792                         1
   155179.49708579792                         1
   155379.49708579792                         1
   155579.49708579792                         1
   155779.49708579792                         1
   155979.49708579792                         1
   156179.49708579792                         1
   156379.49708579792                         1
   156579.49708579792                         1
   156779.49708579792                         1
   156979.49708579792                         1
   157179.49708579792                         1
   157379.49708579792                         1
   157579.49708579792                         1
   157779.49708579792                         2
   157813.05151779793                         2
   157841.50567613394                         2
   157860.80897714908                         3
   157881.27047622512                         1
   157901.73197530117                         1
   157915.61305627436                         1
   157930.32700210594                         1
   157945.92378468742                         1
   157962.45637422378                         1
   157979.98091913233                         1
   157998.55693673540                         1
   158018.24751539464                         1
   158039.11952877344                         2
   158061.24386295499                         2
   158084.69565718740                         2
   158109.55455907376                         2
   158135.90499507330                         2
   158163.83645723283                         2
   158193.44380712192                         2
   158224.82759800437                         2
   158258.09441633977                         2
   158293.35724377527                         2
   158330.73584085691                         2
   158370.35715376344                         2
   158412.35574544437                         2
   158456.87425262615                         2
   158504.06387023884                         2
   158554.08486490831                         2
   158607.10711925794                         2
   158663.31070886855                         2
   158722.88651385577                         2
   158786.03686714225                         2
   158852.97624162590                         2
   158923.93197857859                         2
   158999.14505974844                         2
   159078.87092578848                         2
   159163.38034379089                         2
   159252.96032687346                         2
   159347.91510894100                         2
   159448.56717793259                         2
   159555.25837106368                         2
   159668.35103578263                         2
   159788.22926038472                         2
   159915.30017846293                         2
   160049.99535162584                         2
   160192.77223517851                         2
   160344.11573174433                         2
   160504.53983810410                         2
   160674.58939084547                         2
   160854.84191675132                         2
   161045.90959421152                         2
   161245.90959421152                         2
   161445.90959421152                         2
   161645.90959421152                         2
   161845.90959421152                         2
   162045.90959421152                         2
   162245.90959421152                         2
   162445.90959421152                         2
   162645.90959421152                         2
   162845.90959421152                         2
   163045.90959421152                         2
   163245.90959421152                         2
   163445.90959421152                         2
   163645.90959421152                         2
   163845.90959421152                         2
   164045.90959421152                         2
   164245.90959421152                         2
   164445.90959421152                         2
   164645.90959421152                         2
   164845.90959421152                         2
   165045.90959421152                         2
   165245.90959421152                         2
   165445.90959421152                         2
   165645.90959421152                         2
   165845.90959421152                         2
   166045.90959421152                         2
   166245.90959421152                         2
   166445.90959421152                         2
   166645.90959421152                         2
   166845.90959421152                         2
   167045.90959421152                         2
   167245.90959421152                         2
   167445.90959421152                         2
   167645.90959421152                         2
   167845.90959421152                         2
   168045.90959421152                         2
   168245.90959421152                         2
   168445.90959421152                         2
   168645.90959421152                         2
   168845.90959421152                         2
   169045.90959421152                         2
   169245.90959421152                         2
   169445.90959421152                         2
   169645.90959421152                         2
   169845.90959421152                         2
   170045.90959421152                         2
   170245.90959421152                         1
   170445.90959421152                         1
   170645.90959421152                         1
   170845.90959421152                         1
   171045.90959421152                         1
   171245.90959421152                         1
   171445.90959421152                         1
   171645.90959421152                         2
   171845.90959421152                         2
   172045.90959421152                         2
   172245.90959421152                         2
   172445.90959421152                         2
   172645.90959421152                         2
   172845.90959421152                         2
   173045.90959421152                         2
   173245.90959421152                         2
   173445.90959421152                         2
   173645.90959421152                         2
   173845.90959421152                         1
   174045.90959421152                         2
   174245.90959421152                         1
   174445.90959421152                         1
   174645.90959421152                         2
   174845.90959421152                         1
   175045.90959421152                         1
   175245.90959421152                         1
   175445.90959421152                         1
   175645.90959421152                         1
   175845.90959421152                         1
   176045.90959421152                         2
   176245.90959421152                         2
   176445.90959421152                         2
   176645.90959421152                         2
   176845.90959421152                         2
   177045.90959421152                         2
   177245.90959421152                         2
   177445.90959421152                         2
   177645.90959421152                         2
   177845.90959421152                         2
   178045.90959421152                         2
   178245.90959421152                         1
   178445.90959421152                         1
   178645.90959421152                         1
   178845.90959421152                         1
   179045.90959421152                         1
   179245.90959421152                         1
   179445.90959421152                         1
   179645.90959421152                         1
   179845.90959421152                         1
   180045.90959421152                         1
   180245.90959421152                         1
   180445.90959421152                         1
   180645.90959421152                         1
   180845.90959421152                         1
   181045.90959421152                         1
   181245.90959421152                         1
   181445.90959421152                         1
   181645.90959421152                         1
   181845.90959421152                         1
   182045.90959421152                         1
   182245.90959421152                         1
   182445.90959421152                         1
   182645.90959421152                         1
   182845.90959421152                         1
   183045.90959421152                         1
   183245.90959421152                         1
   183445.90959421152                         1
   183645.90959421152                         1
   183845.90959421152                         1
   184045.90959421152                         1
   184245.90959421152                         1
   184445.90959421152                         1
   184645.90959421152                         1
   184845.90959421152                         1
   185045.90959421152                         1
   185245.90959421152                         1
   185445.90959421152                         1
   185645.90959421152                         1
   185845.90959421152                         1
   186045.90959421152                         1
   186245.90959421152                         1
   186445.90959421152                         1
   186645.90959421152                         2
   186845.90959421152                         2
   187045.90959421152                         2
   187245.90959421152                         2
   187445.90959421152                         2
   187645.90959421152                         2
   187845.90959421152                         2
   188045.90959421152                         2
   188245.90959421152                         2
   188445.90959421152                         2
   188645.90959421152                         2
   188845.90959421152                         2
   189045.90959421152                         2
   189245.90959421152                         2
   189445.90959421152                         2
   189645.90959421152                         1
   189845.90959421152                         1
   190045.90959421152                         1
   190245.90959421152                         1
   190445.90959421152                         1
   190645.90959421152                         1
   190845.90959421152                         1
   191045.90959421152                         2
   191245.90959421152                         2
   191445.90959421152                         2
   191645.90959421152                         2
   191845.90959421152                         2
   192045.90959421152                         2
   192245.90959421152                         2
   192445.90959421152                         2
   192645.90959421152                         2
   192845.90959421152                         1
   193045.90959421152                         1
   193245.90959421152                         1
   193445.90959421152                         1
   193645.90959421152                         1
   193845.90959421152                         1
   194045.90959421152                         1
   194245.90959421152                         1
   194445.90959421152                         1
   194645.90959421152                         1
   194845.90959421152                         1
   195045.90959421152                         1
   195245.90959421152                         1
   195445.90959421152                         1
   195645.90959421152                         1
   195845.90959421152                         1
   196045.90959421152                         1
   196245.90959421152                         1
   196445.90959421152                         1
   196645.90959421152                         1
   196845.90959421152                         1
   197045.90959421152                         1
   197245.90959421152                         1
   197445.90959421152                         1
   197645.90959421152                         1
   197845.90959421152                         1
   198045.90959421152                         1
   198245.90959421152                         1
   198445.90959421152                         2
   198645.90959421152                         2
   198845.90959421152                         2
   199045.90959421152                         2
   199245.90959421152                         2
   199445.90959421152                         2
   199645.90959421152                         2
   199845.90959421152                         2
   200045.90959421152                         2
   200245.90959421152                         2
   200445.90959421152                         2
   200645.90959421152                         2
   200845.90959421152                         2
   201045.90959421152                         2
   201245.90959421152                         2
   201445.90959421152                         2
   201645.90959421152                         2
   201845.90959421152                         2
   202045.90959421152                         2
   202245.90959421152                         2
   202445.90959421152                         2
   202645.90959421152                         2
   202845.90959421152                         1
   203045.90959421152                         1
   203245.90959421152                         1
   203445.90959421152                         1
   203645.90959421152                         2
   203845.90959421152                         1
   204045.90959421152                         1
   204245.90959421152                         1
   204445.90959421152                         1
   204645.90959421152                         1
   204845.90959421152                         1
   205045.90959421152                         1
   205245.90959421152                         1
   205445.90959421152                         1
   205645.90959421152                         1
   205845.90959421152                         1
   206045.90959421152                         1
   206245.90959421152                         1
   206445.90959421152                         1
   206645.90959421152                         1
   206845.90959421152                         1
   207045.90959421152                         1
   207245.90959421152                         1
   207445.90959421152                         1
   207645.90959421152                         1
   207845.90959421152                         1
   208045.90959421152                         1
   208245.90959421152                         1
   208445.90959421152                         1
   208645.90959421152                         1
   208845.90959421152                         1
   209045.90959421152                         1
   209245.90959421152                         1
   209445.90959421152                         1
   209645.90959421152                         1
   209845.90959421152                         1
   210045.90959421152                         1
   210245.90959421152                         1
   210445.90959421152                         1
   210645.90959421152                         1
   210845.90959421152                         1
   211045.90959421152                         1
   211245.90959421152                         1
   211445.90959421152                         1
   211645.90959421152                         1
   211845.90959421152                         2
   211911.44559421152                         2
   211955.90521661151                         3
   212003.03241635551                         1
   212050.15961609950                         1
   212100.11444782815                         1
   212153.06656946050                         2
   212209.19581839078                         2
   212256.79342148369                         3
   212307.24688076216                         1
   212357.70034004064                         1
   212411.18100687582                         2
   212467.87051372111                         2
   212527.96139097711                         2
   212591.65772086848                         3
   212659.17583055331                         2
   212702.38742075162                         1
   212748.19170636183                         2
   212796.74424910865                         2
   212848.20994442026                         2
   212902.76358145059                         2
   212960.59043670274                         2
   213021.88690327000                         2
   213086.86115783130                         2
   213155.73386766628                         2
   213228.73894009137                         2
   213306.12431686194                         2
   213388.15281623875                         2
   213475.10302557820                         2
   213567.27024747798                         2
   213664.96750269175                         2
   213768.52659321835                         2
   213878.29922917657                         2
   213994.65822329227                         2
   214117.99875705491                         2
   214248.73972284331                         2
   214387.32514657901                         2
   214534.22569573886                         2
   214689.94027784828                         2
   214854.99773488427                         2
   215029.95863934243                         2
   215215.41719806808                         2
   215412.00327031728                         2
   215612.00327031728                         2
   215812.00327031728                         2
   216012.00327031728                         2
   216212.00327031728                         2
   216412.00327031728                         2
   216612.00327031728                         2
   216812.00327031728                         2
   217012.00327031728                         2
   217212.00327031728                         2
   217412.00327031728                         1
   217612.00327031728                         1
   217812.00327031728                         1
   218012.00327031728                         1
   218212.00327031728                         1
   218412.00327031728                         1
   218612.00327031728                         1
   218812.00327031728                         1
   219012.00327031728                         1
   219212.00327031728                         1
   219412.00327031728                         1
   219612.00327031728                         1
   219812.00327031728                         1
   220012.00327031728                         1
   220212.00327031728                         1
   220412.00327031728                         1
   220612.00327031728                         1
   220812.00327031728                         1
   221012.00327031728                         1
   221212.00327031728                         1
   221412.00327031728                         1
   221612.00327031728                         1
   221812.00327031728                         1
   222012.00327031728                         1
   222212.00327031728                         1
   222412.00327031728                         1
   222612.00327031728                         1
   222812.00327031728                         1
   223012.00327031728                         1
   223212.00327031728                         1
   223412.00327031728                         1
   223612.00327031728                         1
   223812.00327031728                         1
   224012.00327031728                         1
   224212.00327031728                         1
   224412.00327031728                         1
   224612.00327031728                         1
   224812.00327031728                         1
   225012.00327031728                         1
   225212.00327031728                         1
   225412.00327031728                         1
   225612.00327031728                         1
   225812.00327031728                         1
   226012.00327031728                         1
   226212.00327031728                         1
   226412.00327031728                         1
   226612.00327031728                         1
   226812.00327031728                         1
   227012.00327031728                         1
   227212.00327031728                         1
   227412.00327031728                         1
   227612.00327031728                         1
   227812.00327031728                         1
   228012.00327031728                         1
   228212.00327031728                         1
   228412.00327031728                         1
   228612.00327031728                         1
   228812.00327031728                         1
   229012.00327031728                         1
   229212.00327031728                         1
   229412.00327031728                         1
   229612.00327031728                         1
   229812.00327031728                         1
   230012.00327031728                         1
   230212.00327031728                         1
   230412.00327031728                         1
   230612.00327031728                         1
   230812.00327031728                         1
   231012.00327031728                         1
   231212.00327031728                         1
   231412.00327031728                         1
   231612.00327031728                         1
   231812.00327031728                         1
   232012.00327031728                         1
   232212.00327031728                         1
   232412.00327031728                         1
   232612.00327031728                         1
   232812.00327031728                         1
   233012.00327031728                         1
   233212.00327031728                         1
   233412.00327031728                         1
   233612.00327031728                         1
   233812.00327031728                         1
   234012.00327031728                         1
   234212.00327031728                         1
   234412.00327031728                         1
   234612.00327031728                         1
   234812.00327031728                         1
   235012.00327031728                         1
   235212.00327031728                         1
   235412.00327031728                         1
   235612.00327031728                         1
   235812.00327031728                         1
   236012.00327031728                         1
   236212.00327031728                         1
   236412.00327031728                         1
   236612.00327031728                         1
   236812.00327031728                         1
   237012.00327031728                         1
   237212.00327031728                         1
   237412.00327031728                         1
   237612.00327031728                         1
   237812.00327031728                         1
   238012.00327031728                         1
   238212.00327031728                         1
   238412.00327031728                         1
   238612.00327031728                         1
   238812.00327031728                         1
   239012.00327031728                         1
   239212.00327031728                         2
   239412.00327031728                         2
   239612.00327031728                         2
   239812.00327031728                         1
   240012.00327031728                         1
   240212.00327031728                         1
   240412.00327031728                         1
   240612.00327031728                         1
   240812.00327031728                         1
   241012.00327031728                         1
   241212.00327031728                         1
   241412.00327031728                         1
   241612.00327031728                         1
   241812.00327031728                         1
   242012.00327031728                         1
   242212.00327031728                         1
   242412.00327031728                         1
   242612.00327031728                         1
   242812.00327031728                         1
   243012.00327031728                         1
   243212.00327031728                         1
   243412.00327031728                         1
   243612.00327031728                         1
   243812.00327031728                         1
   244012.00327031728                         1
   244212.00327031728                         1
   244412.00327031728                         1
   244612.00327031728                         1
   244812.00327031728                         1
   245012.00327031728                         1
   245212.00327031728                         1
   245412.00327031728                         1
   245612.00327031728                         1
   245812.00327031728                         2
   246012.00327031728                         2
   246212.00327031728                         1
   246412.00327031728                         1
   246612.00327031728                         1
   246812.00327031728                         1
   247012.00327031728                         1
   247212.00327031728                         1
   247412.00327031728                         1
   247612.00327031728                         1
   247812.00327031728                         1
   248012.00327031728                         1
   248212.00327031728                         1
   248412.00327031728                         1
   248612.00327031728                         1
   248812.00327031728                         1
   249012.00327031728                         1
   249212.00327031728                         1
   249412.00327031728                         1
   249612.00327031728                         1
   249812.00327031728                         1
   250012.00327031728                         1
   250212.00327031728                         1
   250412.00327031728                         1
   250612.00327031728                         1
   250812.00327031728                         1
   251012.00327031728                         1
   251212.00327031728                         1
   251412.00327031728                         1
   251612.00327031728                         1
   251812.00327031728                         1
   252012.00327031728                         1
   252212.00327031728                         1
   252412.00327031728                         1
   252612.00327031728                         1
   252812.00327031728                         1
   253012.00327031728                         1
   253212.00327031728                         1
   253412.00327031728                         1
   253612.00327031728                         1
   253812.00327031728                         1
   254012.00327031728                         1
   254212.00327031728                         1
   254412.00327031728                         1
   254612.00327031728                         1
   254812.00327031728                         1
   255012.00327031728                         1
   255212.00327031728                         1
   255412.00327031728                         1
   255612.00327031728                         1
   255812.00327031728                         1
   256012.00327031728                         1
   256212.00327031728                         1
   256412.00327031728                         1
   256612.00327031728                         1
   256812.00327031728                         1
   257012.00327031728                         1
   257212.00327031728                         1
   257412.00327031728                         1
   257612.00327031728                         1
   257812.00327031728                         1
   258012.00327031728                         1
   258212.00327031728                         1
   258412.00327031728                         1
   258612.00327031728                         1
   258812.00327031728                         1
   259012.00327031728                         1
