                    1   0.0000000000000000       0.35148027853000141     
                    2   5.0000000000000001E-003  -7.5019948813264090     
                    3   1.0000000000000000E-002  -10.230794797692871     
                    4   1.4999999999999999E-002  -10.779920262828819     
                    5   2.0000000000000000E-002  -11.038074289462248     
                    6   2.5000000000000001E-002  -11.217896125066142     
                    7   2.9999999999999999E-002  -11.061732639235490     
                    8   3.5000000000000003E-002  -11.195989011561821     
                    9   4.0000000000000001E-002  -11.062074175837004     
                   10   4.4999999999999998E-002  -11.217237228524827     
                   11   5.0000000000000003E-002  -10.958450502351857     
                   12   5.5000000000000000E-002  -11.135049163006682     
                   13   5.9999999999999998E-002  -11.027600728617569     
                   14   6.5000000000000002E-002  -11.053800584240081     
                   15   7.0000000000000007E-002  -10.708847152914718     
                   16   7.4999999999999997E-002  -10.811570691268711     
                   17   8.0000000000000002E-002  -10.677645362060584     
                   18   8.5000000000000006E-002  -10.350059259296250     
                   19   8.9999999999999997E-002  -10.472137062855049     
                   20   9.5000000000000001E-002  -11.588650321339031     
                   21  0.10000000000000001       -22.831370796011409     
                   22  0.10500000000000000       -26.243953702097155     
                   23  0.11000000000000000       -25.462135195209516     
                   24  0.11500000000000000       -24.799670718373644     
                   25  0.12000000000000000       -24.248746655903556     
                   26  0.12500000000000000       -23.790777081966912     
                   27  0.13000000000000000       -23.407747002498322     
                   28  0.13500000000000001       -23.084861548868059     
                   29  0.14000000000000001       -22.810605345133663     
                   30  0.14499999999999999       -22.576167877921694     
                   31  0.14999999999999999       -22.374821368077235     
                   32  0.15500000000000000       -22.201401602069136     
                   33  0.16000000000000000       -22.051909298299456     
                   34  0.16500000000000001       -21.923213968677604     
                   35  0.17000000000000001       -21.812836828331605     
                   36  0.17500000000000002       -21.718792320536636     
                   37  0.17999999999999999       -21.639472367555939     
                   38  0.18500000000000000       -21.573561542279769     
                   39  0.19000000000000000       -21.519974568961054     
                   40  0.19500000000000001       -21.477809961309735     
                   41  0.20000000000000001       -21.446315356910386     
                   42  0.20500000000000002       -21.424861369327157     
                   43  0.20999999999999999       -21.412921684051870     
                   44  0.21500000000000000       -21.410057770802048     
                   45  0.22000000000000000       -21.415907045638399     
                   46  0.22500000000000001       -21.430173644987402     
                   47  0.23000000000000001       -21.452621208133646     
                   48  0.23500000000000001       -21.483067232469654     
                   49  0.23999999999999999       -21.521378686314154     
                   50  0.24500000000000000       -21.567468651360926     
                   51  0.25000000000000000       -21.621293830707501     
                   52  0.25500000000000000       -21.682852805984414     
                   53  0.26000000000000001       -21.752184963391098     
                   54  0.26500000000000001       -21.829370037056158     
                   55  0.27000000000000002       -21.914528241711437     
                   56  0.27500000000000002       -22.007820987166458     
                   57  0.28000000000000003       -22.109452186022395     
                   58  0.28500000000000003       -22.219670184734962     
                   59  0.28999999999999998       -22.338770367643757     
                   60  0.29499999999999998       -22.467098504989277     
                   61  0.29999999999999999       -22.605054940246763     
