                    1   2.5000000000000001E-003  0.45155795911044960     
                    2   7.4999999999999997E-003  0.34425587319177570     
                    3   1.2500000000000001E-002  0.30824961423178748     
                    4   1.7500000000000002E-002  0.30005719692285715     
                    5   2.2499999999999999E-002  0.29572765741657880     
                    6   2.7500000000000000E-002  0.29549934786895854     
                    7   3.2500000000000001E-002  0.29571848927759181     
                    8   3.7500000000000006E-002  0.29572147341595234     
                    9   4.2499999999999996E-002  0.29552190464326827     
                   10   4.7500000000000001E-002  0.29655223279971632     
                   11   5.2500000000000005E-002  0.29737368768670935     
                   12   5.7499999999999996E-002  0.29671066354201153     
                   13   6.2500000000000000E-002  0.29753803824732994     
                   14   6.7500000000000004E-002  0.30075215766532110     
                   15   7.2500000000000009E-002  0.30323882585357620     
                   16   7.7499999999999999E-002  0.30365203253167722     
                   17   8.2500000000000004E-002  0.30854437772919180     
                   18   8.7499999999999994E-002  0.31110693187738903     
                   19   9.2499999999999999E-002  0.31473736242471306     
                   20   9.7500000000000003E-002  0.32293634472452110     
                   21  0.10250000000000001       0.33124072772623203     
                   22  0.10750000000000000       0.33872361370620585     
                   23  0.11250000000000000       0.34510715986466178     
                   24  0.11749999999999999       0.35129457971762579     
                   25  0.12250000000000000       0.25688670263542612     
                   26  0.12750000000000000       0.15184650607293088     
                   27  0.13250000000000001       0.12515338124786224     
                   28  0.13750000000000001       0.12536500444301568     
                   29  0.14250000000000002       0.12677393628553474     
                   30  0.14749999999999999       0.12835434541357948     
                   31  0.15250000000000000       0.12993686462902365     
                   32  0.15750000000000000       0.13142494881341457     
                   33  0.16250000000000001       0.13277433231542327     
                   34  0.16750000000000001       0.13397063032561154     
                   35  0.17250000000000001       0.13501453791857487     
                   36  0.17749999999999999       0.13591349072529080     
                   37  0.18250000000000000       0.13667733544044280     
                   38  0.18750000000000000       0.13731622313658040     
                   39  0.19250000000000000       0.13783966782743867     
                   40  0.19750000000000001       0.13825619265645966     
                   41  0.20250000000000001       0.13857325998094427     
                   42  0.20750000000000002       0.13879732925082905     
                   43  0.21249999999999999       0.13893396416377535     
                   44  0.21750000000000000       0.13898795085475044     
                   45  0.22250000000000000       0.13896340960439985     
                   46  0.22750000000000001       0.13886389307937025     
                   47  0.23250000000000001       0.13869246932874127     
                   48  0.23749999999999999       0.13845179020075027     
                   49  0.24249999999999999       0.13814414685005386     
                   50  0.24750000000000000       0.13777151428472961     
                   51  0.25250000000000000       0.13733558682945707     
                   52  0.25750000000000001       0.13683780615562752     
                   53  0.26250000000000001       0.13627938325400746     
                   54  0.26750000000000002       0.13566131545264176     
                   55  0.27250000000000002       0.13498439933524509     
                   56  0.27750000000000002       0.13424924020149745     
                   57  0.28250000000000003       0.13345625853068635     
                   58  0.28749999999999998       0.13260569376060824     
                   59  0.29249999999999998       0.13169760556976318     
                   60  0.29749999999999999       0.13073187274709719     
