                    1   2.5000000000000001E-003  -1032.6810720704621     
                    2   7.4999999999999997E-003  -1006.8236330412667     
                    3   1.2500000000000001E-002  -969.72471873003610     
                    4   1.7500000000000002E-002  -928.09171670188107     
                    5   2.2499999999999999E-002  -885.12352398873168     
                    6   2.7500000000000000E-002  -841.69605369485566     
                    7   3.2500000000000001E-002  -798.31922825252047     
                    8   3.7500000000000006E-002  -755.01875845443953     
                    9   4.2499999999999996E-002  -711.74711155061982     
                   10   4.7500000000000001E-002  -668.61904879506164     
                   11   5.2500000000000005E-002  -625.74627885565496     
                   12   5.7499999999999996E-002  -582.93681653653175     
                   13   6.2500000000000000E-002  -540.18921042448699     
                   14   6.7500000000000004E-002  -497.92867432279297     
                   15   7.2500000000000009E-002  -456.32660833350008     
                   16   7.7499999999999999E-002  -415.06590680491200     
                   17   8.2500000000000004E-002  -374.39197129377180     
                   18   8.7499999999999994E-002  -334.51491516573287     
                   19   9.2499999999999999E-002  -295.27343410660569     
                   20   9.7500000000000003E-002  -257.20280868979819     
                   21  0.10250000000000001       -220.70254378452239     
                   22  0.10750000000000000       -185.60509730767950     
                   23  0.11250000000000000       -151.61636084554698     
                   24  0.11749999999999999       -118.46698623386357     
                   25  0.12250000000000000       -76.944015756098864     
                   26  0.12750000000000000       -36.577450691342626     
                   27  0.13250000000000001       -28.184805241253486     
                   28  0.13750000000000001       -28.135588659794497     
                   29  0.14250000000000002       -27.825389694282375     
                   30  0.14749999999999999       -27.485512716964145     
                   31  0.15250000000000000       -27.153453644140310     
                   32  0.15750000000000000       -26.848494880194639     
                   33  0.16250000000000001       -26.577855250409421     
                   34  0.16750000000000001       -26.342458866589933     
                   35  0.17250000000000001       -26.140435378204479     
                   36  0.17749999999999999       -25.968931033399951     
                   37  0.18250000000000000       -25.824958270761211     
                   38  0.18750000000000000       -25.705754008444067     
                   39  0.19250000000000000       -25.608902280762258     
                   40  0.19750000000000001       -25.532350436699513     
                   41  0.20250000000000001       -25.474381595771305     
                   42  0.20750000000000002       -25.433572745540772     
                   43  0.21249999999999999       -25.408751609882515     
                   44  0.21750000000000000       -25.398957637857983     
                   45  0.22250000000000000       -25.403408831463203     
                   46  0.22750000000000001       -25.421474509753264     
                   47  0.23250000000000001       -25.452653450762465     
                   48  0.23749999999999999       -25.496556650363196     
                   49  0.24249999999999999       -25.552893939777874     
                   50  0.24750000000000000       -25.621463790319677     
                   51  0.25250000000000000       -25.702145747748691     
                   52  0.25750000000000001       -25.794895053282740     
                   53  0.26250000000000001       -25.899739113111117     
                   54  0.26750000000000002       -26.016775570082348     
                   55  0.27250000000000002       -26.146171810531214     
                   56  0.27750000000000002       -26.288165808058451     
                   57  0.28250000000000003       -26.443068267214887     
                   58  0.28749999999999998       -26.611266086406207     
                   59  0.29249999999999998       -26.793227213906750     
                   60  0.29749999999999999       -26.989507026792772     
