                    1   2.5000000000000001E-003  -1.8475237829020682E-013
                    2   7.4999999999999997E-003  -1.3506171987269635E-012
                    3   1.2500000000000001E-002  -4.5228858786293432E-011
                    4   1.7500000000000002E-002  -7.1279568922335201E-007
                    5   2.2499999999999999E-002  -1.0880146359783478E-007
                    6   2.7500000000000000E-002  -2.0167359540844693E-007
                    7   3.2500000000000001E-002  -2.5044081189103084E-007
                    8   3.7500000000000006E-002  -2.6231484401241620E-007
                    9   4.2499999999999996E-002  -2.5717332721305808E-007
                   10   4.7500000000000001E-002  -2.4650650381904864E-007
                   11   5.2500000000000005E-002  -2.3532519108868261E-007
                   12   5.7499999999999996E-002  -2.2531543320285305E-007
                   13   6.2500000000000000E-002  -2.1673295409531403E-007
                   14   6.7500000000000004E-002  -2.0933374732301312E-007
                   15   7.2500000000000009E-002  -2.0277318699588506E-007
                   16   7.7499999999999999E-002  -1.9674742953967201E-007
                   17   8.2500000000000004E-002  -1.9102415620979758E-007
                   18   8.7499999999999994E-002  -1.8543417876945807E-007
                   19   9.2499999999999999E-002  -1.7985487297430534E-007
                   20   9.7500000000000003E-002  -1.7419644037086836E-007
                   21  0.10250000000000001       -1.6839321674819816E-007
                   22  0.10750000000000000       -1.6239905677992310E-007
                   23  0.11250000000000000       -1.5618514825715049E-007
                   24  0.11749999999999999       -1.4973887817352160E-007
                   25  0.12250000000000000       -1.4306286646280015E-007
                   26  0.12750000000000000       -1.3617371965541130E-007
                   27  0.13250000000000001       -1.2910036037418082E-007
                   28  0.13750000000000001       -1.2188196729866942E-007
                   29  0.14250000000000002       -1.1456564675311904E-007
                   30  0.14749999999999999       -1.0720398446187397E-007
                   31  0.15250000000000000       -9.9852619696120100E-008
                   32  0.15750000000000000       -9.2567961087762026E-008
                   33  0.16250000000000001       -8.5405134268724325E-008
                   34  0.16750000000000001       -7.8416222109990924E-008
                   35  0.17250000000000001       -7.1648831719448349E-008
                   36  0.17749999999999999       -6.5144999840435131E-008
                   37  0.18250000000000000       -5.8940430241392222E-008
                   38  0.18750000000000000       -5.3064042946540834E-008
                   39  0.19250000000000000       -4.7537805313505164E-008
                   40  0.19750000000000001       -4.2376808495085127E-008
                   41  0.20250000000000001       -3.7589549178663494E-008
                   42  0.20750000000000002       -3.3178375160360878E-008
                   43  0.21249999999999999       -2.9140053803662824E-008
                   44  0.21750000000000000       -2.5466424339878999E-008
                   45  0.22250000000000000       -2.2145097924566977E-008
                   46  0.22750000000000001       -1.9160173061235032E-008
                   47  0.23250000000000001       -1.6492938166944269E-008
                   48  0.23749999999999999       -1.4122537454844458E-008
                   49  0.24249999999999999       -1.2026580739863703E-008
                   50  0.24750000000000000       -1.0181682067546767E-008
                   51  0.25250000000000000       -8.5639160743074636E-009
                   52  0.25750000000000001       -7.1491846025247646E-009
                   53  0.26250000000000001       -5.9134892295400409E-009
                   54  0.26750000000000002       -4.8331079799879366E-009
                   55  0.27250000000000002       -3.8846765593489963E-009
                   56  0.27750000000000002       -3.0451759866642190E-009
                   57  0.28250000000000003       -2.2918295615855076E-009
                   58  0.28749999999999998       -1.6019127398606694E-009
                   59  0.29249999999999998       -9.5247979790126840E-010
                   60  0.29749999999999999       -3.2001123785574587E-010
