                    1     2.5000000000000001E-003    0.13300742248191888     
                    2     7.4999999999999997E-003    -6.1097693365485721     
                    3     1.2500000000000001E-002    -8.6630077113153305     
                    4     1.7500000000000002E-002    -9.2868923222393533     
                    5     2.2499999999999999E-002    -9.6167657444540851     
                    6     2.7500000000000000E-002    -9.7869501165614885     
                    7     3.2500000000000001E-002    -9.8738255062453870     
                    8     3.7500000000000006E-002    -9.9593899388414151     
                    9     4.2499999999999996E-002    -9.9907407791647422     
                   10     4.7500000000000001E-002    -10.025842861659136     
                   11     5.2500000000000005E-002    -10.049263943115172     
                   12     5.7499999999999996E-002    -10.066018027612277     
                   13     6.2500000000000000E-002    -10.441986082793363     
                   14     6.7500000000000004E-002    -16.508236239261574     
                   15     7.2500000000000009E-002    -23.397596546953629     
                   16     7.7499999999999999E-002    -24.052014872894446     
                   17     8.2500000000000004E-002    -23.168783701388726     
                   18     8.7499999999999994E-002    -22.498047118451510     
                   19     9.2499999999999999E-002    -21.968310512682418     
                   20     9.7500000000000003E-002    -21.537683411541884     
                   21    0.10250000000000001         -21.180030661750379     
                   22    0.10750000000000000         -20.878153963628570     
                   23    0.11250000000000000         -20.620206432075598     
                   24    0.11749999999999999         -20.397703587481914     
                   25    0.12250000000000000         -20.204366765574374     
                   26    0.12750000000000000         -20.035421047294150     
                   27    0.13250000000000001         -19.887151914803624     
                   28    0.13750000000000001         -19.756615007776254     
                   29    0.14250000000000002         -19.641439839831687     
                   30    0.14749999999999999         -19.539693176772598     
                   31    0.15250000000000000         -19.449781505697771     
                   32    0.15750000000000000         -19.370379856882408     
                   33    0.16250000000000001         -19.300378850412574     
                   34    0.16750000000000001         -19.238844635281733     
                   35    0.17250000000000001         -19.184988133252943     
                   36    0.17749999999999999         -19.138141118202505     
                   37    0.18250000000000000         -19.097737396822730     
                   38    0.18750000000000000         -19.063297851019819     
                   39    0.19250000000000000         -19.034418441901806     
                   40    0.19750000000000001         -19.010760512853132     
                   41    0.20250000000000001         -18.992042898285320     
                   42    0.20750000000000002         -18.978035466847693     
                   43    0.21249999999999999         -18.968553817432763     
                   44    0.21750000000000000         -18.963454912803684     
                   45    0.22250000000000000         -18.962633485666530     
                   46    0.22750000000000001         -18.966019090071839     
                   47    0.23250000000000001         -18.973573700382019     
                   48    0.23749999999999999         -18.985289782995011     
                   49    0.24249999999999999         -19.001188784252761     
                   50    0.24750000000000000         -19.021319992729875     
                   51    0.25250000000000000         -19.045759746332276     
                   52    0.25750000000000001         -19.074610965062568     
                   53    0.26250000000000001         -19.108002999504990     
                   54    0.26750000000000002         -19.146091793526637     
                   55    0.27250000000000002         -19.189060367800046     
                   56    0.27750000000000002         -19.237119638911686     
                   57    0.28250000000000003         -19.290509597414669     
                   58    0.28749999999999998         -19.349500877619263     
                   59    0.29249999999999998         -19.414396762649176     
                   60    0.29749999999999999         -19.485535680868601     
