                    1   2.5000000000000001E-003  -9.2493851850933737     
                    2   7.4999999999999997E-003  -9.0178178545540923     
                    3   1.2500000000000001E-002  -8.7857822294826082     
                    4   1.7500000000000002E-002  -8.5533787358719451     
                    5   2.2499999999999999E-002  -8.3214316448302981     
                    6   2.7500000000000000E-002  -8.0905275504213918     
                    7   3.2500000000000001E-002  -7.8601097485468321     
                    8   3.7500000000000006E-002  -7.6301082154032791     
                    9   4.2499999999999996E-002  -7.4006301647907140     
                   10   4.7500000000000001E-002  -7.1714315864401321     
                   11   5.2500000000000005E-002  -6.9425783885730219     
                   12   5.7499999999999996E-002  -6.7141450043345667     
                   13   6.2500000000000000E-002  -6.4861698181313061     
                   14   6.7500000000000004E-002  -6.2586701271532066     
                   15   7.2500000000000009E-002  -6.0316572781191962     
                   16   7.7499999999999999E-002  -5.8051603405896035     
                   17   8.2500000000000004E-002  -5.5791988513931425     
                   18   8.7499999999999994E-002  -5.3537746088700935     
                   19   9.2499999999999999E-002  -5.1288924234464117     
                   20   9.7500000000000003E-002  -4.9045700147633573     
                   21  0.10250000000000001       -4.6808153318414920     
                   22  0.10750000000000000       -4.4576497814893337     
                   23  0.11250000000000000       -4.2351137405706787     
                   24  0.11749999999999999       -4.0132345559262097     
                   25  0.12250000000000000       -3.7920368144143937     
                   26  0.12750000000000000       -3.5715472832439517     
                   27  0.13250000000000001       -3.3517903174465120     
                   28  0.13750000000000001       -3.1327895982413123     
                   29  0.14250000000000002       -2.9145673828833472     
                   30  0.14749999999999999       -2.6971471993786889     
                   31  0.15250000000000000       -2.4805530152876791     
                   32  0.15750000000000000       -2.2648063267325811     
                   33  0.16250000000000001       -2.0499290777773691     
                   34  0.16750000000000001       -1.8359449504190049     
                   35  0.17250000000000001       -1.6228781513597941     
                   36  0.17749999999999999       -1.4107544710131754     
                   37  0.18250000000000000       -1.1996034040676467     
                   38  0.18750000000000000      -0.98946072312396094     
                   39  0.19250000000000000      -0.78037847599045040     
                   40  0.19750000000000001      -0.57250763221258472     
                   41  0.20250000000000001      -0.36620067938390366     
                   42  0.20750000000000002      -0.18586953980185192     
                   43  0.21249999999999999       -7.8113074861664369E-002
                   44  0.21750000000000000       -3.5716995242232048E-002
                   45  0.22250000000000000       -1.7775359188123972E-002
                   46  0.22750000000000001       -9.3850779679716754E-003
                   47  0.23250000000000001       -5.3679534388593551E-003
                   48  0.23749999999999999       -3.4450594915357421E-003
                   49  0.24249999999999999       -2.5279027788496157E-003
                   50  0.24750000000000000       -2.0895400674372754E-003
                   51  0.25250000000000000       -1.8471554110986877E-003
                   52  0.25750000000000001       -1.6478739375782156E-003
                   53  0.26250000000000001       -1.4502696181363079E-003
                   54  0.26750000000000002       -1.2541007900801963E-003
                   55  0.27250000000000002       -1.0591482647557861E-003
                   56  0.27750000000000002       -8.6520893275391600E-004
                   57  0.28250000000000003       -6.7209103231601508E-004
                   58  0.28749999999999998       -4.7960976964386116E-004
                   59  0.29249999999999998       -2.8758345448817366E-004
                   60  0.29749999999999999       -9.5830703553308734E-005
