                    1   0.0000000000000000       -5.5806365638165296     
                    2   5.0000000000000001E-003  -5.5298169754105011     
                    3   1.0000000000000000E-002  -5.4437373224129972     
                    4   1.4999999999999999E-002  -5.3455791205345751     
                    5   2.0000000000000000E-002  -5.2432256853454007     
                    6   2.5000000000000001E-002  -5.1387600465179109     
                    7   2.9999999999999999E-002  -5.0328080808826208     
                    8   3.5000000000000003E-002  -4.9256867504568795     
                    9   4.0000000000000001E-002  -4.8176365543086970     
                   10   4.4999999999999998E-002  -4.7089427148924958     
                   11   5.0000000000000003E-002  -4.5997472199953746     
                   12   5.5000000000000000E-002  -4.4903391681969582     
                   13   5.9999999999999998E-002  -4.3803869629925165     
                   14   6.5000000000000002E-002  -4.2700610575259539     
                   15   7.0000000000000007E-002  -4.1590878597346510     
                   16   7.4999999999999997E-002  -4.0475584478774564     
                   17   8.0000000000000002E-002  -3.9356993745365783     
                   18   8.5000000000000006E-002  -3.8233763928932749     
                   19   8.9999999999999997E-002  -3.7103951628580116     
                   20   9.5000000000000001E-002  -3.5964888002487783     
                   21  0.10000000000000001       -3.4819641792370826     
                   22  0.10500000000000000       -3.3668082859446802     
                   23  0.11000000000000000       -3.2503017959515419     
                   24  0.11500000000000000       -3.1321281696243974     
                   25  0.12000000000000000       -3.0125492414971968     
                   26  0.12500000000000000       -2.8915128497846965     
                   27  0.13000000000000000       -2.7684904321604851     
                   28  0.13500000000000001       -2.6431720724357963     
                   29  0.14000000000000001       -2.5154118658985882     
                   30  0.14499999999999999       -2.3852062089456920     
                   31  0.14999999999999999       -2.2524837058796843     
                   32  0.15500000000000000       -2.1172716572255190     
                   33  0.16000000000000000       -1.9796346609964126     
                   34  0.16500000000000001       -1.8397567637098167     
                   35  0.17000000000000001       -1.6980443292260092     
                   36  0.17500000000000002       -1.5552008780684980     
                   37  0.17999999999999999       -1.4121844294600492     
                   38  0.18500000000000000       -1.2692575540179005     
                   39  0.19000000000000000       -1.1135794187747785     
                   40  0.19500000000000001      -0.90296173921230871     
                   41  0.20000000000000001      -0.66378888386927926     
                   42  0.20500000000000002      -0.40568919703641282     
                   43  0.20999999999999999      -0.14392780465660718     
                   44  0.21500000000000000       0.11716674782567486     
                   45  0.22000000000000000       0.37752475734936636     
                   46  0.22500000000000001       0.63725352133348778     
                   47  0.23000000000000001       0.89644109890237678     
                   48  0.23500000000000001        1.1551635897895907     
                   49  0.23999999999999999        1.4134881069159575     
                   50  0.24500000000000000        1.6714744836311812     
                   51  0.25000000000000000        1.9291766029760367     
                   52  0.25500000000000000        2.1866435444998551     
                   53  0.26000000000000001        2.4439205706267781     
                   54  0.26500000000000001        2.7010499518643840     
                   55  0.27000000000000002        2.9580716394618620     
                   56  0.27500000000000002        3.2150238036505305     
                   57  0.28000000000000003        3.4719432599312765     
                   58  0.28500000000000003        3.7288658061318998     
                   59  0.28999999999999998        3.9858264910433805     
                   60  0.29499999999999998        4.2428598326224991     
                   61  0.29999999999999999        4.5000000000000000     
