                    1   2.5000000000000001E-003  -118.30982000140051     
                    2   7.4999999999999997E-003  -118.20178163300420     
                    3   1.2500000000000001E-002  -118.07882831713026     
                    4   1.7500000000000002E-002  -117.93464199294932     
                    5   2.2499999999999999E-002  -117.76667019665173     
                    6   2.7500000000000000E-002  -117.57352462891454     
                    7   3.2500000000000001E-002  -117.35347144023424     
                    8   3.7500000000000006E-002  -117.10487922903866     
                    9   4.2499999999999996E-002  -116.82521107959681     
                   10   4.7500000000000001E-002  -116.51172572125506     
                   11   5.2500000000000005E-002  -116.16024399277919     
                   12   5.7499999999999996E-002  -115.76570105131023     
                   13   6.2500000000000000E-002  -115.32049171723233     
                   14   6.7500000000000004E-002  -114.81379149956743     
                   15   7.2500000000000009E-002  -114.22923374673684     
                   16   7.7499999999999999E-002  -113.54113424534793     
                   17   8.2500000000000004E-002  -112.70794187508072     
                   18   8.7499999999999994E-002  -111.65743439595065     
                   19   9.2499999999999999E-002  -110.25237373038436     
                   20   9.7500000000000003E-002  -108.19878694468849     
                   21  0.10250000000000001       -104.73674460035032     
                   22  0.10750000000000000       -96.585299601156137     
                   23  0.11250000000000000       -72.064746601411713     
                   24  0.11749999999999999       -53.117128220128748     
                   25  0.12250000000000000       -45.756279256449751     
                   26  0.12750000000000000       -43.903898188183078     
                   27  0.13250000000000001       -43.442346033947771     
                   28  0.13750000000000001       -43.018691596936236     
                   29  0.14250000000000002       -42.605490491433535     
                   30  0.14749999999999999       -42.203246956468298     
                   31  0.15250000000000000       -41.812217912084307     
                   32  0.15750000000000000       -41.432560968559422     
                   33  0.16250000000000001       -41.064392180881740     
                   34  0.16750000000000001       -40.707813995584509     
                   35  0.17250000000000001       -40.362930313931734     
                   36  0.17749999999999999       -40.029854067289719     
                   37  0.18250000000000000       -39.708709749640107     
                   38  0.18750000000000000       -39.399632605852169     
                   39  0.19250000000000000       -39.102765879141110     
                   40  0.19750000000000001       -38.818257242454372     
                   41  0.20250000000000001       -38.546255222741721     
                   42  0.20750000000000002       -38.286906114337796     
                   43  0.21249999999999999       -38.040351611745102     
                   44  0.21750000000000000       -37.806727196429861     
                   45  0.22250000000000000       -37.586161189901780     
                   46  0.22750000000000001       -37.378774325826541     
                   47  0.23250000000000001       -37.184679680625948     
                   48  0.23749999999999999       -37.003982817775082     
                   49  0.24249999999999999       -36.836782031275042     
                   50  0.24750000000000000       -36.683168607901067     
                   51  0.25250000000000000       -36.543227059217628     
                   52  0.25750000000000001       -36.417035299460053     
                   53  0.26250000000000001       -36.304664763291555     
                   54  0.26750000000000002       -36.206180468274631     
                   55  0.27250000000000002       -36.121641031641161     
                   56  0.27750000000000002       -36.051098650128687     
                   57  0.28250000000000003       -35.994599044637091     
                   58  0.28749999999999998       -35.952181354078419     
                   59  0.29249999999999998       -35.923877922720223     
                   60  0.29749999999999999       -35.909713829856521     
