                    1   0.0000000000000000       -5.2113930025763064     
                    2   5.0000000000000001E-003  -5.1157124993938234     
                    3   1.0000000000000000E-002  -4.9537668613700152     
                    4   1.4999999999999999E-002  -4.7692395363313889     
                    5   2.0000000000000000E-002  -4.5769876449467368     
                    6   2.5000000000000001E-002  -4.3809582560633347     
                    7   2.9999999999999999E-002  -4.1823585491124327     
                    8   3.5000000000000003E-002  -3.9818160409765637     
                    9   4.0000000000000001E-002  -3.7798119557212071     
                   10   4.4999999999999998E-002  -3.5769102232539356     
                   11   5.0000000000000003E-002  -3.3734034400265362     
                   12   5.5000000000000000E-002  -3.1698561374481464     
                   13   5.9999999999999998E-002  -2.9656789723410286     
                   14   6.5000000000000002E-002  -2.7612109088683594     
                   15   7.0000000000000007E-002  -2.5559704171907889     
                   16   7.4999999999999997E-002  -2.3501436832549625     
                   17   8.0000000000000002E-002  -2.1441590434935840     
                   18   8.5000000000000006E-002  -1.9377821786479261     
                   19   8.9999999999999997E-002  -1.7306669709294129     
                   20   9.5000000000000001E-002  -1.5223319606255670     
                   21  0.10000000000000001       -1.3132244618710163     
                   22  0.10500000000000000       -1.1018691901162745     
                   23  0.11000000000000000      -0.86643754487386659     
                   24  0.11500000000000000      -0.63804388275226787     
                   25  0.12000000000000000      -0.44849895016623631     
                   26  0.12500000000000000      -0.27925434607554073     
                   27  0.13000000000000000      -0.11584124973626028     
                   28  0.13500000000000001        4.4937450021740100E-002
                   29  0.14000000000000001       0.20308739072220539     
                   30  0.14499999999999999       0.35877199072028187     
                   31  0.14999999999999999       0.51214031622890410     
                   32  0.15500000000000000       0.66332844037330674     
                   33  0.16000000000000000       0.81246107312300830     
                   34  0.16500000000000001       0.95965313663303276     
                   35  0.17000000000000001        1.1050111995746754     
                   36  0.17500000000000002        1.2486347491344907     
                   37  0.17999999999999999        1.3906172992070562     
                   38  0.18500000000000000        1.5310473414416770     
                   39  0.19000000000000000        1.6700091506239965     
                   40  0.19500000000000001        1.8075834591171991     
                   41  0.20000000000000001        1.9438480169440098     
                   42  0.20500000000000002        2.0788780546014682     
                   43  0.20999999999999999        2.2127466650550058     
                   44  0.21500000000000000        2.3455251198718750     
                   45  0.22000000000000000        2.4772831324783051     
                   46  0.22500000000000001        2.6080890793753153     
                   47  0.23000000000000001        2.7380101880640453     
                   48  0.23500000000000001        2.8671126985662303     
                   49  0.23999999999999999        2.9954620038555646     
                   50  0.24500000000000000        3.1231227732592375     
                   51  0.25000000000000000        3.2501590619250389     
                   52  0.25500000000000000        3.3766344087365443     
                   53  0.26000000000000001        3.5026119245468919     
                   54  0.26500000000000001        3.6281543722420544     
                   55  0.27000000000000002        3.7533242398935545     
                   56  0.27500000000000002        3.8781838080821105     
                   57  0.28000000000000003        4.0027952123368236     
                   58  0.28500000000000003        4.1272205015090071     
                   59  0.28999999999999998        4.2515216927432729     
                   60  0.29499999999999998        4.3757608234374255     
                   61  0.29999999999999999        4.5000000000000000     
