                    1   2.5000000000000001E-003  0.37697775588545407     
                    2   7.4999999999999997E-003  0.29329207104512472     
                    3   1.2500000000000001E-002  0.27135578928918902     
                    4   1.7500000000000002E-002  0.26413235300758525     
                    5   2.2499999999999999E-002  0.26049103128493573     
                    6   2.7500000000000000E-002  0.25791373257556527     
                    7   3.2500000000000001E-002  0.25584432646785127     
                    8   3.7500000000000006E-002  0.25415659377402944     
                    9   4.2499999999999996E-002  0.25289792568627745     
                   10   4.7500000000000001E-002  0.25183370625796125     
                   11   5.2500000000000005E-002  0.25118148087420067     
                   12   5.7499999999999996E-002  0.24993945878478929     
                   13   6.2500000000000000E-002  0.24888720964661779     
                   14   6.7500000000000004E-002  0.24729312193165393     
                   15   7.2500000000000009E-002  0.24569559425948392     
                   16   7.7499999999999999E-002  0.24424306224011927     
                   17   8.2500000000000004E-002  0.24226705704075446     
                   18   8.7499999999999994E-002  0.23949788641243253     
                   19   9.2499999999999999E-002  0.23547907047874067     
                   20   9.7500000000000003E-002  0.23029787762684117     
                   21  0.10250000000000001       0.22019735847590796     
                   22  0.10750000000000000       0.17456039789646380     
                   23  0.11250000000000000        9.4241937775832715E-002
                   24  0.11749999999999999        2.8021965456344354E-002
                   25  0.12250000000000000        3.8091642376909566E-003
                   26  0.12750000000000000        2.1163882973791105E-004
                   27  0.13250000000000001        0.0000000000000000     
                   28  0.13750000000000001        0.0000000000000000     
                   29  0.14250000000000002        0.0000000000000000     
                   30  0.14749999999999999        0.0000000000000000     
                   31  0.15250000000000000        0.0000000000000000     
                   32  0.15750000000000000        0.0000000000000000     
                   33  0.16250000000000001        0.0000000000000000     
                   34  0.16750000000000001        0.0000000000000000     
                   35  0.17250000000000001        0.0000000000000000     
                   36  0.17749999999999999        0.0000000000000000     
                   37  0.18250000000000000        0.0000000000000000     
                   38  0.18750000000000000        0.0000000000000000     
                   39  0.19250000000000000        0.0000000000000000     
                   40  0.19750000000000001        0.0000000000000000     
                   41  0.20250000000000001        0.0000000000000000     
                   42  0.20750000000000002        0.0000000000000000     
                   43  0.21249999999999999        0.0000000000000000     
                   44  0.21750000000000000        0.0000000000000000     
                   45  0.22250000000000000        0.0000000000000000     
                   46  0.22750000000000001        0.0000000000000000     
                   47  0.23250000000000001        0.0000000000000000     
                   48  0.23749999999999999        0.0000000000000000     
                   49  0.24249999999999999        0.0000000000000000     
                   50  0.24750000000000000        0.0000000000000000     
                   51  0.25250000000000000        0.0000000000000000     
                   52  0.25750000000000001        0.0000000000000000     
                   53  0.26250000000000001        0.0000000000000000     
                   54  0.26750000000000002        0.0000000000000000     
                   55  0.27250000000000002        0.0000000000000000     
                   56  0.27750000000000002        0.0000000000000000     
                   57  0.28250000000000003        0.0000000000000000     
                   58  0.28749999999999998        0.0000000000000000     
                   59  0.29249999999999998        0.0000000000000000     
                   60  0.29749999999999999        0.0000000000000000     
