                    1   2.5000000000000001E-003  0.37711948551148000     
                    2   7.4999999999999997E-003  0.29346111811880304     
                    3   1.2500000000000001E-002  0.27156767804044879     
                    4   1.7500000000000002E-002  0.26439907167818799     
                    5   2.2499999999999999E-002  0.26082356843939442     
                    6   2.7500000000000000E-002  0.25832477332640358     
                    7   3.2500000000000001E-002  0.25634932314798436     
                    8   3.7500000000000006E-002  0.25477469267685654     
                    9   4.2499999999999996E-002  0.25365309581436229     
                   10   4.7500000000000001E-002  0.25275621336776627     
                   11   5.2500000000000005E-002  0.25231018707675196     
                   12   5.7499999999999996E-002  0.25132501690510950     
                   13   6.2500000000000000E-002  0.25059782728814417     
                   14   6.7500000000000004E-002  0.24942180459264221     
                   15   7.2500000000000009E-002  0.24837344624559940     
                   16   7.7499999999999999E-002  0.24765922419398478     
                   17   8.2500000000000004E-002  0.24670597738129579     
                   18   8.7499999999999994E-002  0.24541498311933008     
                   19   9.2499999999999999E-002  0.24366742083453230     
                   20   9.7500000000000003E-002  0.24234685805404177     
                   21  0.10250000000000001       0.24093507736438924     
                   22  0.10750000000000000       0.23832760608522602     
                   23  0.11250000000000000       0.23512374248822226     
                   24  0.11749999999999999       0.23215605864639460     
                   25  0.12250000000000000       0.22885929496164970     
                   26  0.12750000000000000       0.22439440844192937     
                   27  0.13250000000000001       0.21883450040671096     
                   28  0.13750000000000001       0.21184189669287268     
                   29  0.14250000000000002       0.20173413863834827     
                   30  0.14749999999999999       0.17564697863615669     
                   31  0.15250000000000000       0.10130593864070279     
                   32  0.15750000000000000        4.0269544987697803E-002
                   33  0.16250000000000001        5.4487186734725008E-003
                   34  0.16750000000000001        4.2735170856922648E-004
                   35  0.17250000000000001        0.0000000000000000     
                   36  0.17749999999999999        0.0000000000000000     
                   37  0.18250000000000000        0.0000000000000000     
                   38  0.18750000000000000        0.0000000000000000     
                   39  0.19250000000000000        0.0000000000000000     
                   40  0.19750000000000001        0.0000000000000000     
                   41  0.20250000000000001        0.0000000000000000     
                   42  0.20750000000000002        0.0000000000000000     
                   43  0.21249999999999999        0.0000000000000000     
                   44  0.21750000000000000        0.0000000000000000     
                   45  0.22250000000000000        0.0000000000000000     
                   46  0.22750000000000001        0.0000000000000000     
                   47  0.23250000000000001        0.0000000000000000     
                   48  0.23749999999999999        0.0000000000000000     
                   49  0.24249999999999999        0.0000000000000000     
                   50  0.24750000000000000        0.0000000000000000     
                   51  0.25250000000000000        0.0000000000000000     
                   52  0.25750000000000001        0.0000000000000000     
                   53  0.26250000000000001        0.0000000000000000     
                   54  0.26750000000000002        0.0000000000000000     
                   55  0.27250000000000002        0.0000000000000000     
                   56  0.27750000000000002        0.0000000000000000     
                   57  0.28250000000000003        0.0000000000000000     
                   58  0.28749999999999998        0.0000000000000000     
                   59  0.29249999999999998        0.0000000000000000     
                   60  0.29749999999999999        0.0000000000000000     
