                    1   2.5000000000000001E-003   2.1941641447761659E-002
                    2   7.4999999999999997E-003   2.1990435303916388E-002
                    3   1.2500000000000001E-002   2.2059464108865695E-002
                    4   1.7500000000000002E-002   2.2139460447762903E-002
                    5   2.2499999999999999E-002   2.2227847427771303E-002
                    6   2.7500000000000000E-002   2.2324551680914104E-002
                    7   3.2500000000000001E-002   2.2430226012318585E-002
                    8   3.7500000000000006E-002   2.2545784725695177E-002
                    9   4.2499999999999996E-002   2.2672278178255720E-002
                   10   4.7500000000000001E-002   2.2810964137117098E-002
                   11   5.2500000000000005E-002   2.2963280337972063E-002
                   12   5.7499999999999996E-002   2.3131271042038368E-002
                   13   6.2500000000000000E-002   2.3317488690348376E-002
                   14   6.7500000000000004E-002   2.3525015967808767E-002
                   15   7.2500000000000009E-002   2.3757724831794769E-002
                   16   7.7499999999999999E-002   2.4019842435915661E-002
                   17   8.2500000000000004E-002   2.4316890206848067E-002
                   18   8.7499999999999994E-002   2.4656489225308845E-002
                   19   9.2499999999999999E-002   2.5048833475171593E-002
                   20   9.7500000000000003E-002   2.5506433798677071E-002
                   21  0.10250000000000001        2.6045391712605816E-002
                   22  0.10750000000000000        2.6690547272927100E-002
                   23  0.11250000000000000        2.7478639568851410E-002
                   24  0.11749999999999999        2.8460325256712632E-002
                   25  0.12250000000000000        2.9711265149530590E-002
                   26  0.12750000000000000        3.1357261497940200E-002
                   27  0.13250000000000001        3.3616616434471294E-002
                   28  0.13750000000000001        3.6893654362718978E-002
                   29  0.14250000000000002        4.2040073926954642E-002
                   30  0.14749999999999999        5.1342799207881540E-002
                   31  0.15250000000000000        7.1122298394612218E-002
                   32  0.15750000000000000        8.7324943649530015E-002
                   33  0.16250000000000001       0.10913249057400153     
                   34  0.16750000000000001       0.11143619554028429     
                   35  0.17250000000000001       0.11310935401202202     
                   36  0.17749999999999999       0.11500262743807632     
                   37  0.18250000000000000       0.11670860316958023     
                   38  0.18750000000000000       0.11824591571785609     
                   39  0.19250000000000000       0.11963224118771638     
                   40  0.19750000000000001       0.12088358207449430     
                   41  0.20250000000000001       0.12201392286354687     
                   42  0.20750000000000002       0.12303517455534116     
                   43  0.21249999999999999       0.12395731390449424     
                   44  0.21750000000000000       0.12478862609506594     
                   45  0.22250000000000000       0.12553598003854560     
                   46  0.22750000000000001       0.12620509117148029     
                   47  0.23250000000000001       0.12680074888795398     
                   48  0.23749999999999999       0.12732700132226404     
                   49  0.24249999999999999       0.12778729929164911     
                   50  0.24750000000000000       0.12818460543201821     
                   51  0.25250000000000000       0.12852147570860942     
                   52  0.25750000000000001       0.12880011999645896     
                   53  0.26250000000000001       0.12902244726084389     
                   54  0.26750000000000002       0.12919009957510197     
                   55  0.27250000000000002       0.12930447805747086     
                   56  0.27750000000000002       0.12936676288330839     
                   57  0.28250000000000003       0.12937792883807195     
                   58  0.28749999999999998       0.12933875738530110     
                   59  0.29249999999999998       0.12924984588874844     
                   60  0.29749999999999999       0.12911161441069707     
