                    1   2.5000000000000001E-003  -616.84553736993701     
                    2   7.4999999999999997E-003  -605.09490536603357     
                    3   1.2500000000000001E-002  -589.29998301063358     
                    4   1.7500000000000002E-002  -572.12551389533655     
                    5   2.2499999999999999E-002  -554.42724200365751     
                    6   2.7500000000000000E-002  -536.43882975671340     
                    7   3.2500000000000001E-002  -518.24262890614864     
                    8   3.7500000000000006E-002  -499.88792156916725     
                    9   4.2499999999999996E-002  -481.42114343628884     
                   10   4.7500000000000001E-002  -462.88016699554373     
                   11   5.2500000000000005E-002  -444.30306696658863     
                   12   5.7499999999999996E-002  -425.68753703191049     
                   13   6.2500000000000000E-002  -407.02134313043859     
                   14   6.7500000000000004E-002  -388.29711953174217     
                   15   7.2500000000000009E-002  -369.50090185917281     
                   16   7.7499999999999999E-002  -350.66082886437084     
                   17   8.2500000000000004E-002  -331.78588229915033     
                   18   8.7499999999999994E-002  -312.84969302855274     
                   19   9.2499999999999999E-002  -293.81489910922960     
                   20   9.7500000000000003E-002  -274.68605849359153     
                   21  0.10250000000000001       -255.48857383533874     
                   22  0.10750000000000000       -236.16237174189448     
                   23  0.11250000000000000       -216.62245099467549     
                   24  0.11749999999999999       -196.86462869311862     
                   25  0.12250000000000000       -176.90538800037359     
                   26  0.12750000000000000       -156.69470663287393     
                   27  0.13250000000000001       -136.15797504249147     
                   28  0.13750000000000001       -115.23991887378649     
                   29  0.14250000000000002       -93.852513069311343     
                   30  0.14749999999999999       -71.607877604645068     
                   31  0.15250000000000000       -49.105214073737400     
                   32  0.15750000000000000       -39.702071954568808     
                   33  0.16250000000000001       -30.903718414297348     
                   34  0.16750000000000001       -30.261310982447512     
                   35  0.17250000000000001       -29.813744480843106     
                   36  0.17749999999999999       -29.323767651246328     
                   37  0.18250000000000000       -28.896411382275041     
                   38  0.18750000000000000       -28.522235645457741     
                   39  0.19250000000000000       -28.193309693245787     
                   40  0.19750000000000001       -27.903065794717389     
                   41  0.20250000000000001       -27.646128474794779     
                   42  0.20750000000000002       -27.418134086628488     
                   43  0.21249999999999999       -27.215554522308054     
                   44  0.21750000000000000       -27.035536598916547     
                   45  0.22250000000000000       -26.875764037323023     
                   46  0.22750000000000001       -26.734344249554230     
                   47  0.23250000000000001       -26.609718716150169     
                   48  0.23749999999999999       -26.500593833490818     
                   49  0.24249999999999999       -26.405888443622562     
                   50  0.24750000000000000       -26.324694375445070     
                   51  0.25250000000000000       -26.256246834784310     
                   52  0.25750000000000001       -26.199902114423175     
                   53  0.26250000000000001       -26.155120702421375     
                   54  0.26750000000000002       -26.121454380542513     
                   55  0.27250000000000002       -26.098536307365475     
                   56  0.27750000000000002       -26.086073381384164     
                   57  0.28250000000000003       -26.083840396726380     
                   58  0.28749999999999998       -26.091675658028684     
                   59  0.29249999999999998       -26.109477828827341     
                   60  0.29749999999999999       -26.137203862687269     
