                    1   2.5000000000000001E-003  -80.648792992953247     
                    2   7.4999999999999997E-003  -80.583062376046030     
                    3   1.2500000000000001E-002  -80.493809899317554     
                    4   1.7500000000000002E-002  -80.379723923179768     
                    5   2.2499999999999999E-002  -80.239755851867400     
                    6   2.7500000000000000E-002  -80.072305964958915     
                    7   3.2500000000000001E-002  -79.875623267009388     
                    8   3.7500000000000006E-002  -79.646900878338499     
                    9   4.2499999999999996E-002  -79.382312874194923     
                   10   4.7500000000000001E-002  -79.076437007292199     
                   11   5.2500000000000005E-002  -78.721440042617317     
                   12   5.7499999999999996E-002  -78.305531224317747     
                   13   6.2500000000000000E-002  -77.810359007480670     
                   14   6.7500000000000004E-002  -77.205816214641203     
                   15   7.2500000000000009E-002  -76.439552497223104     
                   16   7.7499999999999999E-002  -75.413607150475173     
                   17   8.2500000000000004E-002  -73.923364779969830     
                   18   8.7499999999999994E-002  -71.458074939025352     
                   19   9.2499999999999999E-002  -66.065395471037078     
                   20   9.7500000000000003E-002  -50.069153036288213     
                   21  0.10250000000000001       -41.440856297418286     
                   22  0.10750000000000000       -39.844960055255243     
                   23  0.11250000000000000       -39.532403383951298     
                   24  0.11749999999999999       -39.243424641076651     
                   25  0.12250000000000000       -38.963548929410877     
                   26  0.12750000000000000       -38.692388480023347     
                   27  0.13250000000000001       -38.429288999065122     
                   28  0.13750000000000001       -38.173630194854255     
                   29  0.14250000000000002       -37.924919788414499     
                   30  0.14749999999999999       -37.682809883726087     
                   31  0.15250000000000000       -37.447083622846769     
                   32  0.15750000000000000       -37.217632321772577     
                   33  0.16250000000000001       -36.994431774081562     
                   34  0.16750000000000001       -36.777521155524404     
                   35  0.17250000000000001       -36.566985544924115     
                   36  0.17749999999999999       -36.362942023281015     
                   37  0.18250000000000000       -36.165528911694622     
                   38  0.18750000000000000       -35.974897605625486     
                   39  0.19250000000000000       -35.791206485418222     
                   40  0.19750000000000001       -35.614616450100357     
                   41  0.20250000000000001       -35.445287697743638     
                   42  0.20750000000000002       -35.283377447117658     
                   43  0.21249999999999999       -35.129038357431810     
                   44  0.21750000000000000       -34.982417455120171     
                   45  0.22250000000000000       -34.843655419712526     
                   46  0.22750000000000001       -34.712886116036316     
                   47  0.23250000000000001       -34.590236288475296     
                   48  0.23749999999999999       -34.475825355845735     
                   49  0.24249999999999999       -34.369765263483963     
                   50  0.24750000000000000       -34.272160363196676     
                   51  0.25250000000000000       -34.183107302450360     
                   52  0.25750000000000001       -34.102694912184184     
                   53  0.26250000000000001       -34.031004088397665     
                   54  0.26750000000000002       -33.968107666616319     
                   55  0.27250000000000002       -33.914070290747432     
                   56  0.27750000000000002       -33.868948278793511     
                   57  0.28250000000000003       -33.832789487086117     
                   58  0.28749999999999998       -33.805633171095437     
                   59  0.29249999999999998       -33.787509831531075     
                   60  0.29749999999999999       -33.778441012483434     
