                    1   2.5000000000000001E-003  -62.362169029573501     
                    2   7.4999999999999997E-003  -62.345347064959874     
                    3   1.2500000000000001E-002  -62.322634477834590     
                    4   1.7500000000000002E-002  -62.293759974830621     
                    5   2.2499999999999999E-002  -62.258565355258995     
                    6   2.7500000000000000E-002  -62.216797926824654     
                    7   3.2500000000000001E-002  -62.168247630068997     
                    8   3.7500000000000006E-002  -62.112554397045827     
                    9   4.2499999999999996E-002  -62.049281844411084     
                   10   4.7500000000000001E-002  -61.977878629127744     
                   11   5.2500000000000005E-002  -61.897658608105701     
                   12   5.7499999999999996E-002  -61.807731109761342     
                   13   6.2500000000000000E-002  -61.706936669976621     
                   14   6.7500000000000004E-002  -61.593733138946931     
                   15   7.2500000000000009E-002  -61.466003811499753     
                   16   7.7499999999999999E-002  -61.320824256239604     
                   17   8.2500000000000004E-002  -61.154053373675765     
                   18   8.7499999999999994E-002  -60.959666063501217     
                   19   9.2499999999999999E-002  -60.728500944013859     
                   20   9.7500000000000003E-002  -60.446210965834744     
                   21  0.10250000000000001       -60.088857261314445     
                   22  0.10750000000000000       -59.614038944529227     
                   23  0.11250000000000000       -58.937669409345432     
                   24  0.11749999999999999       -57.864457396566394     
                   25  0.12250000000000000       -55.721597679360549     
                   26  0.12750000000000000       -49.052095553495171     
                   27  0.13250000000000001       -44.155426046381606     
                   28  0.13750000000000001       -43.279458268344953     
                   29  0.14250000000000002       -43.128535436197332     
                   30  0.14749999999999999       -42.987320977216854     
                   31  0.15250000000000000       -42.849361389590882     
                   32  0.15750000000000000       -42.715446614240612     
                   33  0.16250000000000001       -42.585936733426060     
                   34  0.16750000000000001       -42.461027332713144     
                   35  0.17250000000000001       -42.340831508721529     
                   36  0.17749999999999999       -42.225411840492164     
                   37  0.18250000000000000       -42.114797184030373     
                   38  0.18750000000000000       -42.008993573634541     
                   39  0.19250000000000000       -41.907991921828042     
                   40  0.19750000000000001       -41.811773546632466     
                   41  0.20250000000000001       -41.720314116027538     
                   42  0.20750000000000002       -41.633586436960833     
                   43  0.21249999999999999       -41.551562411366945     
                   44  0.21750000000000000       -41.474214395878462     
                   45  0.22250000000000000       -41.401516133011356     
                   46  0.22750000000000001       -41.333443370086371     
                   47  0.23250000000000001       -41.269974246101683     
                   48  0.23749999999999999       -41.211089502870031     
                   49  0.24249999999999999       -41.156772561491124     
                   50  0.24750000000000000       -41.107009495667164     
                   51  0.25250000000000000       -41.061788927314616     
                   52  0.25750000000000001       -41.021101865841111     
                   53  0.26250000000000001       -40.984941509377776     
                   54  0.26750000000000002       -40.953303023511197     
                   55  0.27250000000000002       -40.926183310064630     
                   56  0.27750000000000002       -40.903580774377303     
                   57  0.28250000000000003       -40.885495092344819     
                   58  0.28749999999999998       -40.871926963606356     
                   59  0.29249999999999998       -40.862877802989253     
                   60  0.29749999999999999       -40.858349239791160     
