                    1   2.5000000000000001E-003  -5.5249936438806515E-013
                    2   7.4999999999999997E-003  -3.3363124135910235E-012
                    3   1.2500000000000001E-002  -3.3943553623381356E-011
                    4   1.7500000000000002E-002  -3.6674579393304279E-009
                    5   2.2499999999999999E-002  -3.1641889117876215E-007
                    6   2.7500000000000000E-002  -7.2368568964877199E-008
                    7   3.2500000000000001E-002  -5.7627429036777593E-008
                    8   3.7500000000000006E-002  -4.6515110420484074E-008
                    9   4.2499999999999996E-002  -3.7359433849458115E-008
                   10   4.7500000000000001E-002  -3.0001088979412689E-008
                   11   5.2500000000000005E-002  -2.4171947706388138E-008
                   12   5.7499999999999996E-002  -1.9578183362089397E-008
                   13   6.2500000000000000E-002  -1.5968574350539522E-008
                   14   6.7500000000000004E-002  -1.3140406017121262E-008
                   15   7.2500000000000009E-002  -1.0929666136839597E-008
                   16   7.7499999999999999E-002  -9.2022464671529485E-009
                   17   8.2500000000000004E-002  -7.8483495885659196E-009
                   18   8.7499999999999994E-002  -6.7789269370753548E-009
                   19   9.2499999999999999E-002  -5.9229848558377656E-009
                   20   9.7500000000000003E-002  -5.2251476454791796E-009
                   21  0.10250000000000001       -4.6432753724745302E-009
                   22  0.10750000000000000       -4.1461417554324136E-009
                   23  0.11250000000000000       -3.7112502974219416E-009
                   24  0.11749999999999999       -3.3228691133456458E-009
                   25  0.12250000000000000       -2.9703382199143453E-009
                   26  0.12750000000000000       -2.6466703187446170E-009
                   27  0.13250000000000001       -2.3474381233906040E-009
                   28  0.13750000000000001       -2.0699218525057311E-009
                   29  0.14250000000000002       -1.8124797296565825E-009
                   30  0.14749999999999999       -1.5741006200071535E-009
                   31  0.15250000000000000       -1.3540992198695196E-009
                   32  0.15750000000000000       -1.1519185380067319E-009
                   33  0.16250000000000001       -9.6701019289475678E-010
                   34  0.16750000000000001       -7.9876916976858128E-010
                   35  0.17250000000000001       -6.4650540961643914E-010
                   36  0.17749999999999999       -5.0943953100933956E-010
                   37  0.18250000000000000       -3.8671393505497024E-010
                   38  0.18750000000000000       -2.7741348881554014E-010
                   39  0.19250000000000000       -1.8059199856974748E-010
                   40  0.19750000000000001       -9.5301909371055367E-011
                   41  0.20250000000000001       -2.0625276681966646E-011
                   42  0.20750000000000002        4.4295720822615819E-011
                   43  0.21249999999999999        1.0023071130987065E-010
                   44  0.21750000000000000        1.4783783499944331E-010
                   45  0.22250000000000000        1.8764658173369646E-010
                   46  0.22750000000000001        2.2004961138993454E-010
                   47  0.23250000000000001        2.4530536159485898E-010
                   48  0.23749999999999999        2.6355292189472302E-010
                   49  0.24249999999999999        2.7483990390351590E-010
                   50  0.24750000000000000        2.7916302855395346E-010
                   51  0.25250000000000000        2.7651993719113802E-010
                   52  0.25750000000000001        2.6696941744248468E-010
                   53  0.26250000000000001        2.5069598463311611E-010
                   54  0.26750000000000002        2.2807380207792727E-010
                   55  0.27250000000000002        1.9972452806936653E-010
                   56  0.27750000000000002        1.6656411560886461E-010
                   57  0.28250000000000003        1.2983508040086865E-010
                   58  0.28749999999999998        9.1123391108287846E-011
                   59  0.29249999999999998        5.2362841872586733E-011
                   60  0.29749999999999999        1.5834238996787686E-011
