                    1   2.5000000000000001E-003  0.20362180461924723     
                    2   7.4999999999999997E-003  0.16084091296747105     
                    3   1.2500000000000001E-002  0.16371063701300773     
                    4   1.7500000000000002E-002  0.16327824662622317     
                    5   2.2499999999999999E-002  0.16368465650311459     
                    6   2.7500000000000000E-002  0.16410301020070420     
                    7   3.2500000000000001E-002  0.16306868948161579     
                    8   3.7500000000000006E-002  0.16260442302535838     
                    9   4.2499999999999996E-002  0.16232162149614457     
                   10   4.7500000000000001E-002  0.16232340161822154     
                   11   5.2500000000000005E-002  0.16237645828484806     
                   12   5.7499999999999996E-002  0.16276370189390471     
                   13   6.2500000000000000E-002  0.16314321729621772     
                   14   6.7500000000000004E-002  0.16343483126295269     
                   15   7.2500000000000009E-002  0.16413182682666916     
                   16   7.7499999999999999E-002  0.16510798387248635     
                   17   8.2500000000000004E-002  0.16619501952750487     
                   18   8.7499999999999994E-002  0.16594002675088454     
                   19   9.2499999999999999E-002  0.15214433154539997     
                   20   9.7500000000000003E-002  0.12165090811091206     
                   21  0.10250000000000001       0.10450186484902732     
                   22  0.10750000000000000       0.10446095442589208     
                   23  0.11250000000000000       0.10757091814392447     
                   24  0.11749999999999999       0.11047029114352291     
                   25  0.12250000000000000       0.11296983062921187     
                   26  0.12750000000000000       0.11513611615844409     
                   27  0.13250000000000001       0.11702590744295055     
                   28  0.13750000000000001       0.11868534116865831     
                   29  0.14250000000000002       0.12015110514008223     
                   30  0.14749999999999999       0.12145223004889155     
                   31  0.15250000000000000       0.12261180978231809     
                   32  0.15750000000000000       0.12364841596579856     
                   33  0.16250000000000001       0.12457718258140765     
                   34  0.16750000000000001       0.12541061111513463     
                   35  0.17250000000000001       0.12615916115525355     
                   36  0.17749999999999999       0.12683168383091833     
                   37  0.18250000000000000       0.12743574256000761     
                   38  0.18750000000000000       0.12797785349333474     
                   39  0.19250000000000000       0.12846366853090724     
                   40  0.19750000000000001       0.12889811685935978     
                   41  0.20250000000000001       0.12928551611271558     
                   42  0.20750000000000002       0.12962966093273881     
                   43  0.21249999999999999       0.12993389443843484     
                   44  0.21750000000000000       0.13020116656605607     
                   45  0.22250000000000000       0.13043408217430164     
                   46  0.22750000000000001       0.13063494106464107     
                   47  0.23250000000000001       0.13080577153817127     
                   48  0.23749999999999999       0.13094835872862867     
                   49  0.24249999999999999       0.13106426867038695     
                   50  0.24750000000000000       0.13115486885015243     
                   51  0.25250000000000000       0.13122134583130451     
                   52  0.25750000000000001       0.13126472041657500     
                   53  0.26250000000000001       0.13128586071843992     
                   54  0.26750000000000002       0.13128549343044069     
                   55  0.27250000000000002       0.13126421353179121     
                   56  0.27750000000000002       0.13122249260849775     
                   57  0.28250000000000003       0.13116068593416241     
                   58  0.28749999999999998       0.13107903842069102     
                   59  0.29249999999999998       0.13097768952188688     
                   60  0.29749999999999999       0.13085667715073809     
