                    1   2.5000000000000001E-003  0.20348077756817329     
                    2   7.4999999999999997E-003  0.16059464175595428     
                    3   1.2500000000000001E-002  0.16299664985329720     
                    4   1.7500000000000002E-002  0.14796513394540878     
                    5   2.2499999999999999E-002  0.12186756452764146     
                    6   2.7500000000000000E-002  0.11414806771121777     
                    7   3.2500000000000001E-002  0.11997994967935691     
                    8   3.7500000000000006E-002  0.12388497898857345     
                    9   4.2499999999999996E-002  0.12662268953458197     
                   10   4.7500000000000001E-002  0.12857271496853701     
                   11   5.2500000000000005E-002  0.12997536147311106     
                   12   5.7499999999999996E-002  0.13099018729112558     
                   13   6.2500000000000000E-002  0.13172648413350979     
                   14   6.7500000000000004E-002  0.13226130919202991     
                   15   7.2500000000000009E-002  0.13265019004183945     
                   16   7.7499999999999999E-002  0.13293364099136676     
                   17   8.2500000000000004E-002  0.13314133711541876     
                   18   8.7499999999999994E-002  0.13329495403890149     
                   19   9.2499999999999999E-002  0.13341020590818714     
                   20   9.7500000000000003E-002  0.13349836367498830     
                   21  0.10250000000000001       0.13356740910140688     
                   22  0.10750000000000000       0.13362291691023429     
                   23  0.11250000000000000       0.13366872611596275     
                   24  0.11749999999999999       0.13370744527025208     
                   25  0.12250000000000000       0.13374082694522343     
                   26  0.12750000000000000       0.13377004037770879     
                   27  0.13250000000000001       0.13379586611056682     
                   28  0.13750000000000001       0.13381883205259387     
                   29  0.14250000000000002       0.13383930646163134     
                   30  0.14749999999999999       0.13385755993053722     
                   31  0.15250000000000000       0.13387380554900399     
                   32  0.15750000000000000       0.13388822403135381     
                   33  0.16250000000000001       0.13390097871511097     
                   34  0.16750000000000001       0.13391222389528140     
                   35  0.17250000000000001       0.13392210889789394     
                   36  0.17749999999999999       0.13393077954152821     
                   37  0.18250000000000000       0.13393837811743514     
                   38  0.18750000000000000       0.13394504267408763     
                   39  0.19250000000000000       0.13395090616599437     
                   40  0.19750000000000001       0.13395609587461868     
                   41  0.20250000000000001       0.13396073339668432     
                   42  0.20750000000000002       0.13396493539016763     
                   43  0.21249999999999999       0.13396881519314713     
                   44  0.21750000000000000       0.13397248530083583     
                   45  0.22250000000000000       0.13397606055223568     
                   46  0.22750000000000001       0.13397966179211357     
                   47  0.23250000000000001       0.13398341964748367     
                   48  0.23749999999999999       0.13398747795018398     
                   49  0.24249999999999999       0.13399199626764069     
                   50  0.24750000000000000       0.13399715097412743     
                   51  0.25250000000000000       0.13400313431845323     
                   52  0.25750000000000001       0.13401015102912464     
                   53  0.26250000000000001       0.13401841214640325     
                   54  0.26750000000000002       0.13402812597479882     
                   55  0.27250000000000002       0.13403948628993817     
                   56  0.27750000000000002       0.13405265817772061     
                   57  0.28250000000000003       0.13406776208625173     
                   58  0.28749999999999998       0.13408485677904614     
                   59  0.29249999999999998       0.13410392183715289     
                   60  0.29749999999999999       0.13412484012259734     
