                    1   2.5000000000000001E-003  0.21670712752243226     
                    2   7.4999999999999997E-003  0.21622341971180675     
                    3   1.2500000000000001E-002  0.21569781675160032     
                    4   1.7500000000000002E-002  0.21546436185502324     
                    5   2.2499999999999999E-002  0.21655665747471578     
                    6   2.7500000000000000E-002  0.21701004481926600     
                    7   3.2500000000000001E-002  0.21654144313574766     
                    8   3.7500000000000006E-002  0.21702866110958385     
                    9   4.2499999999999996E-002  0.21703854931674260     
                   10   4.7500000000000001E-002  0.21699779863100252     
                   11   5.2500000000000005E-002  0.21711136554133148     
                   12   5.7499999999999996E-002  0.21720095057626473     
                   13   6.2500000000000000E-002  0.21721032386810327     
                   14   6.7500000000000004E-002  0.21726391235933545     
                   15   7.2500000000000009E-002  0.21732491377472352     
                   16   7.7499999999999999E-002  0.21730056242590226     
                   17   8.2500000000000004E-002  0.21734170157844054     
                   18   8.7499999999999994E-002  0.21734475524627761     
                   19   9.2499999999999999E-002  0.21730925740714890     
                   20   9.7500000000000003E-002  0.21731285644400830     
                   21  0.10250000000000001       0.21729142917652325     
                   22  0.10750000000000000       0.21725619675452432     
                   23  0.11250000000000000       0.21723202635408068     
                   24  0.11749999999999999       0.21721185859173536     
                   25  0.12250000000000000       0.21718233706332224     
                   26  0.12750000000000000       0.21701722068749396     
                   27  0.13250000000000001       0.21423040613540489     
                   28  0.13750000000000001       0.20625392722917713     
                   29  0.14250000000000002       0.20025901071416474     
                   30  0.14749999999999999       0.19957573404377987     
                   31  0.15250000000000000       0.19977558604461809     
                   32  0.15750000000000000       0.19989943477965152     
                   33  0.16250000000000001       0.19995331519198564     
                   34  0.16750000000000001       0.19997121818768299     
                   35  0.17250000000000001       0.19997278009707686     
                   36  0.17749999999999999       0.19997294401861798     
                   37  0.18250000000000000       0.19997312685159346     
                   38  0.18750000000000000       0.19997336068319865     
                   39  0.19250000000000000       0.19997364542597210     
                   40  0.19750000000000001       0.19997398035249145     
                   41  0.20250000000000001       0.19997436492132911     
                   42  0.20750000000000002       0.19997479889136355     
                   43  0.21249999999999999       0.19997528243554580     
                   44  0.21750000000000000       0.19997581627801769     
                   45  0.22250000000000000       0.19997640186653104     
                   46  0.22750000000000001       0.19997704160261676     
                   47  0.23250000000000001       0.19997773918254180     
                   48  0.23749999999999999       0.19997850020902597     
                   49  0.24249999999999999       0.19997933364325240     
                   50  0.24750000000000000       0.19998025620249868     
                   51  0.25250000000000000       0.19998130706753300     
                   52  0.25750000000000001       0.19998259586500006     
                   53  0.26250000000000001       0.19998444429028600     
                   54  0.26750000000000002       0.19998774296195274     
                   55  0.27250000000000002       0.19999465998431173     
                   56  0.27750000000000002       0.20000953992978282     
                   57  0.28250000000000003       0.20003878427051666     
                   58  0.28749999999999998       0.20008697029877529     
                   59  0.29249999999999998       0.20014744825790851     
                   60  0.29749999999999999       0.20019431644096913     
