                    1   0.0000000000000000       -5.4842089341129165     
                    2   5.0000000000000001E-003  -10.146309813624706     
                    3   1.0000000000000000E-002  -10.809686551604555     
                    4   1.4999999999999999E-002  -13.091584655943175     
                    5   2.0000000000000000E-002  -19.028817736514359     
                    6   2.5000000000000001E-002  -19.002545917037299     
                    7   2.9999999999999999E-002  -18.631185120610404     
                    8   3.5000000000000003E-002  -18.310919536261615     
                    9   4.0000000000000001E-002  -18.085535272790224     
                   10   4.4999999999999998E-002  -17.933305303850663     
                   11   5.0000000000000003E-002  -17.829770061254468     
                   12   5.5000000000000000E-002  -17.757379366848269     
                   13   5.9999999999999998E-002  -17.704755545702401     
                   14   6.5000000000000002E-002  -17.664656476931892     
                   15   7.0000000000000007E-002  -17.632384410550028     
                   16   7.4999999999999997E-002  -17.604784154134116     
                   17   8.0000000000000002E-002  -17.579666835674018     
                   18   8.5000000000000006E-002  -17.555490401128807     
                   19   8.9999999999999997E-002  -17.531180179296914     
                   20   9.5000000000000001E-002  -17.506020637614306     
                   21  0.10000000000000001       -17.479581653149452     
                   22  0.10500000000000000       -17.451661471634843     
                   23  0.11000000000000000       -17.422238526874061     
                   24  0.11500000000000000       -17.391429130602766     
                   25  0.12000000000000000       -17.359450131375876     
                   26  0.12500000000000000       -17.326586383569438     
                   27  0.13000000000000000       -17.293163014395649     
                   28  0.13500000000000001       -17.259522399827578     
                   29  0.14000000000000001       -17.226005628985146     
                   30  0.14499999999999999       -17.192938119326040     
                   31  0.14999999999999999       -17.160618963482950     
                   32  0.15500000000000000       -17.129313544385205     
                   33  0.16000000000000000       -17.099248942601434     
                   34  0.16500000000000001       -17.070611670949592     
                   35  0.17000000000000001       -17.043547298990141     
                   36  0.17500000000000002       -17.018161567828471     
                   37  0.17999999999999999       -16.994522638817763     
                   38  0.18500000000000000       -16.972664164664259     
                   39  0.19000000000000000       -16.952588915602806     
                   40  0.19500000000000001       -16.934272735157993     
                   41  0.20000000000000001       -16.917668638666914     
                   42  0.20500000000000002       -16.902710902853176     
                   43  0.20999999999999999       -16.889319026279082     
                   44  0.21500000000000000       -16.877401468627436     
                   45  0.22000000000000000       -16.866859101724149     
                   46  0.22500000000000001       -16.857588327270825     
                   47  0.23000000000000001       -16.849483835649924     
                   48  0.23500000000000001       -16.842440997088556     
                   49  0.23999999999999999       -16.836357891075295     
                   50  0.24500000000000000       -16.831136992345392     
                   51  0.25000000000000000       -16.826686542101257     
                   52  0.25500000000000000       -16.822921641543331     
                   53  0.26000000000000001       -16.819765111399519     
                   54  0.26500000000000001       -16.817148166136356     
                   55  0.27000000000000002       -16.815010955120183     
                   56  0.27500000000000002       -16.813303025405368     
                   57  0.28000000000000003       -16.811983762309065     
                   58  0.28500000000000003       -16.811022864741666     
                   59  0.28999999999999998       -16.810400912645992     
                   60  0.29499999999999998       -16.810110084083917     
                   61  0.29999999999999999       -16.810155079702604     
