                    1   0.0000000000000000       -5.4790776247208406     
                    2   5.0000000000000001E-003  -10.137676146100958     
                    3   1.0000000000000000E-002  -10.788022814775822     
                    4   1.4999999999999999E-002  -11.096975851051369     
                    5   2.0000000000000000E-002  -11.226215556640030     
                    6   2.5000000000000001E-002  -11.248828029413998     
                    7   2.9999999999999999E-002  -11.386489146338564     
                    8   3.5000000000000003E-002  -11.266360394780673     
                    9   4.0000000000000001E-002  -11.438051289528156     
                   10   4.4999999999999998E-002  -11.326100148643755     
                   11   5.0000000000000003E-002  -11.442885829544323     
                   12   5.5000000000000000E-002  -11.471774010944877     
                   13   5.9999999999999998E-002  -11.374501924857125     
                   14   6.5000000000000002E-002  -11.432493672911191     
                   15   7.0000000000000007E-002  -11.175717660722931     
                   16   7.4999999999999997E-002  -11.021598597317732     
                   17   8.0000000000000002E-002  -10.967305843283169     
                   18   8.5000000000000006E-002  -10.880106341134114     
                   19   8.9999999999999997E-002  -10.549816852279472     
                   20   9.5000000000000001E-002  -10.337951853451161     
                   21  0.10000000000000001       -10.108771091205565     
                   22  0.10500000000000000       -9.7614415095860636     
                   23  0.11000000000000000       -9.3549023751096794     
                   24  0.11500000000000000       -11.645478563657068     
                   25  0.12000000000000000       -20.876422684093857     
                   26  0.12500000000000000       -21.697269444946343     
                   27  0.13000000000000000       -21.554904719482440     
                   28  0.13500000000000001       -21.445094940530748     
                   29  0.14000000000000001       -21.363350879497695     
                   30  0.14499999999999999       -21.305327143420282     
                   31  0.14999999999999999       -21.267108227717934     
                   32  0.15500000000000000       -21.245326893247039     
                   33  0.16000000000000000       -21.237183055597665     
                   34  0.16500000000000001       -21.240409057240612     
                   35  0.17000000000000001       -21.253209903996620     
                   36  0.17500000000000002       -21.274195196901605     
                   37  0.17999999999999999       -21.302311946045549     
                   38  0.18500000000000000       -21.336782892798052     
                   39  0.19000000000000000       -21.377052324735569     
                   40  0.19500000000000001       -21.422739897103177     
                   41  0.20000000000000001       -21.473602193181360     
                   42  0.20500000000000002       -21.529501368318442     
                   43  0.20999999999999999       -21.590380055722640     
                   44  0.21500000000000000       -21.656241668309292     
                   45  0.22000000000000000       -21.727135255251081     
                   46  0.22500000000000001       -21.803144133631843     
                   47  0.23000000000000001       -21.884377596827061     
                   48  0.23500000000000001       -21.970965090841858     
                   49  0.23999999999999999       -22.063052340595785     
                   50  0.24500000000000000       -22.160798995229293     
                   51  0.25000000000000000       -22.264377441804552     
                   52  0.25500000000000000       -22.373972508473177     
                   53  0.26000000000000001       -22.489781840482742     
                   54  0.26500000000000001       -22.612016785236541     
                   55  0.27000000000000002       -22.740903666454024     
                   56  0.27500000000000002       -22.876685363028468     
                   57  0.28000000000000003       -23.019623136245080     
                   58  0.28500000000000003       -23.169998670273674     
                   59  0.28999999999999998       -23.328116305571470     
                   60  0.29499999999999998       -23.494305452549295     
                   61  0.29999999999999999       -23.668923171636372     
