                    1   2.5000000000000001E-003  -7.8085798611582380     
                    2   7.4999999999999997E-003  -10.463141353215404     
                    3   1.2500000000000001E-002  -10.942913810490188     
                    4   1.7500000000000002E-002  -11.162157817663218     
                    5   2.2499999999999999E-002  -11.238267095594558     
                    6   2.7500000000000000E-002  -11.318637531090786     
                    7   3.2500000000000001E-002  -11.327700576611043     
                    8   3.7500000000000006E-002  -11.353871630304369     
                    9   4.2499999999999996E-002  -11.384258326203302     
                   10   4.7500000000000001E-002  -11.387379274663420     
                   11   5.2500000000000005E-002  -11.461204303754499     
                   12   5.7499999999999996E-002  -11.428406508112415     
                   13   6.2500000000000000E-002  -11.410830672298772     
                   14   6.7500000000000004E-002  -11.314569828381504     
                   15   7.2500000000000009E-002  -11.114207227137671     
                   16   7.7499999999999999E-002  -11.019419179404965     
                   17   8.2500000000000004E-002  -10.969750770793958     
                   18   8.7499999999999994E-002  -11.016527605202189     
                   19   9.2499999999999999E-002  -15.233673317140411     
                   20   9.7500000000000003E-002  -20.171027920822780     
                   21  0.10250000000000001       -20.808079134203357     
                   22  0.10750000000000000       -20.526684414216270     
                   23  0.11250000000000000       -20.308289306854704     
                   24  0.11749999999999999       -20.136708754467762     
                   25  0.12250000000000000       -19.999545218170404     
                   26  0.12750000000000000       -19.888166737912929     
                   27  0.13250000000000001       -19.796637565369213     
                   28  0.13750000000000001       -19.720832753047155     
                   29  0.14250000000000002       -19.657843230649426     
                   30  0.14749999999999999       -19.605590948219884     
                   31  0.15250000000000000       -19.562576547462847     
                   32  0.15750000000000000       -19.527709185251389     
                   33  0.16250000000000001       -19.500188731089768     
                   34  0.16750000000000001       -19.479422825407703     
                   35  0.17250000000000001       -19.464968070670679     
                   36  0.17749999999999999       -19.456488371930860     
                   37  0.18250000000000000       -19.453725611973681     
                   38  0.18750000000000000       -19.456479207068810     
                   39  0.19250000000000000       -19.464592017645149     
                   40  0.19750000000000001       -19.477940761229171     
                   41  0.20250000000000001       -19.496429578210815     
                   42  0.20750000000000002       -19.519985779987429     
                   43  0.21249999999999999       -19.548557092477040     
                   44  0.21750000000000000       -19.582109917037272     
                   45  0.22250000000000000       -19.620628282449104     
                   46  0.22750000000000001       -19.664113269726727     
                   47  0.23250000000000001       -19.712582767332201     
                   48  0.23749999999999999       -19.766071466766139     
                   49  0.24249999999999999       -19.824631044269793     
                   50  0.24750000000000000       -19.888330498595977     
                   51  0.25250000000000000       -19.957256631206622     
                   52  0.25750000000000001       -20.031514666508649     
                   53  0.26250000000000001       -20.111229017743266     
                   54  0.26750000000000002       -20.196544210232254     
                   55  0.27250000000000002       -20.287625978795230     
                   56  0.27750000000000002       -20.384662560932576     
                   57  0.28250000000000003       -20.487866212235627     
                   58  0.28749999999999998       -20.597474975616755     
                   59  0.29249999999999998       -20.713754741226666     
                   60  0.29749999999999999       -20.837001638889788     
