                    1   2.5000000000000001E-003  0.33986720211011151     
                    2   7.4999999999999997E-003  0.27836909756580563     
                    3   1.2500000000000001E-002  0.26848073426278740     
                    4   1.7500000000000002E-002  0.26404054464254545     
                    5   2.2499999999999999E-002  0.26243873046296173     
                    6   2.7500000000000000E-002  0.26074689050527655     
                    7   3.2500000000000001E-002  0.26041095611283260     
                    8   3.7500000000000006E-002  0.25971471668978602     
                    9   4.2499999999999996E-002  0.25889360333626943     
                   10   4.7500000000000001E-002  0.25854068102233940     
                   11   5.2500000000000005E-002  0.25675329501903221     
                   12   5.7499999999999996E-002  0.25688930979395291     
                   13   6.2500000000000000E-002  0.25656017415266774     
                   14   6.7500000000000004E-002  0.25747493191397464     
                   15   7.2500000000000009E-002  0.25997337948649668     
                   16   7.7499999999999999E-002  0.25955208175029243     
                   17   8.2500000000000004E-002  0.25617242404476148     
                   18   8.7499999999999994E-002  0.24389398530368778     
                   19   9.2499999999999999E-002  0.12381898569869347     
                   20   9.7500000000000003E-002   3.9858524871527650E-003
                   21  0.10250000000000001        0.0000000000000000     
                   22  0.10750000000000000        0.0000000000000000     
                   23  0.11250000000000000        0.0000000000000000     
                   24  0.11749999999999999        0.0000000000000000     
                   25  0.12250000000000000        0.0000000000000000     
                   26  0.12750000000000000        0.0000000000000000     
                   27  0.13250000000000001        0.0000000000000000     
                   28  0.13750000000000001        0.0000000000000000     
                   29  0.14250000000000002        0.0000000000000000     
                   30  0.14749999999999999        0.0000000000000000     
                   31  0.15250000000000000        0.0000000000000000     
                   32  0.15750000000000000        0.0000000000000000     
                   33  0.16250000000000001        0.0000000000000000     
                   34  0.16750000000000001        0.0000000000000000     
                   35  0.17250000000000001        0.0000000000000000     
                   36  0.17749999999999999        0.0000000000000000     
                   37  0.18250000000000000        0.0000000000000000     
                   38  0.18750000000000000        0.0000000000000000     
                   39  0.19250000000000000        0.0000000000000000     
                   40  0.19750000000000001        0.0000000000000000     
                   41  0.20250000000000001        0.0000000000000000     
                   42  0.20750000000000002        0.0000000000000000     
                   43  0.21249999999999999        0.0000000000000000     
                   44  0.21750000000000000        0.0000000000000000     
                   45  0.22250000000000000        0.0000000000000000     
                   46  0.22750000000000001        0.0000000000000000     
                   47  0.23250000000000001        0.0000000000000000     
                   48  0.23749999999999999        0.0000000000000000     
                   49  0.24249999999999999        0.0000000000000000     
                   50  0.24750000000000000        0.0000000000000000     
                   51  0.25250000000000000        0.0000000000000000     
                   52  0.25750000000000001        0.0000000000000000     
                   53  0.26250000000000001        0.0000000000000000     
                   54  0.26750000000000002        0.0000000000000000     
                   55  0.27250000000000002        0.0000000000000000     
                   56  0.27750000000000002        0.0000000000000000     
                   57  0.28250000000000003        0.0000000000000000     
                   58  0.28749999999999998        0.0000000000000000     
                   59  0.29249999999999998        0.0000000000000000     
                   60  0.29749999999999999        0.0000000000000000     
