                    1   0.0000000000000000        180.88954461860146     
                    2   5.0000000000000001E-003   46.451201694775975     
                    3   1.0000000000000000E-002   16.714509629168454     
                    4   1.4999999999999999E-002   4.4075992418479375     
                    5   2.0000000000000000E-002  0.96205555503785634     
                    6   2.5000000000000001E-002 -0.74879785395050269     
                    7   2.9999999999999999E-002  -1.0613785931154684     
                    8   3.5000000000000003E-002  -1.0619437100227609     
                    9   4.0000000000000001E-002  -1.0624507306273623     
                   10   4.4999999999999998E-002  -1.0628176632993898     
                   11   5.0000000000000003E-002  -1.0629825038932479     
                   12   5.5000000000000000E-002  -1.0629148783340743     
                   13   5.9999999999999998E-002  -1.0626155965972401     
                   14   6.5000000000000002E-002  -1.0621085546740532     
                   15   7.0000000000000007E-002  -1.0614303458601175     
                   16   7.4999999999999997E-002  -1.0606213904484818     
                   17   8.0000000000000002E-002  -1.0597201441461965     
                   18   8.5000000000000006E-002  -1.0587602640216847     
                   19   8.9999999999999997E-002  -1.0577698533179254     
                   20   9.5000000000000001E-002  -1.0567718423351860     
                   21  0.10000000000000001       -1.0557848157987217     
                   22  0.10500000000000000       -1.0548238953039506     
                   23  0.11000000000000000       -1.0539015071826863     
                   24  0.11500000000000000       -1.0530279927536352     
                   25  0.12000000000000000       -1.0522120740613146     
                   26  0.12500000000000000       -1.0514612046481915     
                   27  0.13000000000000000       -1.0507818339546442     
                   28  0.13500000000000001       -1.0501796078344425     
                   29  0.14000000000000001       -1.0496595216007052     
                   30  0.14499999999999999       -1.0492260374429827     
                   31  0.14999999999999999       -1.0488831749307803     
                   32  0.15500000000000000       -1.0486345812030413     
                   33  0.16000000000000000       -1.0484835859409622     
                   34  0.16500000000000001       -1.0484332450800882     
                   35  0.17000000000000001       -1.0484863763032346     
                   36  0.17500000000000002       -1.0486455886068526     
                   37  0.17999999999999999       -1.0489133076227628     
                   38  0.18500000000000000       -1.0492917978898375     
                   39  0.19000000000000000       -1.0497831828933515     
                   40  0.19500000000000001       -1.0503894634090045     
                   41  0.20000000000000001       -1.0511125344884138     
                   42  0.20500000000000002       -1.0519542012870118     
                   43  0.20999999999999999       -1.0529161938487290     
                   44  0.21500000000000000       -1.0540001809110622     
                   45  0.22000000000000000       -1.0552077827680997     
                   46  0.22500000000000001       -1.0565405832189811     
                   47  0.23000000000000001       -1.0580001406285346     
                   48  0.23500000000000001       -1.0595879981308065     
                   49  0.23999999999999999       -1.0613056930118749     
                   50  0.24500000000000000       -1.0631547653137079     
                   51  0.25000000000000000       -1.0651367657049733     
                   52  0.25500000000000000       -1.0672532626671940     
                   53  0.26000000000000001       -1.0695058490454037     
                   54  0.26500000000000001       -1.0718961480117344     
                   55  0.27000000000000002       -1.0744258184884208     
                   56  0.27500000000000002       -1.0770965600738542     
                   57  0.28000000000000003       -1.0799101175119090     
                   58  0.28500000000000003       -1.0828682847409625     
                   59  0.28999999999999998       -1.0859729085550456     
                   60  0.29499999999999998       -1.0892258919054172     
                   61  0.29999999999999999       -1.0926291968665656     
