                    1   0.0000000000000000       -8.7356047234991507     
                    2   5.0000000000000001E-003  -8.6095912747420638     
                    3   1.0000000000000000E-002  -8.2751934334711574     
                    4   1.4999999999999999E-002  -7.8835862115383346     
                    5   2.0000000000000000E-002  -7.5025712129015281     
                    6   2.5000000000000001E-002  -7.1195784214049480     
                    7   2.9999999999999999E-002  -6.7389854379016345     
                    8   3.5000000000000003E-002  -6.3586555771958650     
                    9   4.0000000000000001E-002  -5.9824752528630629     
                   10   4.4999999999999998E-002  -5.6062312625745747     
                   11   5.0000000000000003E-002  -5.2290641264801367     
                   12   5.5000000000000000E-002  -4.8524348750018511     
                   13   5.9999999999999998E-002  -4.4795293178006022     
                   14   6.5000000000000002E-002  -4.1125297640007110     
                   15   7.0000000000000007E-002  -3.7504773783246370     
                   16   7.4999999999999997E-002  -3.3971349850240684     
                   17   8.0000000000000002E-002  -3.0583084579751083     
                   18   8.5000000000000006E-002  -2.7350377412882421     
                   19   8.9999999999999997E-002  -2.4273894053576894     
                   20   9.5000000000000001E-002  -2.1378935350106603     
                   21  0.10000000000000001       -1.8669771792293552     
                   22  0.10500000000000000       -1.6152557490828878     
                   23  0.11000000000000000       -1.3777799078169801     
                   24  0.11500000000000000       -1.0372380161400496     
                   25  0.12000000000000000      -0.46136566096817028     
                   26  0.12500000000000000       0.19012543412335176     
                   27  0.13000000000000000       0.82655806737742010     
                   28  0.13500000000000001        1.4494917207103943     
                   29  0.14000000000000001        2.0621207562248238     
                   30  0.14499999999999999        2.6663897889201906     
                   31  0.14999999999999999        3.2635946152344610     
                   32  0.15500000000000000        3.8546714832925688     
                   33  0.16000000000000000        4.4403448516358202     
                   34  0.16500000000000001        5.0212056978472743     
                   35  0.17000000000000001        5.5977547518594388     
                   36  0.17500000000000002        6.1704277156709573     
                   37  0.17999999999999999        6.7396110063350045     
                   38  0.18500000000000000        7.3056523039578938     
                   39  0.19000000000000000        7.8688680753094715     
                   40  0.19500000000000001        8.4295492046185316     
                   41  0.20000000000000001        8.9879653522352427     
                   42  0.20500000000000002        9.5443684072168065     
                   43  0.20999999999999999        10.098995268337532     
                   44  0.21500000000000000        10.652070115534730     
                   45  0.22000000000000000        11.203806290141531     
                   46  0.22500000000000001        11.754407873330139     
                   47  0.23000000000000001        12.304071031449357     
                   48  0.23500000000000001        12.852985181303094     
                   49  0.23999999999999999        13.401334016344345     
                   50  0.24500000000000000        13.949296425397131     
                   51  0.25000000000000000        14.497047328312092     
                   52  0.25500000000000000        15.044758447496246     
                   53  0.26000000000000001        15.592599030193533     
                   54  0.26500000000000001        16.140736533437451     
                   55  0.27000000000000002        16.689337281482537     
                   56  0.27500000000000002        17.238567103974262     
                   57  0.28000000000000003        17.788591961788480     
                   58  0.28500000000000003        18.339578565776645     
                   59  0.28999999999999998        18.891694990387471     
                   60  0.29499999999999998        19.445111276565502     
                   61  0.29999999999999999        20.000000000000000     
