                    1   2.5000000000000001E-003   2.1132734573810204E-002
                    2   7.4999999999999997E-003   2.1210203882950043E-002
                    3   1.2500000000000001E-002   2.1351812263515606E-002
                    4   1.7500000000000002E-002   2.1536922910331109E-002
                    5   2.2499999999999999E-002   2.1768521560471276E-002
                    6   2.7500000000000000E-002   2.2068533688555575E-002
                    7   3.2500000000000001E-002   2.2468886672734133E-002
                    8   3.7500000000000006E-002   2.3023888614137143E-002
                    9   4.2499999999999996E-002   2.3837276434791409E-002
                   10   4.7500000000000001E-002   2.5136660556813430E-002
                   11   5.2500000000000005E-002   2.7487962009200523E-002
                   12   5.7499999999999996E-002   3.3145184675711134E-002
                   13   6.2500000000000000E-002   5.8162735263052892E-002
                   14   6.7500000000000004E-002  0.13193415611570158     
                   15   7.2500000000000009E-002  0.13994653610257113     
                   16   7.7499999999999999E-002  0.14985272563459284     
                   17   8.2500000000000004E-002  0.15694635344169089     
                   18   8.7499999999999994E-002  0.16242609924994028     
                   19   9.2499999999999999E-002  0.16683391539578171     
                   20   9.7500000000000003E-002  0.17046962168622712     
                   21  0.10250000000000001       0.17352009745975813     
                   22  0.10750000000000000       0.17611115802910798     
                   23  0.11250000000000000       0.17833225141846737     
                   24  0.11749999999999999       0.18024961404697876     
                   25  0.12250000000000000       0.18191385219929559     
                   26  0.12750000000000000       0.18336458327493854     
                   27  0.13250000000000001       0.18463342188048548     
                   28  0.13750000000000001       0.18574598331147191     
                   29  0.14250000000000002       0.18672327600406968     
                   30  0.14749999999999999       0.18758269807295114     
                   31  0.15250000000000000       0.18833876795602894     
                   32  0.15750000000000000       0.18900367097603754     
                   33  0.16250000000000001       0.18958767520825298     
                   34  0.16750000000000001       0.19009945262365402     
                   35  0.17250000000000001       0.19054633039732749     
                   36  0.17749999999999999       0.19093448998587803     
                   37  0.18250000000000000       0.19126912664672777     
                   38  0.18750000000000000       0.19155457865500869     
                   39  0.19250000000000000       0.19179443305951910     
                   40  0.19750000000000001       0.19199161308667426     
                   41  0.20250000000000001       0.19214845104180317     
                   42  0.20750000000000002       0.19226674963115836     
                   43  0.21249999999999999       0.19234783394043525     
                   44  0.21750000000000000       0.19239259579032830     
                   45  0.22250000000000000       0.19240153180006425     
                   46  0.22750000000000001       0.19237477619274196     
                   47  0.23250000000000001       0.19231212914774584     
                   48  0.23749999999999999       0.19221308132809398     
                   49  0.24249999999999999       0.19207683507156784     
                   50  0.24750000000000000       0.19190232262436477     
                   51  0.25250000000000000       0.19168822170770197     
                   52  0.25750000000000001       0.19143296863584292     
                   53  0.26250000000000001       0.19113476914418343     
                   54  0.26750000000000002       0.19079160703492901     
                   55  0.27250000000000002       0.19040125070269165     
                   56  0.27750000000000002       0.18996125756057611     
                   57  0.28250000000000003       0.18946897634683355     
                   58  0.28749999999999998       0.18892154725113952     
                   59  0.29249999999999998       0.18831589975703533     
                   60  0.29749999999999999       0.18764874805372445     
