                    1   2.5000000000000001E-003  0.47292624793698051     
                    2   7.4999999999999997E-003  0.29476158483565745     
                    3   1.2500000000000001E-002  0.26539554218859573     
                    4   1.7500000000000002E-002  0.27101042655774010     
                    5   2.2499999999999999E-002  0.27000417944931632     
                    6   2.7500000000000000E-002  0.27129665056734370     
                    7   3.2500000000000001E-002  0.27146874176383623     
                    8   3.7500000000000006E-002  0.27370252708671211     
                    9   4.2499999999999996E-002  0.27372014481453921     
                   10   4.7500000000000001E-002  0.27329842783428926     
                   11   5.2500000000000005E-002  0.27367025587861654     
                   12   5.7499999999999996E-002  0.27576031460217099     
                   13   6.2500000000000000E-002  0.27908862686478575     
                   14   6.7500000000000004E-002  0.28196735657810851     
                   15   7.2500000000000009E-002  0.28701881050532396     
                   16   7.7499999999999999E-002  0.29552827646781932     
                   17   8.2500000000000004E-002  0.30507630767590393     
                   18   8.7499999999999994E-002  0.31514031548949806     
                   19   9.2499999999999999E-002  0.32749808659540253     
                   20   9.7500000000000003E-002  0.34111594278198015     
                   21  0.10250000000000001       0.35651692790197503     
                   22  0.10750000000000000       0.36999087977853895     
                   23  0.11250000000000000       0.30010744875462669     
                   24  0.11749999999999999       0.15853527134603784     
                   25  0.12250000000000000       0.11351006092218079     
                   26  0.12750000000000000       0.12089435232984895     
                   27  0.13250000000000001       0.12762131707222915     
                   28  0.13750000000000001       0.13276231300625774     
                   29  0.14250000000000002       0.13690776771017843     
                   30  0.14749999999999999       0.14037111448263129     
                   31  0.15250000000000000       0.14332885962577141     
                   32  0.15750000000000000       0.14588661672417880     
                   33  0.16250000000000001       0.14811234777123769     
                   34  0.16750000000000001       0.15005335016380628     
                   35  0.17250000000000001       0.15174495420314801     
                   36  0.17749999999999999       0.15321501577324950     
                   37  0.18250000000000000       0.15448630405488550     
                   38  0.18750000000000000       0.15557784386275947     
                   39  0.19250000000000000       0.15650573551844085     
                   40  0.19750000000000001       0.15728370552949394     
                   41  0.20250000000000001       0.15792350946692940     
                   42  0.20750000000000002       0.15843524550362323     
                   43  0.21249999999999999       0.15882760767805079     
                   44  0.21750000000000000       0.15910809441740528     
                   45  0.22250000000000000       0.15928318163151622     
                   46  0.22750000000000001       0.15935846673853055     
                   47  0.23250000000000001       0.15933878845818966     
                   48  0.23749999999999999       0.15922832629230954     
                   49  0.24249999999999999       0.15903068295921441     
                   50  0.24750000000000000       0.15874895252118343     
                   51  0.25250000000000000       0.15838577648985483     
                   52  0.25750000000000001       0.15794338979579700     
                   53  0.26250000000000001       0.15742365815796852     
                   54  0.26750000000000002       0.15682810808189199     
                   55  0.27250000000000002       0.15615795044702152     
                   56  0.27750000000000002       0.15541409840816828     
                   57  0.28250000000000003       0.15459718012738632     
                   58  0.28749999999999998       0.15370754666944658     
                   59  0.29249999999999998       0.15274527524625431     
                   60  0.29749999999999999       0.15171016792709494     
