                    1   2.5000000000000001E-003  -132.99529135157800     
                    2   7.4999999999999997E-003  -132.49460942017942     
                    3   1.2500000000000001E-002  -132.13615015789685     
                    4   1.7500000000000002E-002  -131.78625069055101     
                    5   2.2499999999999999E-002  -131.42044728096690     
                    6   2.7500000000000000E-002  -131.03296001656520     
                    7   3.2500000000000001E-002  -130.62146077693447     
                    8   3.7500000000000006E-002  -130.18353578000065     
                    9   4.2499999999999996E-002  -129.71640969716017     
                   10   4.7500000000000001E-002  -129.21667551306894     
                   11   5.2500000000000005E-002  -128.68015992078637     
                   12   5.7499999999999996E-002  -128.10133964584912     
                   13   6.2500000000000000E-002  -127.47264714983692     
                   14   6.7500000000000004E-002  -126.78352363088237     
                   15   7.2500000000000009E-002  -126.01878726685612     
                   16   7.7499999999999999E-002  -125.15555690783100     
                   17   8.2500000000000004E-002  -124.15732442549964     
                   18   8.7499999999999994E-002  -122.96152246795307     
                   19   9.2499999999999999E-002  -121.45034618653963     
                   20   9.7500000000000003E-002  -119.36461914577593     
                   21  0.10250000000000001       -115.93287928177125     
                   22  0.10750000000000000       -106.06999962207480     
                   23  0.11250000000000000       -70.107529233704554     
                   24  0.11749999999999999       -53.479327447178520     
                   25  0.12250000000000000       -46.193567865708275     
                   26  0.12750000000000000       -44.263111206275809     
                   27  0.13250000000000001       -43.775118484979615     
                   28  0.13750000000000001       -43.319713625067173     
                   29  0.14250000000000002       -42.864874089375107     
                   30  0.14749999999999999       -42.414140236474339     
                   31  0.15250000000000000       -41.971458550021481     
                   32  0.15750000000000000       -41.539632253882672     
                   33  0.16250000000000001       -41.120234405433251     
                   34  0.16750000000000001       -40.714013982778916     
                   35  0.17250000000000001       -40.321296102844236     
                   36  0.17749999999999999       -39.942240580173987     
                   37  0.18250000000000000       -39.576972322702652     
                   38  0.18750000000000000       -39.225630799241259     
                   39  0.19250000000000000       -38.888378361485003     
                   40  0.19750000000000001       -38.565392133828205     
                   41  0.20250000000000001       -38.256852227980289     
                   42  0.20750000000000002       -37.962931720621768     
                   43  0.21249999999999999       -37.683790006057166     
                   44  0.21750000000000000       -37.419569412570738     
                   45  0.22250000000000000       -37.170394353406124     
                   46  0.22750000000000001       -36.936372182278554     
                   47  0.23250000000000001       -36.717595030708807     
                   48  0.23749999999999999       -36.514142073694948     
                   49  0.24249999999999999       -36.326081837975870     
                   50  0.24750000000000000       -36.153474309928797     
                   51  0.25250000000000000       -35.996372711806679     
                   52  0.25750000000000001       -35.854824896808168     
                   53  0.26250000000000001       -35.728874369269974     
                   54  0.26750000000000002       -35.618560970873077     
                   55  0.27250000000000002       -35.523921291843884     
                   56  0.27750000000000002       -35.444988871667142     
                   57  0.28250000000000003       -35.381794248990047     
                   58  0.28749999999999998       -35.334364902295547     
                   59  0.29249999999999998       -35.302725072766933     
                   60  0.29749999999999999       -35.286895305251505     
