                    1   2.5000000000000001E-003  -6.0956448945107065     
                    2   7.4999999999999997E-003  -6.0374079642183940     
                    3   1.2500000000000001E-002  -5.9574287356255509     
                    4   1.7500000000000002E-002  -5.8418809458999625     
                    5   2.2499999999999999E-002  -5.7082370427965294     
                    6   2.7500000000000000E-002  -5.5693285924516420     
                    7   3.2500000000000001E-002  -5.4259936329740679     
                    8   3.7500000000000006E-002  -5.2790705088036862     
                    9   4.2499999999999996E-002  -5.1291235747265116     
                   10   4.7500000000000001E-002  -4.9766333470960777     
                   11   5.2500000000000005E-002  -4.8218455086025944     
                   12   5.7499999999999996E-002  -4.6649043691267025     
                   13   6.2500000000000000E-002  -4.5060232960529598     
                   14   6.7500000000000004E-002  -4.3454129554610290     
                   15   7.2500000000000009E-002  -4.1831814774438438     
                   16   7.7499999999999999E-002  -4.0192944269164546     
                   17   8.2500000000000004E-002  -3.8536335626275999     
                   18   8.7499999999999994E-002  -3.6861680197398168     
                   19   9.2499999999999999E-002  -3.5169045871093170     
                   20   9.7500000000000003E-002  -3.3456769653000960     
                   21  0.10250000000000001       -3.1723166513410908     
                   22  0.10750000000000000       -2.9967500206985922     
                   23  0.11250000000000000       -2.8187801602414480     
                   24  0.11749999999999999       -2.6381494253669611     
                   25  0.12250000000000000       -2.4546574334361959     
                   26  0.12750000000000000       -2.2681521774548559     
                   27  0.13250000000000001       -2.0784931365613737     
                   28  0.13750000000000001       -1.8855031280799635     
                   29  0.14250000000000002       -1.6889251813631612     
                   30  0.14749999999999999       -1.4878748486380173     
                   31  0.15250000000000000       -1.2770306179768376     
                   32  0.15750000000000000       -1.0449047031818270     
                   33  0.16250000000000001      -0.80881989071430338     
                   34  0.16750000000000001      -0.58722324486203026     
                   35  0.17250000000000001      -0.37257565583965269     
                   36  0.17749999999999999      -0.16158582896448576     
                   37  0.18250000000000000        4.6759752953480407E-002
                   38  0.18750000000000000       0.25216292042533239     
                   39  0.19250000000000000       0.45498487038808144     
                   40  0.19750000000000001       0.65550413906065685     
                   41  0.20250000000000001       0.85394853503276269     
                   42  0.20750000000000002        1.0505115824496549     
                   43  0.21249999999999999        1.2453618564541831     
                   44  0.21750000000000000        1.4386491245890753     
                   45  0.22250000000000000        1.6305088068323728     
                   46  0.22750000000000001        1.8210653254205598     
                   47  0.23250000000000001        2.0104346107240945     
                   48  0.23749999999999999        2.1987259455481989     
                   49  0.24249999999999999        2.3860433034264723     
                   50  0.24750000000000000        2.5724863156989715     
                   51  0.25250000000000000        2.7581509781686484     
                   52  0.25750000000000001        2.9431301831679422     
                   53  0.26250000000000001        3.1275141401395352     
                   54  0.26750000000000002        3.3113907290244793     
                   55  0.27250000000000002        3.4948458161845299     
                   56  0.27750000000000002        3.6779635518586939     
                   57  0.28250000000000003        3.8608266605917341     
                   58  0.28749999999999998        4.0435167309649067     
                   59  0.29249999999999998        4.2261145076152760     
                   60  0.29749999999999999        4.4087001860086419     
