                    1   2.5000000000000001E-003  0.46813339256126374     
                    2   7.4999999999999997E-003  0.45788274294715253     
                    3   1.2500000000000001E-002  0.36292675116817519     
                    4   1.7500000000000002E-002  0.31619771193063034     
                    5   2.2499999999999999E-002  0.30848271160042795     
                    6   2.7500000000000000E-002  0.30173538269981709     
                    7   3.2500000000000001E-002  0.29660273095944428     
                    8   3.7500000000000006E-002  0.29224738866247058     
                    9   4.2499999999999996E-002  0.28866974105420345     
                   10   4.7500000000000001E-002  0.28558582136462496     
                   11   5.2500000000000005E-002  0.28265090512803270     
                   12   5.7499999999999996E-002  0.27993835633759784     
                   13   6.2500000000000000E-002  0.27752783245496943     
                   14   6.7500000000000004E-002  0.27531780746794005     
                   15   7.2500000000000009E-002  0.27315304408242902     
                   16   7.7499999999999999E-002  0.27084553443997145     
                   17   8.2500000000000004E-002  0.26838701467831194     
                   18   8.7499999999999994E-002  0.26599343395175346     
                   19   9.2499999999999999E-002  0.26353652001812561     
                   20   9.7500000000000003E-002  0.26074559389442220     
                   21  0.10250000000000001       0.25789331513233815     
                   22  0.10750000000000000       0.25493055420641536     
                   23  0.11250000000000000       0.25163504471778064     
                   24  0.11749999999999999       0.24810897192587983     
                   25  0.12250000000000000       0.24440435354144174     
                   26  0.12750000000000000       0.24061885008621609     
                   27  0.13250000000000001       0.23676622835911387     
                   28  0.13750000000000001       0.23295931412093623     
                   29  0.14250000000000002       0.22949009048581848     
                   30  0.14749999999999999       0.22679613922391317     
                   31  0.15250000000000000       0.22615130621928575     
                   32  0.15750000000000000       0.23129900777111279     
                   33  0.16250000000000001       0.24249187058202154     
                   34  0.16750000000000001       0.24810937532955021     
                   35  0.17250000000000001       0.24400273260457439     
                   36  0.17749999999999999       0.23707405093764364     
                   37  0.18250000000000000       0.22352925419974462     
                   38  0.18750000000000000       0.17198609618924582     
                   39  0.19250000000000000        7.7961260345603633E-002
                   40  0.19750000000000001        1.8489587201828812E-002
                   41  0.20250000000000001        1.5891455589026149E-003
                   42  0.20750000000000002        3.1093531565807358E-005
                   43  0.21249999999999999        0.0000000000000000     
                   44  0.21750000000000000        0.0000000000000000     
                   45  0.22250000000000000        0.0000000000000000     
                   46  0.22750000000000001        0.0000000000000000     
                   47  0.23250000000000001        0.0000000000000000     
                   48  0.23749999999999999        0.0000000000000000     
                   49  0.24249999999999999        0.0000000000000000     
                   50  0.24750000000000000        0.0000000000000000     
                   51  0.25250000000000000        0.0000000000000000     
                   52  0.25750000000000001        0.0000000000000000     
                   53  0.26250000000000001        0.0000000000000000     
                   54  0.26750000000000002        0.0000000000000000     
                   55  0.27250000000000002        0.0000000000000000     
                   56  0.27750000000000002        0.0000000000000000     
                   57  0.28250000000000003        0.0000000000000000     
                   58  0.28749999999999998        0.0000000000000000     
                   59  0.29249999999999998        0.0000000000000000     
                   60  0.29749999999999999        0.0000000000000000     
