                    1   2.5000000000000001E-003   2.2568308189663312E-002
                    2   7.4999999999999997E-003   2.2669421366535318E-002
                    3   1.2500000000000001E-002   2.2817443317111212E-002
                    4   1.7500000000000002E-002   2.3057320533270392E-002
                    5   2.2499999999999999E-002   2.3381322031307647E-002
                    6   2.7500000000000000E-002   2.3786766502040809E-002
                    7   3.2500000000000001E-002   2.4302602427212192E-002
                    8   3.7500000000000006E-002   2.4973140085551758E-002
                    9   4.2499999999999996E-002   2.5871111996332234E-002
                   10   4.7500000000000001E-002   2.7122473115873773E-002
                   11   5.2500000000000005E-002   2.8966996119276639E-002
                   12   5.7499999999999996E-002   3.1919991912319270E-002
                   13   6.2500000000000000E-002   3.7426844194373386E-002
                   14   6.7500000000000004E-002   5.2946225618083056E-002
                   15   7.2500000000000009E-002   8.4062903302960512E-002
                   16   7.7499999999999999E-002  0.11237805555807398     
                   17   8.2500000000000004E-002  0.12124705470430777     
                   18   8.7499999999999994E-002  0.12810411769540667     
                   19   9.2499999999999999E-002  0.13393344538031671     
                   20   9.7500000000000003E-002  0.13873894762710445     
                   21  0.10250000000000001       0.14283737553904918     
                   22  0.10750000000000000       0.14641246843784347     
                   23  0.11250000000000000       0.14957956644606105     
                   24  0.11749999999999999       0.15241645755393010     
                   25  0.12250000000000000       0.15497870910998707     
                   26  0.12750000000000000       0.15730782403106927     
                   27  0.13250000000000001       0.15943587700168604     
                   28  0.13750000000000001       0.16138831175108637     
                   29  0.14250000000000002       0.16318572236223589     
                   30  0.14749999999999999       0.16484504372451586     
                   31  0.15250000000000000       0.16638038089879553     
                   32  0.15750000000000000       0.16780360703799160     
                   33  0.16250000000000001       0.16912480635869703     
                   34  0.16750000000000001       0.17035260944417790     
                   35  0.17250000000000001       0.17149445145013487     
                   36  0.17749999999999999       0.17255677379227935     
                   37  0.18250000000000000       0.17354518363506874     
                   38  0.18750000000000000       0.17446458140487464     
                   39  0.19250000000000000       0.17531926376964363     
                   40  0.19750000000000001       0.17611300758343118     
                   41  0.20250000000000001       0.17684913890664963     
                   42  0.20750000000000002       0.17753059020700263     
                   43  0.21249999999999999       0.17815994810851024     
                   44  0.21750000000000000       0.17873949351020144     
                   45  0.22250000000000000       0.17927123548879392     
                   46  0.22750000000000001       0.17975694009334817     
                   47  0.23250000000000001       0.18019815490751850     
                   48  0.23749999999999999       0.18059623007716466     
                   49  0.24249999999999999       0.18095233636363989     
                   50  0.24750000000000000       0.18126748067576609     
                   51  0.25250000000000000       0.18154251944885241     
                   52  0.25750000000000001       0.18177817017161435     
                   53  0.26250000000000001       0.18197502130744114     
                   54  0.26750000000000002       0.18213354081213062     
                   55  0.27250000000000002       0.18225408341369265     
                   56  0.27750000000000002       0.18233689678939327     
                   57  0.28250000000000003       0.18238212674955687     
                   58  0.28749999999999998       0.18238982151574679     
                   59  0.29249999999999998       0.18235993516212490     
                   60  0.29749999999999999       0.18229233027298747     
