                    1   2.5000000000000001E-003  -193.65808837999944     
                    2   7.4999999999999997E-003  -161.51818354874291     
                    3   1.2500000000000001E-002  -112.61957692206700     
                    4   1.7500000000000002E-002  -49.040352956021621     
                    5   2.2499999999999999E-002  -26.085999832333400     
                    6   2.7500000000000000E-002  -24.187734815256878     
                    7   3.2500000000000001E-002  -22.654903355624107     
                    8   3.7500000000000006E-002  -21.624346498081035     
                    9   4.2499999999999996E-002  -20.871888839253749     
                   10   4.7500000000000001E-002  -20.292313270392540     
                   11   5.2500000000000005E-002  -19.829059521358868     
                   12   5.7499999999999996E-002  -19.448821806265649     
                   13   6.2500000000000000E-002  -19.130587191299021     
                   14   6.7500000000000004E-002  -18.860325159810966     
                   15   7.2500000000000009E-002  -18.628206702561926     
                   16   7.7499999999999999E-002  -18.427063563650098     
                   17   8.2500000000000004E-002  -18.251493904451717     
                   18   8.7499999999999994E-002  -18.097319922982052     
                   19   9.2499999999999999E-002  -17.961244124803024     
                   20   9.7500000000000003E-002  -17.840621762173427     
                   21  0.10250000000000001       -17.733303879642765     
                   22  0.10750000000000000       -17.637525116224481     
                   23  0.11250000000000000       -17.551821124077918     
                   24  0.11749999999999999       -17.474966389460278     
                   25  0.12250000000000000       -17.405926601330055     
                   26  0.12750000000000000       -17.343821682585705     
                   27  0.13250000000000001       -17.287896803346140     
                   28  0.13750000000000001       -17.237499467227593     
                   29  0.14250000000000002       -17.192061278196032     
                   30  0.14749999999999999       -17.151083354401194     
                   31  0.15250000000000000       -17.114124611365352     
                   32  0.15750000000000000       -17.080792322745562     
                   33  0.16250000000000001       -17.050734503346966     
                   34  0.16750000000000001       -17.023633760042234     
                   35  0.17250000000000001       -16.999202331490665     
                   36  0.17749999999999999       -16.977178094056384     
                   37  0.18250000000000000       -16.957321354198967     
                   38  0.18750000000000000       -16.939412280571560     
                   39  0.19250000000000000       -16.923248854812268     
                   40  0.19750000000000001       -16.908645240502526     
                   41  0.20250000000000001       -16.895430486386143     
                   42  0.20750000000000002       -16.883447493685509     
                   43  0.21249999999999999       -16.872552188917073     
                   44  0.21750000000000000       -16.862612853489569     
                   45  0.22250000000000000       -16.853509569912557     
                   46  0.22750000000000001       -16.845133751894913     
                   47  0.23250000000000001       -16.837387732148610     
                   48  0.23749999999999999       -16.830184387461259     
                   49  0.24249999999999999       -16.823446785657197     
                   50  0.24750000000000000       -16.817107843508360     
                   51  0.25250000000000000       -16.811109988543649     
                   52  0.25750000000000001       -16.805404821092928     
                   53  0.26250000000000001       -16.799952775835351     
                   54  0.26750000000000002       -16.794722784643593     
                   55  0.27250000000000002       -16.789691944664082     
                   56  0.27750000000000002       -16.784845197382847     
                   57  0.28250000000000003       -16.780175025927264     
                   58  0.28749999999999998       -16.775681179074382     
                   59  0.29249999999999998       -16.771370431408165     
                   60  0.29749999999999999       -16.767256389830898     
