                    1   0.0000000000000000        22.321841477379625     
                    2   5.0000000000000001E-003   5.4926995522191620     
                    3   1.0000000000000000E-002  -5.0720327453407661     
                    4   1.4999999999999999E-002  -8.5655314774361440     
                    5   2.0000000000000000E-002  -8.8805915525995189     
                    6   2.5000000000000001E-002  -9.2225069750462332     
                    7   2.9999999999999999E-002  -9.4654526269082275     
                    8   3.5000000000000003E-002  -9.6740666580363381     
                    9   4.0000000000000001E-002  -9.8533637985259670     
                   10   4.4999999999999998E-002  -9.9956100366630114     
                   11   5.0000000000000003E-002  -10.132611065116485     
                   12   5.5000000000000000E-002  -10.263509597286621     
                   13   5.9999999999999998E-002  -10.381800918932907     
                   14   6.5000000000000002E-002  -10.485767733328053     
                   15   7.0000000000000007E-002  -10.586191170197655     
                   16   7.4999999999999997E-002  -10.686918345669715     
                   17   8.0000000000000002E-002  -10.802492128125307     
                   18   8.5000000000000006E-002  -10.919512553848620     
                   19   8.9999999999999997E-002  -11.030125199975183     
                   20   9.5000000000000001E-002  -11.155068454672840     
                   21  0.10000000000000001       -11.301600867610070     
                   22  0.10500000000000000       -11.435277601412878     
                   23  0.11000000000000000       -11.596353589052850     
                   24  0.11500000000000000       -11.769118004487140     
                   25  0.12000000000000000       -11.960685556476175     
                   26  0.12500000000000000       -12.161204352103564     
                   27  0.13000000000000000       -12.374550803244658     
                   28  0.13500000000000001       -12.604967570735585     
                   29  0.14000000000000001       -12.858639805986407     
                   30  0.14499999999999999       -13.162375598786211     
                   31  0.14999999999999999       -13.700627520653043     
                   32  0.15500000000000000       -15.861787879362206     
                   33  0.16000000000000000       -25.376640331890968     
                   34  0.16500000000000001       -34.853065009484659     
                   35  0.17000000000000001       -36.471883701873935     
                   36  0.17500000000000002       -35.582669761509806     
                   37  0.17999999999999999       -34.178530027908828     
                   38  0.18500000000000000       -33.095456717343879     
                   39  0.19000000000000000       -32.228429153966680     
                   40  0.19500000000000001       -31.516136317726328     
                   41  0.20000000000000001       -30.920103954087381     
                   42  0.20500000000000002       -30.414568743827658     
                   43  0.20999999999999999       -29.981473816549080     
                   44  0.21500000000000000       -29.607742814878833     
                   45  0.22000000000000000       -29.283658262498150     
                   46  0.22500000000000001       -29.001839266711123     
                   47  0.23000000000000001       -28.756573056884971     
                   48  0.23500000000000001       -28.543366382557966     
                   49  0.23999999999999999       -28.358637864277917     
                   50  0.24500000000000000       -28.199502746630330     
                   51  0.25000000000000000       -28.063619404550661     
                   52  0.25500000000000000       -27.949077913675847     
                   53  0.26000000000000001       -27.854317850409817     
                   54  0.26500000000000001       -27.778066836733174     
                   55  0.27000000000000002       -27.719294138460132     
                   56  0.27500000000000002       -27.677175443873395     
                   57  0.28000000000000003       -27.651066152055261     
                   58  0.28500000000000003       -27.640481311383574     
                   59  0.28999999999999998       -27.645080909546586     
                   60  0.29499999999999998       -27.664659615855303     
                   61  0.29999999999999999       -27.699140370035273     
