   0.0000000000000000        1.0000000000000000     
   1.0000000000000000       0.95400000000000007     
   1.9540000000000002       0.91011600000000015     
   2.8641160000000001       0.96472296000000024     
   3.8288389600000006        1.0226063376000003     
   4.8514452976000007        1.0839627178560003     
   5.9354080154560007        1.1490004809273604     
   7.0844084963833609        1.2179405097830021     
   8.3023490061663630        1.2910169403699823     
   9.5933659465363448        1.3684779567921812     
   10.961843903328527        1.4505866341997122     
   12.412430537528239        1.5376218322516950     
   13.950052369779934        1.6298791421867969     
   15.579931511966731        1.7276718907180049     
   17.307603402684734        1.8313322041610853     
   19.138935606845820        1.9412121364107506     
   21.080147743256571        2.0576848645953958     
   23.137832607851966        2.1811459564711195     
   25.318978564323086        2.3120147138593867     
   27.630993278182473        2.4507355966909499     
   30.081728874873424        2.5977797324924068     
   32.679508607365833        2.7536465164419512     
   35.433155123807786        2.9188653074284683     
   38.352020431236255        3.0939972258741766     
   41.446017657110431        3.2796370594266273     
   44.725654716537058        3.4764152829922250     
   48.202069999529286        3.6850001999717588     
   51.887070199501046        3.9061002119700645     
   55.793170411471110        4.1404662246882689     
   59.933636636159378        3.5111153585356520     
   63.444751994695032        3.7217822800477913     
   67.166534274742830        3.7217822800477913     
   70.888316554790620        3.9450892168506591     
   74.833405771641281        4.1817945698616992     
   79.015200341502975        4.1817945698616992     
   83.196994911364669        4.4327022440534014     
   87.629697155418071        4.6986643786966056     
   92.328361534114677        4.9805842414184021     
   97.308945775533076        5.2794192959035060     
   102.58836507143658        5.5961844536577168     
   108.18454952509430        5.9319555208771799     
   114.11650504597148        5.9319555208771799     
   120.04846056684866        5.9319555208771799     
   125.98041608772584        6.2878728521298113     
   132.26828893985567        6.6651452232576007     
   138.93343416311328        7.0650539366530571     
   145.99848809976632        7.4889571728522411     
   153.48744527261857        7.9382946032233761     
   161.42573987584194        8.4145922794167785     
   169.84033215525872        8.9194678161817862     
   178.75979997144051        9.4546358851526939     
   188.21443585659321        8.0175312306094852     
   196.23196708720269        8.4985831044460554     
   204.73055019164875        8.4985831044460554     
   213.22913329609480        8.4985831044460554     
   221.72771640054086        8.4985831044460554     
   230.22629950498691        8.4985831044460554     
   238.72488260943297        8.4985831044460554     
   247.22346571387902        8.4985831044460554     
   255.72204881832508        9.0084980907128198     
   264.73054690903791        9.5490079761555897     
   274.27955488519348        9.5490079761555897     
   283.82856286134904        9.5490079761555897     
   293.37757083750461        10.121948454724926     
   303.49951929222954        10.121948454724926     
   313.62146774695447        10.121948454724926     
   323.74341620167939        10.729265362008421     
   334.47268156368784        11.373021283728928     
   345.84570284741676        12.055402560752665     
   357.90110540816943        12.778726714397825     
   370.67983212256723        13.545450317261695     
   384.22528243982890        14.358177336297397     
   398.58345977612629        15.219667976475241     
   413.80312775260154        15.219667976475241     
   429.02279572907679        15.219667976475241     
   444.24246370555204        15.219667976475241     
   459.46213168202729        16.132848055063757     
   475.59497973709102        16.132848055063757     
   491.72782779215476        10.325022755240806     
   502.05285054739556        10.944524120555254     
   512.99737466795079        10.944524120555254     
   523.94189878850602        11.601195567788571     
   535.54309435629455        12.297267301855886     
   547.84036165815041        13.035103339967240     
   560.87546499811765        13.817209540365274     
   574.69267453848295        14.646242112787192     
   589.33891665127010        15.525016639554424     
   604.86393329082455        16.456517637927689     
   621.32045092875228        16.456517637927689     
   637.77696856668001        17.443908696203351     
   655.22087726288339        18.490543217975553     
   673.71142048085892        18.490543217975553     
   692.20196369883445        19.599975811054087     
   711.80193950988848        20.775974359717331     
   732.57791386960582        20.775974359717331     
   753.35388822932316        20.775974359717331     
   774.12986258904050        20.775974359717331     
   794.90583694875784        20.775974359717331     
   815.68181130847518        22.022532821300373     
   837.70434412977556        22.022532821300373     
   859.72687695107595        17.618026257040299     
   877.34490320811619        17.618026257040299     
   894.96292946515655        18.675107832462718     
   913.63803729761923        19.795614302410481     
   933.43365160002975        20.983351160555110     
   954.41700276058486        20.983351160555110     
   975.40035392113998        22.242352230188416     
   997.64270615132841        23.576893363999723     
   1021.2195995153281        23.576893363999723     
   1044.7964928793278        23.576893363999723     
   1068.3733862433276        24.991506965839708     
   1093.3648932091673        26.490997383790091     
   1119.8558905929574        26.490997383790091     
   1146.3468879767474        26.490997383790091     
   1172.8378853605375        28.080457226817497     
   1200.9183425873550        28.080457226817497     
   1228.9987998141726        28.080457226817497     
   1257.0792570409901        29.765284660426548     
   1286.8445417014166        31.551201740052143     
   1318.3957434414688        33.444273844455275     
   1351.8400172859240        35.450930275122595     
   1387.2909475610466        37.577986091629953     
   1424.8689336526766        37.577986091629953     
   1462.4469197443066        37.577986091629953     
   1500.0249058359366        37.577986091629953     
   1537.6028919275666        39.832665257127751     
   1577.4355571846943        39.832665257127751     
   1617.2682224418220        42.222625172555418     
   1659.4908476143773        42.222625172555418     
   1701.7134727869327        44.755982682908744     
   1746.4694554698415        47.441341643883270     
   1793.9107971137248        47.441341643883270     
   1841.3521387576081        47.441341643883270     
   1888.7934804014915        50.287822142516269     
   1939.0813025440077        50.287822142516269     
   1989.3691246865239        50.287822142516269     
   2039.6569468290402        40.230257714013021     
   2079.8872045430530        42.644073176853801     
   2122.5312777199069        42.644073176853801     
   2165.1753508967608        42.644073176853801     
   2207.8194240736148        45.202717567465029     
   2253.0221416410800        45.202717567465029     
   2298.2248592085452        47.914880621512935     
   2346.1397398300583        47.914880621512935     
   2394.0546204515713        47.914880621512935     
   2441.9695010730843        50.789773458803715     
   2492.7592745318880        50.789773458803715     
   2543.5490479906916        50.789773458803715     
   2594.3388214494953        50.789773458803715     
   2645.1285949082990        53.837159866331938     
   2698.9657547746310        57.067389458311858     
   2756.0331442329430        60.491432825810570     
   2816.5245770587535        64.120918795359202     
   2880.6454958541126        67.968173923080755     
   2948.6136697771935        67.968173923080755     
   3016.5818437002745        67.968173923080755     
   3084.5500176233554        67.968173923080755     
   3152.5181915464364        67.968173923080755     
   3220.4863654695173        67.968173923080755     
   3288.4545393925982        67.968173923080755     
   3356.4227133156792        67.968173923080755     
   3424.3908872387601        67.968173923080755     
   3492.3590611618411        67.968173923080755     
   3560.3272350849220        67.968173923080755     
   3628.2954090080029        54.374539138464606     
   3682.6699481464675        57.637011486772487     
   3740.3069596332398        57.637011486772487     
   3797.9439711200121        61.095232175978836     
   3859.0392032959908        64.760946106537574     
   3923.8001494025284        68.646602872929833     
   3992.4467522754580        72.765399045305628     
   4065.2121513207635        72.765399045305628     
   4137.9775503660694        72.765399045305628     
   4210.7429494113749        72.765399045305628     
   4283.5083484566803        72.765399045305628     
   4356.2737475019858        72.765399045305628     
   4429.0391465472912        77.131322988023967     
   4506.1704695353155        77.131322988023967     
   4583.3017925233398        77.131322988023967     
   4660.4331155113641        77.131322988023967     
   4737.5644384993884        81.759202367305406     
   4819.3236408666935        81.759202367305406     
   4901.0828432339986        81.759202367305406     
   4982.8420456013037        86.664754509343737     
   5069.5068001106474        86.664754509343737     
   5156.1715546199912        91.864639779904365     
   5248.0361943998960        97.376518166698631     
   5345.4127125665946        97.376518166698631     
   5442.7892307332932        97.376518166698631     
   5540.1657488999917        97.376518166698631     
   5637.5422670666903        97.376518166698631     
   5734.9187852333889        97.376518166698631     
   5832.2953034000875        97.376518166698631     
   5929.6718215667861        97.376518166698631     
   6027.0483397334847        97.376518166698631     
   6124.4248579001833        97.376518166698631     
   6221.8013760668819        97.376518166698631     
   6319.1778942335804        97.376518166698631     
   6416.5544124002790        103.21910925670055     
   6519.7735216569799        103.21910925670055     
   6622.9926309136808        109.41225581210259     
   6732.4048867257834        109.41225581210259     
   6841.8171425378860        109.41225581210259     
   6951.2293983499885        109.41225581210259     
   7060.6416541620911        109.41225581210259     
   7170.0539099741936        109.41225581210259     
   7279.4661657862962        109.41225581210259     
   7388.8784215983987        109.41225581210259     
   7498.2906774105013        109.41225581210259     
   7607.7029332226039        109.41225581210259     
   7717.1151890347064        109.41225581210259     
   7826.5274448468090        109.41225581210259     
   7935.9397006589115        115.97699116082875     
   8051.9166918197407        122.93561063047848     
   8174.8523024502192        122.93561063047848     
   8297.7879130806978        130.31174726830719     
   8428.0996603490057        138.13045210440563     
   8566.2301124534115        138.13045210440563     
   8704.3605645578173        138.13045210440563     
   8842.4910166622230        138.13045210440563     
   8980.6214687666288        138.13045210440563     
   9118.7519208710346        138.13045210440563     
   9256.8823729754404        138.13045210440563     
   9395.0128250798462        138.13045210440563     
   9533.1432771842519        138.13045210440563     
   9671.2737292886577        138.13045210440563     
   9809.4041813930635        138.13045210440563     
   9947.5346334974693        138.13045210440563     
   10085.665085601875        146.41827923066998     
   10232.083364832544        155.20337598451019     
   10387.286740817055        155.20337598451019     
   10542.490116801566        155.20337598451019     
   10697.693492786077        155.20337598451019     
   10852.896868770587        155.20337598451019     
   11008.100244755098        155.20337598451019     
   11163.303620739609        155.20337598451019     
   11318.506996724120        155.20337598451019     
   11473.710372708631        155.20337598451019     
   11628.913748693141        155.20337598451019     
   11784.117124677652        164.51557854358080     
   11948.632703221232        164.51557854358080     
   12113.148281764812        174.38651325619566     
   12287.534795021007        174.38651325619566     
   12461.921308277202        174.38651325619566     
   12636.307821533397        139.50921060495654     
   12775.817032138353        147.87976324125393     
   12923.696795379607        147.87976324125393     
   13071.576558620860        147.87976324125393     
   13219.456321862113        147.87976324125393     
   13367.336085103367        147.87976324125393     
   13515.215848344620        147.87976324125393     
   13663.095611585873        156.75254903572917     
   13819.848160621603        166.15770197787293     
   13986.005862599475        176.12716409654533     
   14162.133026696021        176.12716409654533     
   14338.260190792567        176.12716409654533     
   14514.387354889113        176.12716409654533     
   14690.514518985659        176.12716409654533     
   14866.641683082205        176.12716409654533     
   15042.768847178751        176.12716409654533     
   15218.896011275297        176.12716409654533     
   15395.023175371844        176.12716409654533     
   15571.150339468390        176.12716409654533     
   15747.277503564936        176.12716409654533     
   15923.404667661482        186.69479394233807     
   16110.099461603821        197.89648157887837     
   16307.995943182699        197.89648157887837     
   16505.892424761576        197.89648157887837     
   16703.788906340455        197.89648157887837     
   16901.685387919333        197.89648157887837     
   17099.581869498212        197.89648157887837     
   17297.478351077090        200.00000000000000     
   17497.478351077090        200.00000000000000     
   17697.478351077090        200.00000000000000     
   17897.478351077090        200.00000000000000     
   18097.478351077090        200.00000000000000     
   18297.478351077090        200.00000000000000     
   18497.478351077090        200.00000000000000     
   18697.478351077090        200.00000000000000     
   18897.478351077090        200.00000000000000     
   19097.478351077090        200.00000000000000     
   19297.478351077090        200.00000000000000     
   19497.478351077090        200.00000000000000     
   19697.478351077090        200.00000000000000     
   19897.478351077090        200.00000000000000     
   20097.478351077090        200.00000000000000     
   20297.478351077090        200.00000000000000     
   20497.478351077090        200.00000000000000     
   20697.478351077090        200.00000000000000     
   20897.478351077090        200.00000000000000     
   21097.478351077090        200.00000000000000     
   21297.478351077090        200.00000000000000     
   21497.478351077090        200.00000000000000     
   21697.478351077090        200.00000000000000     
   21897.478351077090        200.00000000000000     
   22097.478351077090        200.00000000000000     
   22297.478351077090        200.00000000000000     
   22497.478351077090        200.00000000000000     
   22697.478351077090        200.00000000000000     
   22897.478351077090        200.00000000000000     
   23097.478351077090        200.00000000000000     
   23297.478351077090        200.00000000000000     
   23497.478351077090        200.00000000000000     
   23697.478351077090        200.00000000000000     
   23897.478351077090        200.00000000000000     
   24097.478351077090        200.00000000000000     
   24297.478351077090        200.00000000000000     
   24497.478351077090        200.00000000000000     
   24697.478351077090        200.00000000000000     
   24897.478351077090        200.00000000000000     
   25097.478351077090        200.00000000000000     
   25297.478351077090        200.00000000000000     
   25497.478351077090        200.00000000000000     
   25697.478351077090        200.00000000000000     
   25897.478351077090        200.00000000000000     
   26097.478351077090        200.00000000000000     
   26297.478351077090        200.00000000000000     
   26497.478351077090        200.00000000000000     
   26697.478351077090        200.00000000000000     
   26897.478351077090        200.00000000000000     
   27097.478351077090        200.00000000000000     
   27297.478351077090        200.00000000000000     
   27497.478351077090        200.00000000000000     
   27697.478351077090        200.00000000000000     
   27897.478351077090        200.00000000000000     
   28097.478351077090        200.00000000000000     
   28297.478351077090        200.00000000000000     
   28497.478351077090        200.00000000000000     
   28697.478351077090        200.00000000000000     
   28897.478351077090        200.00000000000000     
   29097.478351077090        200.00000000000000     
   29297.478351077090        200.00000000000000     
   29497.478351077090        200.00000000000000     
   29697.478351077090        200.00000000000000     
   29897.478351077090        200.00000000000000     
   30097.478351077090        200.00000000000000     
   30297.478351077090        200.00000000000000     
   30497.478351077090        200.00000000000000     
   30697.478351077090        200.00000000000000     
   30897.478351077090        200.00000000000000     
   31097.478351077090        200.00000000000000     
   31297.478351077090        200.00000000000000     
   31497.478351077090        200.00000000000000     
   31697.478351077090        200.00000000000000     
   31897.478351077090        200.00000000000000     
   32097.478351077090        200.00000000000000     
   32297.478351077090        200.00000000000000     
   32497.478351077090        200.00000000000000     
   32697.478351077090        200.00000000000000     
   32897.478351077094        200.00000000000000     
   33097.478351077094        200.00000000000000     
   33297.478351077094        200.00000000000000     
   33497.478351077094        200.00000000000000     
   33697.478351077094        200.00000000000000     
   33897.478351077094        200.00000000000000     
   34097.478351077094        200.00000000000000     
   34297.478351077094        200.00000000000000     
   34497.478351077094        200.00000000000000     
   34697.478351077094        200.00000000000000     
   34897.478351077094        200.00000000000000     
   35097.478351077094        200.00000000000000     
   35297.478351077094        200.00000000000000     
   35497.478351077094        200.00000000000000     
   35697.478351077094        200.00000000000000     
   35897.478351077094        200.00000000000000     
   36097.478351077094        200.00000000000000     
   36297.478351077094        200.00000000000000     
   36497.478351077094        200.00000000000000     
   36697.478351077094        200.00000000000000     
   36897.478351077094        200.00000000000000     
   37097.478351077094        200.00000000000000     
   37297.478351077094        200.00000000000000     
   37497.478351077094        200.00000000000000     
   37697.478351077094        200.00000000000000     
   37897.478351077094        200.00000000000000     
   38097.478351077094        200.00000000000000     
   38297.478351077094        200.00000000000000     
   38497.478351077094        200.00000000000000     
   38697.478351077094        200.00000000000000     
   38897.478351077094        200.00000000000000     
   39097.478351077094        200.00000000000000     
   39297.478351077094        200.00000000000000     
   39497.478351077094        200.00000000000000     
   39697.478351077094        200.00000000000000     
   39897.478351077094        200.00000000000000     
   40097.478351077094        200.00000000000000     
   40297.478351077094        200.00000000000000     
   40497.478351077094        200.00000000000000     
   40697.478351077094        200.00000000000000     
   40897.478351077094        200.00000000000000     
   41097.478351077094        200.00000000000000     
   41297.478351077094        200.00000000000000     
   41497.478351077094        200.00000000000000     
   41697.478351077094        200.00000000000000     
   41897.478351077094        200.00000000000000     
   42097.478351077094        200.00000000000000     
   42297.478351077094        200.00000000000000     
   42497.478351077094        200.00000000000000     
   42697.478351077094        200.00000000000000     
   42897.478351077094        200.00000000000000     
   43097.478351077094        200.00000000000000     
   43297.478351077094        200.00000000000000     
   43497.478351077094        200.00000000000000     
   43697.478351077094        200.00000000000000     
   43897.478351077094        200.00000000000000     
   44097.478351077094        200.00000000000000     
   44297.478351077094        200.00000000000000     
   44497.478351077094        200.00000000000000     
   44697.478351077094        200.00000000000000     
   44897.478351077094        200.00000000000000     
   45097.478351077094        200.00000000000000     
   45297.478351077094        200.00000000000000     
   45497.478351077094        200.00000000000000     
   45697.478351077094        200.00000000000000     
   45897.478351077094        200.00000000000000     
   46097.478351077094        200.00000000000000     
   46297.478351077094        200.00000000000000     
   46497.478351077094        200.00000000000000     
   46697.478351077094        200.00000000000000     
   46897.478351077094        200.00000000000000     
   47097.478351077094        200.00000000000000     
   47297.478351077094        200.00000000000000     
   47497.478351077094        200.00000000000000     
   47697.478351077094        200.00000000000000     
   47897.478351077094        200.00000000000000     
   48097.478351077094        200.00000000000000     
   48297.478351077094        200.00000000000000     
   48497.478351077094        200.00000000000000     
   48697.478351077094        200.00000000000000     
   48897.478351077094        200.00000000000000     
   49097.478351077094        200.00000000000000     
   49297.478351077094        200.00000000000000     
   49497.478351077094        200.00000000000000     
   49697.478351077094        200.00000000000000     
   49897.478351077094        200.00000000000000     
   50097.478351077094        200.00000000000000     
   50297.478351077094        200.00000000000000     
   50497.478351077094        200.00000000000000     
   50697.478351077094        200.00000000000000     
   50897.478351077094        200.00000000000000     
   51097.478351077094        200.00000000000000     
   51297.478351077094        200.00000000000000     
   51497.478351077094        200.00000000000000     
   51697.478351077094        200.00000000000000     
   51897.478351077094        200.00000000000000     
   52097.478351077094        200.00000000000000     
   52297.478351077094        200.00000000000000     
   52497.478351077094        200.00000000000000     
   52697.478351077094        200.00000000000000     
   52897.478351077094        200.00000000000000     
   53097.478351077094        200.00000000000000     
   53297.478351077094        200.00000000000000     
   53497.478351077094        200.00000000000000     
   53697.478351077094        200.00000000000000     
   53897.478351077094        200.00000000000000     
   54097.478351077094        200.00000000000000     
   54297.478351077094        200.00000000000000     
   54497.478351077094        200.00000000000000     
   54697.478351077094        200.00000000000000     
   54897.478351077094        200.00000000000000     
   55097.478351077094        200.00000000000000     
   55297.478351077094        200.00000000000000     
   55497.478351077094        200.00000000000000     
   55697.478351077094        200.00000000000000     
   55897.478351077094        200.00000000000000     
   56097.478351077094        160.00000000000000     
   56257.478351077094        169.60000000000002     
   56427.078351077093        169.60000000000002     
   56596.678351077091        179.77600000000004     
   56776.454351077089        190.56256000000005     
   56967.016911077088        200.00000000000000     
   57167.016911077088        200.00000000000000     
   57367.016911077088        200.00000000000000     
   57567.016911077088        200.00000000000000     
   57767.016911077088        200.00000000000000     
   57967.016911077088        200.00000000000000     
   58167.016911077088        200.00000000000000     
   58367.016911077088        200.00000000000000     
   58567.016911077088        200.00000000000000     
   58767.016911077088        200.00000000000000     
   58967.016911077088        200.00000000000000     
   59167.016911077088        200.00000000000000     
   59367.016911077088        200.00000000000000     
   59567.016911077088        200.00000000000000     
   59767.016911077088        200.00000000000000     
   59967.016911077088        200.00000000000000     
   60167.016911077088        200.00000000000000     
   60367.016911077088        200.00000000000000     
   60567.016911077088        200.00000000000000     
   60767.016911077088        200.00000000000000     
   60967.016911077088        200.00000000000000     
   61167.016911077088        200.00000000000000     
   61367.016911077088        200.00000000000000     
   61567.016911077088        200.00000000000000     
   61767.016911077088        200.00000000000000     
   61967.016911077088        200.00000000000000     
   62167.016911077088        200.00000000000000     
   62367.016911077088        200.00000000000000     
   62567.016911077088        200.00000000000000     
   62767.016911077088        200.00000000000000     
   62967.016911077088        200.00000000000000     
   63167.016911077088        200.00000000000000     
   63367.016911077088        200.00000000000000     
   63567.016911077088        200.00000000000000     
   63767.016911077088        200.00000000000000     
   63967.016911077088        200.00000000000000     
   64167.016911077088        200.00000000000000     
   64367.016911077088        200.00000000000000     
   64567.016911077088        200.00000000000000     
   64767.016911077088        200.00000000000000     
   64967.016911077088        200.00000000000000     
   65167.016911077088        200.00000000000000     
   65367.016911077088        200.00000000000000     
   65567.016911077080        200.00000000000000     
   65767.016911077080        200.00000000000000     
   65967.016911077080        200.00000000000000     
   66167.016911077080        200.00000000000000     
   66367.016911077080        200.00000000000000     
   66567.016911077080        200.00000000000000     
   66767.016911077080        200.00000000000000     
   66967.016911077080        160.00000000000000     
   67127.016911077080        169.60000000000002     
   67296.616911077086        169.60000000000002     
   67466.216911077092        179.77600000000004     
   67645.992911077090        190.56256000000005     
   67836.555471077096        200.00000000000000     
   68036.555471077096        200.00000000000000     
   68236.555471077096        200.00000000000000     
   68436.555471077096        200.00000000000000     
   68636.555471077096        200.00000000000000     
   68836.555471077096        200.00000000000000     
   69036.555471077096        200.00000000000000     
   69236.555471077096        200.00000000000000     
   69436.555471077096        200.00000000000000     
   69636.555471077096        200.00000000000000     
   69836.555471077096        200.00000000000000     
   70036.555471077096        200.00000000000000     
   70236.555471077096        200.00000000000000     
   70436.555471077096        200.00000000000000     
   70636.555471077096        200.00000000000000     
   70836.555471077096        200.00000000000000     
   71036.555471077096        200.00000000000000     
   71236.555471077096        200.00000000000000     
   71436.555471077096        200.00000000000000     
   71636.555471077096        200.00000000000000     
   71836.555471077096        200.00000000000000     
   72036.555471077096        200.00000000000000     
   72236.555471077096        200.00000000000000     
   72436.555471077096        200.00000000000000     
   72636.555471077096        200.00000000000000     
   72836.555471077096        200.00000000000000     
   73036.555471077096        200.00000000000000     
   73236.555471077096        200.00000000000000     
   73436.555471077096        200.00000000000000     
   73636.555471077096        200.00000000000000     
   73836.555471077096        200.00000000000000     
   74036.555471077096        200.00000000000000     
   74236.555471077096        200.00000000000000     
   74436.555471077096        200.00000000000000     
   74636.555471077096        200.00000000000000     
   74836.555471077096        200.00000000000000     
   75036.555471077096        200.00000000000000     
   75236.555471077096        200.00000000000000     
   75436.555471077096        200.00000000000000     
   75636.555471077096        200.00000000000000     
   75836.555471077096        200.00000000000000     
   76036.555471077096        200.00000000000000     
   76236.555471077096        200.00000000000000     
   76436.555471077096        200.00000000000000     
   76636.555471077096        200.00000000000000     
   76836.555471077096        200.00000000000000     
   77036.555471077096        200.00000000000000     
   77236.555471077096        200.00000000000000     
   77436.555471077096        200.00000000000000     
   77636.555471077096        200.00000000000000     
   77836.555471077096        200.00000000000000     
   78036.555471077096        200.00000000000000     
   78236.555471077096        200.00000000000000     
   78436.555471077096        200.00000000000000     
   78636.555471077096        200.00000000000000     
   78836.555471077096        200.00000000000000     
   79036.555471077096        200.00000000000000     
   79236.555471077096        200.00000000000000     
   79436.555471077096        200.00000000000000     
   79636.555471077096        200.00000000000000     
   79836.555471077096        200.00000000000000     
   80036.555471077096        200.00000000000000     
   80236.555471077096        200.00000000000000     
   80436.555471077096        200.00000000000000     
   80636.555471077096        200.00000000000000     
   80836.555471077096        200.00000000000000     
   81036.555471077096        200.00000000000000     
   81236.555471077096        200.00000000000000     
   81436.555471077096        200.00000000000000     
   81636.555471077096        200.00000000000000     
   81836.555471077096        200.00000000000000     
   82036.555471077096        200.00000000000000     
   82236.555471077096        200.00000000000000     
   82436.555471077096        200.00000000000000     
   82636.555471077096        200.00000000000000     
   82836.555471077096        200.00000000000000     
   83036.555471077096        200.00000000000000     
   83236.555471077096        200.00000000000000     
   83436.555471077096        200.00000000000000     
   83636.555471077096        200.00000000000000     
   83836.555471077096        200.00000000000000     
   84036.555471077096        200.00000000000000     
   84236.555471077096        200.00000000000000     
   84436.555471077096        200.00000000000000     
   84636.555471077096        200.00000000000000     
   84836.555471077096        200.00000000000000     
   85036.555471077096        200.00000000000000     
   85236.555471077096        200.00000000000000     
   85436.555471077096        200.00000000000000     
   85636.555471077096        200.00000000000000     
   85836.555471077096        200.00000000000000     
   86036.555471077096        200.00000000000000     
   86236.555471077096        200.00000000000000     
   86436.555471077096        200.00000000000000     
   86636.555471077096        200.00000000000000     
   86836.555471077096        200.00000000000000     
   87036.555471077096        200.00000000000000     
   87236.555471077096        200.00000000000000     
   87436.555471077096        200.00000000000000     
   87636.555471077096        200.00000000000000     
   87836.555471077096        200.00000000000000     
   88036.555471077096        200.00000000000000     
   88236.555471077096        200.00000000000000     
   88436.555471077096        200.00000000000000     
   88636.555471077096        200.00000000000000     
   88836.555471077096        200.00000000000000     
   89036.555471077096        200.00000000000000     
   89236.555471077096        200.00000000000000     
   89436.555471077096        200.00000000000000     
   89636.555471077096        200.00000000000000     
   89836.555471077096        200.00000000000000     
   90036.555471077096        200.00000000000000     
   90236.555471077096        200.00000000000000     
   90436.555471077096        200.00000000000000     
   90636.555471077096        200.00000000000000     
   90836.555471077096        200.00000000000000     
   91036.555471077096        200.00000000000000     
   91236.555471077096        200.00000000000000     
   91436.555471077096        200.00000000000000     
   91636.555471077096        200.00000000000000     
   91836.555471077096        200.00000000000000     
   92036.555471077096        200.00000000000000     
   92236.555471077096        200.00000000000000     
   92436.555471077096        200.00000000000000     
   92636.555471077096        200.00000000000000     
   92836.555471077096        200.00000000000000     
   93036.555471077096        200.00000000000000     
   93236.555471077096        200.00000000000000     
   93436.555471077096        200.00000000000000     
   93636.555471077096        200.00000000000000     
   93836.555471077096        200.00000000000000     
   94036.555471077096        200.00000000000000     
   94236.555471077096        200.00000000000000     
   94436.555471077096        200.00000000000000     
   94636.555471077096        200.00000000000000     
   94836.555471077096        200.00000000000000     
   95036.555471077096        200.00000000000000     
   95236.555471077096        200.00000000000000     
   95436.555471077096        200.00000000000000     
   95636.555471077096        200.00000000000000     
   95836.555471077096        200.00000000000000     
   96036.555471077096        200.00000000000000     
   96236.555471077096        200.00000000000000     
   96436.555471077096        200.00000000000000     
   96636.555471077096        200.00000000000000     
   96836.555471077096        200.00000000000000     
   97036.555471077096        200.00000000000000     
   97236.555471077096        200.00000000000000     
   97436.555471077096        200.00000000000000     
   97636.555471077096        200.00000000000000     
   97836.555471077096        200.00000000000000     
   98036.555471077096        200.00000000000000     
   98236.555471077096        200.00000000000000     
   98436.555471077096        200.00000000000000     
   98636.555471077096        200.00000000000000     
   98836.555471077096        200.00000000000000     
   99036.555471077096        200.00000000000000     
   99236.555471077096        200.00000000000000     
   99436.555471077096        200.00000000000000     
   99636.555471077096        200.00000000000000     
   99836.555471077096        200.00000000000000     
   100036.55547107710        200.00000000000000     
   100236.55547107710        200.00000000000000     
   100436.55547107710        200.00000000000000     
   100636.55547107710        200.00000000000000     
   100836.55547107710        200.00000000000000     
   101036.55547107710        200.00000000000000     
   101236.55547107710        200.00000000000000     
   101436.55547107710        200.00000000000000     
   101636.55547107710        200.00000000000000     
   101836.55547107710        200.00000000000000     
   102036.55547107710        200.00000000000000     
   102236.55547107710        200.00000000000000     
   102436.55547107710        200.00000000000000     
   102636.55547107710        200.00000000000000     
   102836.55547107710        200.00000000000000     
   103036.55547107710        200.00000000000000     
   103236.55547107710        200.00000000000000     
   103436.55547107710        200.00000000000000     
   103636.55547107710        200.00000000000000     
   103836.55547107710        200.00000000000000     
   104036.55547107710        200.00000000000000     
   104236.55547107710        200.00000000000000     
   104436.55547107710        200.00000000000000     
   104636.55547107710        200.00000000000000     
   104836.55547107710        200.00000000000000     
   105036.55547107710        200.00000000000000     
   105236.55547107710        200.00000000000000     
   105436.55547107710        200.00000000000000     
   105636.55547107710        200.00000000000000     
   105836.55547107710        200.00000000000000     
   106036.55547107710        200.00000000000000     
   106236.55547107710        200.00000000000000     
   106436.55547107710        200.00000000000000     
   106636.55547107710        200.00000000000000     
   106836.55547107710        200.00000000000000     
   107036.55547107710        200.00000000000000     
   107236.55547107710        200.00000000000000     
   107436.55547107710        200.00000000000000     
   107636.55547107710        200.00000000000000     
   107836.55547107710        200.00000000000000     
   108036.55547107710        200.00000000000000     
   108236.55547107710        200.00000000000000     
   108436.55547107710        200.00000000000000     
   108636.55547107710        200.00000000000000     
   108836.55547107710        200.00000000000000     
   109036.55547107710        200.00000000000000     
   109236.55547107710        200.00000000000000     
   109436.55547107710        200.00000000000000     
   109636.55547107710        200.00000000000000     
   109836.55547107710        200.00000000000000     
   110036.55547107710        200.00000000000000     
   110236.55547107710        200.00000000000000     
   110436.55547107710        200.00000000000000     
   110636.55547107710        200.00000000000000     
   110836.55547107710        200.00000000000000     
   111036.55547107710        200.00000000000000     
   111236.55547107710        200.00000000000000     
   111436.55547107710        200.00000000000000     
   111636.55547107710        200.00000000000000     
   111836.55547107710        200.00000000000000     
   112036.55547107710        200.00000000000000     
   112236.55547107710        200.00000000000000     
   112436.55547107710        200.00000000000000     
   112636.55547107710        200.00000000000000     
   112836.55547107710        200.00000000000000     
   113036.55547107710        200.00000000000000     
   113236.55547107710        200.00000000000000     
   113436.55547107710        200.00000000000000     
   113636.55547107710        200.00000000000000     
   113836.55547107710        200.00000000000000     
   114036.55547107710        200.00000000000000     
   114236.55547107710        200.00000000000000     
   114436.55547107710        200.00000000000000     
   114636.55547107710        200.00000000000000     
   114836.55547107710        200.00000000000000     
   115036.55547107710        200.00000000000000     
   115236.55547107710        200.00000000000000     
   115436.55547107710        200.00000000000000     
   115636.55547107710        200.00000000000000     
   115836.55547107710        200.00000000000000     
   116036.55547107710        200.00000000000000     
   116236.55547107710        200.00000000000000     
   116436.55547107710        200.00000000000000     
   116636.55547107710        200.00000000000000     
   116836.55547107710        200.00000000000000     
   117036.55547107710        200.00000000000000     
   117236.55547107710        200.00000000000000     
   117436.55547107710        200.00000000000000     
   117636.55547107710        200.00000000000000     
   117836.55547107710        200.00000000000000     
   118036.55547107710        200.00000000000000     
   118236.55547107710        200.00000000000000     
   118436.55547107710        200.00000000000000     
   118636.55547107710        200.00000000000000     
   118836.55547107710        200.00000000000000     
   119036.55547107710        200.00000000000000     
   119236.55547107710        200.00000000000000     
   119436.55547107710        200.00000000000000     
   119636.55547107710        200.00000000000000     
   119836.55547107710        200.00000000000000     
   120036.55547107710        200.00000000000000     
   120236.55547107710        200.00000000000000     
   120436.55547107710        200.00000000000000     
   120636.55547107710        200.00000000000000     
   120836.55547107710        200.00000000000000     
   121036.55547107710        200.00000000000000     
   121236.55547107710        200.00000000000000     
   121436.55547107710        200.00000000000000     
   121636.55547107710        200.00000000000000     
   121836.55547107710        200.00000000000000     
   122036.55547107710        200.00000000000000     
   122236.55547107710        200.00000000000000     
   122436.55547107710        200.00000000000000     
   122636.55547107710        200.00000000000000     
   122836.55547107710        200.00000000000000     
   123036.55547107710        200.00000000000000     
   123236.55547107710        200.00000000000000     
   123436.55547107710        200.00000000000000     
   123636.55547107710        200.00000000000000     
   123836.55547107710        200.00000000000000     
   124036.55547107710        200.00000000000000     
   124236.55547107710        200.00000000000000     
   124436.55547107710        200.00000000000000     
   124636.55547107710        200.00000000000000     
   124836.55547107710        200.00000000000000     
   125036.55547107710        200.00000000000000     
   125236.55547107710        200.00000000000000     
   125436.55547107710        200.00000000000000     
   125636.55547107710        200.00000000000000     
   125836.55547107710        200.00000000000000     
   126036.55547107710        200.00000000000000     
   126236.55547107710        200.00000000000000     
   126436.55547107710        200.00000000000000     
   126636.55547107710        200.00000000000000     
   126836.55547107710        200.00000000000000     
   127036.55547107710        200.00000000000000     
   127236.55547107710        200.00000000000000     
   127436.55547107710        200.00000000000000     
   127636.55547107710        200.00000000000000     
   127836.55547107710        200.00000000000000     
   128036.55547107710        200.00000000000000     
   128236.55547107710        200.00000000000000     
   128436.55547107710        200.00000000000000     
   128636.55547107710        200.00000000000000     
   128836.55547107710        200.00000000000000     
   129036.55547107710        200.00000000000000     
   129236.55547107710        200.00000000000000     
   129436.55547107710        200.00000000000000     
   129636.55547107710        200.00000000000000     
   129836.55547107710        200.00000000000000     
   130036.55547107710        200.00000000000000     
   130236.55547107710        200.00000000000000     
   130436.55547107710        200.00000000000000     
   130636.55547107710        200.00000000000000     
   130836.55547107710        200.00000000000000     
   131036.55547107710        200.00000000000000     
   131236.55547107710        200.00000000000000     
   131436.55547107710        200.00000000000000     
   131636.55547107710        200.00000000000000     
   131836.55547107710        200.00000000000000     
   132036.55547107710        200.00000000000000     
   132236.55547107710        200.00000000000000     
   132436.55547107710        200.00000000000000     
   132636.55547107710        200.00000000000000     
   132836.55547107710        200.00000000000000     
   133036.55547107710        200.00000000000000     
   133236.55547107710        200.00000000000000     
   133436.55547107710        200.00000000000000     
   133636.55547107710        200.00000000000000     
   133836.55547107710        200.00000000000000     
   134036.55547107710        200.00000000000000     
   134236.55547107710        200.00000000000000     
   134436.55547107710        200.00000000000000     
   134636.55547107710        200.00000000000000     
   134836.55547107710        200.00000000000000     
   135036.55547107710        200.00000000000000     
   135236.55547107710        200.00000000000000     
   135436.55547107710        200.00000000000000     
   135636.55547107710        200.00000000000000     
   135836.55547107710        200.00000000000000     
   136036.55547107710        200.00000000000000     
   136236.55547107710        200.00000000000000     
   136436.55547107710        200.00000000000000     
   136636.55547107710        200.00000000000000     
   136836.55547107710        200.00000000000000     
   137036.55547107710        200.00000000000000     
   137236.55547107710        200.00000000000000     
   137436.55547107710        200.00000000000000     
   137636.55547107710        200.00000000000000     
   137836.55547107710        200.00000000000000     
   138036.55547107710        200.00000000000000     
   138236.55547107710        200.00000000000000     
   138436.55547107710        200.00000000000000     
   138636.55547107710        200.00000000000000     
   138836.55547107710        200.00000000000000     
   139036.55547107710        200.00000000000000     
   139236.55547107710        200.00000000000000     
   139436.55547107710        200.00000000000000     
   139636.55547107710        200.00000000000000     
   139836.55547107710        200.00000000000000     
   140036.55547107710        200.00000000000000     
   140236.55547107710        200.00000000000000     
   140436.55547107710        200.00000000000000     
   140636.55547107710        200.00000000000000     
   140836.55547107710        200.00000000000000     
   141036.55547107710        200.00000000000000     
   141236.55547107710        200.00000000000000     
   141436.55547107710        200.00000000000000     
   141636.55547107710        200.00000000000000     
   141836.55547107710        200.00000000000000     
   142036.55547107710        200.00000000000000     
   142236.55547107710        200.00000000000000     
   142436.55547107710        200.00000000000000     
   142636.55547107710        200.00000000000000     
   142836.55547107710        200.00000000000000     
   143036.55547107710        200.00000000000000     
   143236.55547107710        200.00000000000000     
   143436.55547107710        200.00000000000000     
   143636.55547107710        200.00000000000000     
   143836.55547107710        200.00000000000000     
   144036.55547107710        200.00000000000000     
   144236.55547107710        200.00000000000000     
   144436.55547107710        200.00000000000000     
   144636.55547107710        200.00000000000000     
   144836.55547107710        200.00000000000000     
   145036.55547107710        200.00000000000000     
   145236.55547107710        200.00000000000000     
   145436.55547107710        200.00000000000000     
   145636.55547107710        200.00000000000000     
   145836.55547107710        200.00000000000000     
   146036.55547107710        200.00000000000000     
   146236.55547107710        200.00000000000000     
   146436.55547107710        200.00000000000000     
   146636.55547107710        200.00000000000000     
   146836.55547107710        200.00000000000000     
   147036.55547107710        200.00000000000000     
   147236.55547107710        200.00000000000000     
   147436.55547107710        200.00000000000000     
   147636.55547107710        200.00000000000000     
   147836.55547107710        200.00000000000000     
   148036.55547107710        200.00000000000000     
   148236.55547107710        200.00000000000000     
   148436.55547107710        200.00000000000000     
   148636.55547107710        200.00000000000000     
   148836.55547107710        200.00000000000000     
   149036.55547107710        200.00000000000000     
   149236.55547107710        200.00000000000000     
   149436.55547107710        200.00000000000000     
   149636.55547107710        200.00000000000000     
   149836.55547107710        200.00000000000000     
   150036.55547107710        200.00000000000000     
   150236.55547107710        200.00000000000000     
   150436.55547107710        200.00000000000000     
   150636.55547107710        200.00000000000000     
   150836.55547107710        200.00000000000000     
   151036.55547107710        200.00000000000000     
   151236.55547107710        200.00000000000000     
   151436.55547107710        200.00000000000000     
   151636.55547107710        200.00000000000000     
   151836.55547107710        200.00000000000000     
   152036.55547107710        200.00000000000000     
   152236.55547107710        200.00000000000000     
   152436.55547107710        200.00000000000000     
   152636.55547107710        200.00000000000000     
   152836.55547107710        200.00000000000000     
   153036.55547107710        200.00000000000000     
   153236.55547107710        200.00000000000000     
   153436.55547107710        200.00000000000000     
   153636.55547107710        200.00000000000000     
   153836.55547107710        200.00000000000000     
   154036.55547107710        200.00000000000000     
   154236.55547107710        200.00000000000000     
   154436.55547107710        200.00000000000000     
   154636.55547107710        200.00000000000000     
   154836.55547107710        200.00000000000000     
   155036.55547107710        200.00000000000000     
   155236.55547107710        200.00000000000000     
   155436.55547107710        200.00000000000000     
   155636.55547107710        200.00000000000000     
   155836.55547107710        200.00000000000000     
   156036.55547107710        200.00000000000000     
   156236.55547107710        200.00000000000000     
   156436.55547107710        200.00000000000000     
   156636.55547107710        200.00000000000000     
   156836.55547107710        200.00000000000000     
   157036.55547107710        200.00000000000000     
   157236.55547107710        200.00000000000000     
   157436.55547107710        200.00000000000000     
   157636.55547107710        200.00000000000000     
   157836.55547107710        200.00000000000000     
   158036.55547107710        200.00000000000000     
   158236.55547107710        200.00000000000000     
   158436.55547107710        200.00000000000000     
   158636.55547107710        200.00000000000000     
   158836.55547107710        200.00000000000000     
   159036.55547107710        200.00000000000000     
   159236.55547107710        200.00000000000000     
   159436.55547107710        200.00000000000000     
   159636.55547107710        200.00000000000000     
   159836.55547107710        200.00000000000000     
   160036.55547107710        200.00000000000000     
   160236.55547107710        200.00000000000000     
   160436.55547107710        200.00000000000000     
   160636.55547107710        200.00000000000000     
   160836.55547107710        200.00000000000000     
   161036.55547107710        200.00000000000000     
   161236.55547107710        200.00000000000000     
   161436.55547107710        200.00000000000000     
   161636.55547107710        200.00000000000000     
   161836.55547107710        200.00000000000000     
   162036.55547107710        200.00000000000000     
   162236.55547107710        200.00000000000000     
   162436.55547107710        200.00000000000000     
   162636.55547107710        200.00000000000000     
   162836.55547107710        200.00000000000000     
   163036.55547107710        200.00000000000000     
   163236.55547107710        200.00000000000000     
   163436.55547107710        200.00000000000000     
   163636.55547107710        200.00000000000000     
   163836.55547107710        200.00000000000000     
   164036.55547107710        200.00000000000000     
   164236.55547107710        200.00000000000000     
   164436.55547107710        200.00000000000000     
   164636.55547107710        200.00000000000000     
   164836.55547107710        200.00000000000000     
   165036.55547107710        200.00000000000000     
   165236.55547107710        200.00000000000000     
   165436.55547107710        200.00000000000000     
   165636.55547107710        200.00000000000000     
   165836.55547107710        200.00000000000000     
   166036.55547107710        200.00000000000000     
   166236.55547107710        200.00000000000000     
   166436.55547107710        200.00000000000000     
   166636.55547107710        200.00000000000000     
   166836.55547107710        200.00000000000000     
   167036.55547107710        200.00000000000000     
   167236.55547107710        200.00000000000000     
   167436.55547107710        200.00000000000000     
   167636.55547107710        200.00000000000000     
   167836.55547107710        200.00000000000000     
   168036.55547107710        200.00000000000000     
   168236.55547107710        200.00000000000000     
   168436.55547107710        200.00000000000000     
   168636.55547107710        200.00000000000000     
   168836.55547107710        200.00000000000000     
   169036.55547107710        200.00000000000000     
   169236.55547107710        200.00000000000000     
   169436.55547107710        200.00000000000000     
   169636.55547107710        200.00000000000000     
   169836.55547107710        200.00000000000000     
   170036.55547107710        200.00000000000000     
   170236.55547107710        200.00000000000000     
   170436.55547107710        200.00000000000000     
   170636.55547107710        200.00000000000000     
   170836.55547107710        200.00000000000000     
   171036.55547107710        200.00000000000000     
   171236.55547107710        200.00000000000000     
   171436.55547107710        200.00000000000000     
   171636.55547107710        200.00000000000000     
   171836.55547107710        200.00000000000000     
   172036.55547107710        200.00000000000000     
   172236.55547107710        200.00000000000000     
   172436.55547107710        200.00000000000000     
   172636.55547107710        200.00000000000000     
   172836.55547107710        200.00000000000000     
   173036.55547107710        200.00000000000000     
   173236.55547107710        200.00000000000000     
   173436.55547107710        200.00000000000000     
   173636.55547107710        200.00000000000000     
   173836.55547107710        200.00000000000000     
   174036.55547107710        200.00000000000000     
   174236.55547107710        200.00000000000000     
   174436.55547107710        200.00000000000000     
   174636.55547107710        200.00000000000000     
   174836.55547107710        200.00000000000000     
   175036.55547107710        200.00000000000000     
   175236.55547107710        200.00000000000000     
   175436.55547107710        200.00000000000000     
   175636.55547107710        200.00000000000000     
   175836.55547107710        200.00000000000000     
   176036.55547107710        200.00000000000000     
   176236.55547107710        200.00000000000000     
   176436.55547107710        200.00000000000000     
   176636.55547107710        200.00000000000000     
   176836.55547107710        200.00000000000000     
   177036.55547107710        200.00000000000000     
   177236.55547107710        200.00000000000000     
   177436.55547107710        200.00000000000000     
   177636.55547107710        200.00000000000000     
   177836.55547107710        200.00000000000000     
   178036.55547107710        200.00000000000000     
   178236.55547107710        200.00000000000000     
   178436.55547107710        200.00000000000000     
   178636.55547107710        200.00000000000000     
   178836.55547107710        200.00000000000000     
   179036.55547107710        200.00000000000000     
   179236.55547107710        200.00000000000000     
   179436.55547107710        200.00000000000000     
   179636.55547107710        200.00000000000000     
   179836.55547107710        200.00000000000000     
   180036.55547107710        200.00000000000000     
   180236.55547107710        200.00000000000000     
   180436.55547107710        200.00000000000000     
   180636.55547107710        200.00000000000000     
   180836.55547107710        200.00000000000000     
   181036.55547107710        200.00000000000000     
   181236.55547107710        200.00000000000000     
   181436.55547107710        200.00000000000000     
   181636.55547107710        200.00000000000000     
   181836.55547107710        200.00000000000000     
   182036.55547107710        200.00000000000000     
   182236.55547107710        200.00000000000000     
   182436.55547107710        200.00000000000000     
   182636.55547107710        200.00000000000000     
   182836.55547107710        200.00000000000000     
   183036.55547107710        200.00000000000000     
   183236.55547107710        200.00000000000000     
   183436.55547107710        200.00000000000000     
   183636.55547107710        200.00000000000000     
   183836.55547107710        200.00000000000000     
   184036.55547107710        200.00000000000000     
   184236.55547107710        200.00000000000000     
   184436.55547107710        200.00000000000000     
   184636.55547107710        200.00000000000000     
   184836.55547107710        200.00000000000000     
   185036.55547107710        200.00000000000000     
   185236.55547107710        200.00000000000000     
   185436.55547107710        200.00000000000000     
   185636.55547107710        200.00000000000000     
   185836.55547107710        200.00000000000000     
   186036.55547107710        200.00000000000000     
   186236.55547107710        200.00000000000000     
   186436.55547107710        200.00000000000000     
   186636.55547107710        200.00000000000000     
   186836.55547107710        200.00000000000000     
   187036.55547107710        200.00000000000000     
   187236.55547107710        200.00000000000000     
   187436.55547107710        200.00000000000000     
   187636.55547107710        200.00000000000000     
   187836.55547107710        200.00000000000000     
   188036.55547107710        200.00000000000000     
   188236.55547107710        200.00000000000000     
   188436.55547107710        200.00000000000000     
   188636.55547107710        200.00000000000000     
   188836.55547107710        200.00000000000000     
   189036.55547107710        200.00000000000000     
   189236.55547107710        200.00000000000000     
   189436.55547107710        200.00000000000000     
   189636.55547107710        200.00000000000000     
   189836.55547107710        200.00000000000000     
   190036.55547107710        200.00000000000000     
   190236.55547107710        200.00000000000000     
   190436.55547107710        200.00000000000000     
   190636.55547107710        200.00000000000000     
   190836.55547107710        200.00000000000000     
   191036.55547107710        200.00000000000000     
   191236.55547107710        200.00000000000000     
   191436.55547107710        200.00000000000000     
   191636.55547107710        200.00000000000000     
   191836.55547107710        200.00000000000000     
   192036.55547107710        200.00000000000000     
   192236.55547107710        200.00000000000000     
   192436.55547107710        200.00000000000000     
   192636.55547107710        200.00000000000000     
   192836.55547107710        200.00000000000000     
   193036.55547107710        200.00000000000000     
   193236.55547107710        200.00000000000000     
   193436.55547107710        200.00000000000000     
   193636.55547107710        200.00000000000000     
   193836.55547107710        200.00000000000000     
   194036.55547107710        200.00000000000000     
   194236.55547107710        200.00000000000000     
   194436.55547107710        200.00000000000000     
   194636.55547107710        200.00000000000000     
   194836.55547107710        200.00000000000000     
   195036.55547107710        200.00000000000000     
   195236.55547107710        200.00000000000000     
   195436.55547107710        200.00000000000000     
   195636.55547107710        200.00000000000000     
   195836.55547107710        200.00000000000000     
   196036.55547107710        200.00000000000000     
   196236.55547107710        200.00000000000000     
   196436.55547107710        200.00000000000000     
   196636.55547107710        200.00000000000000     
   196836.55547107710        200.00000000000000     
   197036.55547107710        200.00000000000000     
   197236.55547107710        200.00000000000000     
   197436.55547107710        200.00000000000000     
   197636.55547107710        200.00000000000000     
   197836.55547107710        200.00000000000000     
   198036.55547107710        200.00000000000000     
   198236.55547107710        200.00000000000000     
   198436.55547107710        200.00000000000000     
   198636.55547107710        200.00000000000000     
   198836.55547107710        200.00000000000000     
   199036.55547107710        200.00000000000000     
   199236.55547107710        200.00000000000000     
   199436.55547107710        200.00000000000000     
   199636.55547107710        200.00000000000000     
   199836.55547107710        200.00000000000000     
   200036.55547107710        200.00000000000000     
   200236.55547107710        200.00000000000000     
   200436.55547107710        200.00000000000000     
   200636.55547107710        200.00000000000000     
   200836.55547107710        200.00000000000000     
   201036.55547107710        200.00000000000000     
   201236.55547107710        200.00000000000000     
   201436.55547107710        200.00000000000000     
   201636.55547107710        200.00000000000000     
   201836.55547107710        200.00000000000000     
   202036.55547107710        200.00000000000000     
   202236.55547107710        200.00000000000000     
   202436.55547107710        200.00000000000000     
   202636.55547107710        200.00000000000000     
   202836.55547107710        200.00000000000000     
   203036.55547107710        200.00000000000000     
   203236.55547107710        200.00000000000000     
   203436.55547107710        200.00000000000000     
   203636.55547107710        200.00000000000000     
   203836.55547107710        200.00000000000000     
   204036.55547107710        200.00000000000000     
   204236.55547107710        200.00000000000000     
   204436.55547107710        200.00000000000000     
   204636.55547107710        200.00000000000000     
   204836.55547107710        200.00000000000000     
   205036.55547107710        200.00000000000000     
   205236.55547107710        200.00000000000000     
   205436.55547107710        200.00000000000000     
   205636.55547107710        200.00000000000000     
   205836.55547107710        200.00000000000000     
   206036.55547107710        200.00000000000000     
   206236.55547107710        200.00000000000000     
   206436.55547107710        200.00000000000000     
   206636.55547107710        200.00000000000000     
   206836.55547107710        200.00000000000000     
   207036.55547107710        200.00000000000000     
   207236.55547107710        200.00000000000000     
   207436.55547107710        200.00000000000000     
   207636.55547107710        200.00000000000000     
   207836.55547107710        200.00000000000000     
   208036.55547107710        200.00000000000000     
   208236.55547107710        200.00000000000000     
   208436.55547107710        200.00000000000000     
   208636.55547107710        200.00000000000000     
   208836.55547107710        200.00000000000000     
   209036.55547107710        200.00000000000000     
   209236.55547107710        200.00000000000000     
   209436.55547107710        200.00000000000000     
   209636.55547107710        200.00000000000000     
   209836.55547107710        200.00000000000000     
   210036.55547107710        200.00000000000000     
   210236.55547107710        200.00000000000000     
   210436.55547107710        200.00000000000000     
   210636.55547107710        200.00000000000000     
   210836.55547107710        200.00000000000000     
   211036.55547107710        200.00000000000000     
   211236.55547107710        200.00000000000000     
   211436.55547107710        200.00000000000000     
   211636.55547107710        200.00000000000000     
   211836.55547107710        200.00000000000000     
   212036.55547107710        200.00000000000000     
   212236.55547107710        200.00000000000000     
   212436.55547107710        200.00000000000000     
   212636.55547107710        200.00000000000000     
   212836.55547107710        200.00000000000000     
   213036.55547107710        200.00000000000000     
   213236.55547107710        200.00000000000000     
   213436.55547107710        200.00000000000000     
   213636.55547107710        200.00000000000000     
   213836.55547107710        200.00000000000000     
   214036.55547107710        200.00000000000000     
   214236.55547107710        200.00000000000000     
   214436.55547107710        200.00000000000000     
   214636.55547107710        200.00000000000000     
   214836.55547107710        200.00000000000000     
   215036.55547107710        200.00000000000000     
   215236.55547107710        200.00000000000000     
   215436.55547107710        200.00000000000000     
   215636.55547107710        200.00000000000000     
   215836.55547107710        200.00000000000000     
   216036.55547107710        200.00000000000000     
   216236.55547107710        200.00000000000000     
   216436.55547107710        200.00000000000000     
   216636.55547107710        200.00000000000000     
   216836.55547107710        200.00000000000000     
   217036.55547107710        200.00000000000000     
   217236.55547107710        200.00000000000000     
   217436.55547107710        200.00000000000000     
   217636.55547107710        200.00000000000000     
   217836.55547107710        200.00000000000000     
   218036.55547107710        200.00000000000000     
   218236.55547107710        200.00000000000000     
   218436.55547107710        200.00000000000000     
   218636.55547107710        200.00000000000000     
   218836.55547107710        200.00000000000000     
   219036.55547107710        200.00000000000000     
   219236.55547107710        200.00000000000000     
   219436.55547107710        200.00000000000000     
   219636.55547107710        200.00000000000000     
   219836.55547107710        200.00000000000000     
   220036.55547107710        200.00000000000000     
   220236.55547107710        200.00000000000000     
   220436.55547107710        200.00000000000000     
   220636.55547107710        200.00000000000000     
   220836.55547107710        200.00000000000000     
   221036.55547107710        200.00000000000000     
   221236.55547107710        200.00000000000000     
   221436.55547107710        200.00000000000000     
   221636.55547107710        200.00000000000000     
   221836.55547107710        200.00000000000000     
   222036.55547107710        200.00000000000000     
   222236.55547107710        200.00000000000000     
   222436.55547107710        200.00000000000000     
   222636.55547107710        200.00000000000000     
   222836.55547107710        200.00000000000000     
   223036.55547107710        200.00000000000000     
   223236.55547107710        200.00000000000000     
   223436.55547107710        200.00000000000000     
   223636.55547107710        200.00000000000000     
   223836.55547107710        200.00000000000000     
   224036.55547107710        200.00000000000000     
   224236.55547107710        200.00000000000000     
   224436.55547107710        200.00000000000000     
   224636.55547107710        200.00000000000000     
   224836.55547107710        200.00000000000000     
   225036.55547107710        200.00000000000000     
   225236.55547107710        200.00000000000000     
   225436.55547107710        200.00000000000000     
   225636.55547107710        200.00000000000000     
   225836.55547107710        200.00000000000000     
   226036.55547107710        200.00000000000000     
   226236.55547107710        200.00000000000000     
   226436.55547107710        200.00000000000000     
   226636.55547107710        200.00000000000000     
   226836.55547107710        200.00000000000000     
   227036.55547107710        200.00000000000000     
   227236.55547107710        200.00000000000000     
   227436.55547107710        200.00000000000000     
   227636.55547107710        200.00000000000000     
   227836.55547107710        200.00000000000000     
   228036.55547107710        200.00000000000000     
   228236.55547107710        200.00000000000000     
   228436.55547107710        200.00000000000000     
   228636.55547107710        200.00000000000000     
   228836.55547107710        200.00000000000000     
   229036.55547107710        200.00000000000000     
   229236.55547107710        200.00000000000000     
   229436.55547107710        200.00000000000000     
   229636.55547107710        200.00000000000000     
   229836.55547107710        200.00000000000000     
   230036.55547107710        200.00000000000000     
   230236.55547107710        200.00000000000000     
   230436.55547107710        200.00000000000000     
   230636.55547107710        200.00000000000000     
   230836.55547107710        200.00000000000000     
   231036.55547107710        200.00000000000000     
   231236.55547107710        200.00000000000000     
   231436.55547107710        200.00000000000000     
   231636.55547107710        200.00000000000000     
   231836.55547107710        200.00000000000000     
   232036.55547107710        200.00000000000000     
   232236.55547107710        200.00000000000000     
   232436.55547107710        200.00000000000000     
   232636.55547107710        200.00000000000000     
   232836.55547107710        200.00000000000000     
   233036.55547107710        200.00000000000000     
   233236.55547107710        200.00000000000000     
   233436.55547107710        200.00000000000000     
   233636.55547107710        200.00000000000000     
   233836.55547107710        200.00000000000000     
   234036.55547107710        200.00000000000000     
   234236.55547107710        200.00000000000000     
   234436.55547107710        200.00000000000000     
   234636.55547107710        200.00000000000000     
   234836.55547107710        200.00000000000000     
   235036.55547107710        200.00000000000000     
   235236.55547107710        200.00000000000000     
   235436.55547107710        200.00000000000000     
   235636.55547107710        200.00000000000000     
   235836.55547107710        200.00000000000000     
   236036.55547107710        200.00000000000000     
   236236.55547107710        200.00000000000000     
   236436.55547107710        200.00000000000000     
   236636.55547107710        200.00000000000000     
   236836.55547107710        200.00000000000000     
   237036.55547107710        200.00000000000000     
   237236.55547107710        200.00000000000000     
   237436.55547107710        200.00000000000000     
   237636.55547107710        200.00000000000000     
   237836.55547107710        200.00000000000000     
   238036.55547107710        200.00000000000000     
   238236.55547107710        200.00000000000000     
   238436.55547107710        200.00000000000000     
   238636.55547107710        200.00000000000000     
   238836.55547107710        200.00000000000000     
   239036.55547107710        200.00000000000000     
   239236.55547107710        200.00000000000000     
   239436.55547107710        200.00000000000000     
   239636.55547107710        200.00000000000000     
   239836.55547107710        200.00000000000000     
   240036.55547107710        200.00000000000000     
   240236.55547107710        200.00000000000000     
   240436.55547107710        200.00000000000000     
   240636.55547107710        200.00000000000000     
   240836.55547107710        200.00000000000000     
   241036.55547107710        200.00000000000000     
   241236.55547107710        200.00000000000000     
   241436.55547107710        200.00000000000000     
   241636.55547107710        200.00000000000000     
   241836.55547107710        200.00000000000000     
   242036.55547107710        200.00000000000000     
   242236.55547107710        200.00000000000000     
   242436.55547107710        200.00000000000000     
   242636.55547107710        200.00000000000000     
   242836.55547107710        200.00000000000000     
   243036.55547107710        200.00000000000000     
   243236.55547107710        200.00000000000000     
   243436.55547107710        200.00000000000000     
   243636.55547107710        200.00000000000000     
   243836.55547107710        200.00000000000000     
   244036.55547107710        200.00000000000000     
   244236.55547107710        200.00000000000000     
   244436.55547107710        200.00000000000000     
   244636.55547107710        200.00000000000000     
   244836.55547107710        200.00000000000000     
   245036.55547107710        200.00000000000000     
   245236.55547107710        200.00000000000000     
   245436.55547107710        200.00000000000000     
   245636.55547107710        200.00000000000000     
   245836.55547107710        200.00000000000000     
   246036.55547107710        200.00000000000000     
   246236.55547107710        200.00000000000000     
   246436.55547107710        200.00000000000000     
   246636.55547107710        200.00000000000000     
   246836.55547107710        200.00000000000000     
   247036.55547107710        200.00000000000000     
   247236.55547107710        200.00000000000000     
   247436.55547107710        200.00000000000000     
   247636.55547107710        200.00000000000000     
   247836.55547107710        200.00000000000000     
   248036.55547107710        200.00000000000000     
   248236.55547107710        200.00000000000000     
   248436.55547107710        200.00000000000000     
   248636.55547107710        200.00000000000000     
   248836.55547107710        200.00000000000000     
   249036.55547107710        200.00000000000000     
   249236.55547107710        200.00000000000000     
   249436.55547107710        200.00000000000000     
   249636.55547107710        200.00000000000000     
   249836.55547107710        200.00000000000000     
   250036.55547107710        200.00000000000000     
   250236.55547107710        200.00000000000000     
   250436.55547107710        200.00000000000000     
   250636.55547107710        200.00000000000000     
   250836.55547107710        200.00000000000000     
   251036.55547107710        200.00000000000000     
   251236.55547107710        200.00000000000000     
   251436.55547107710        200.00000000000000     
   251636.55547107710        200.00000000000000     
   251836.55547107710        200.00000000000000     
   252036.55547107710        200.00000000000000     
   252236.55547107710        200.00000000000000     
   252436.55547107710        200.00000000000000     
   252636.55547107710        200.00000000000000     
   252836.55547107710        200.00000000000000     
   253036.55547107710        200.00000000000000     
   253236.55547107710        200.00000000000000     
   253436.55547107710        200.00000000000000     
   253636.55547107710        200.00000000000000     
   253836.55547107710        200.00000000000000     
   254036.55547107710        200.00000000000000     
   254236.55547107710        200.00000000000000     
   254436.55547107710        200.00000000000000     
   254636.55547107710        200.00000000000000     
   254836.55547107710        200.00000000000000     
   255036.55547107710        200.00000000000000     
   255236.55547107710        200.00000000000000     
   255436.55547107710        200.00000000000000     
   255636.55547107710        200.00000000000000     
   255836.55547107710        200.00000000000000     
   256036.55547107710        200.00000000000000     
   256236.55547107710        200.00000000000000     
   256436.55547107710        200.00000000000000     
   256636.55547107710        200.00000000000000     
   256836.55547107710        200.00000000000000     
   257036.55547107710        200.00000000000000     
   257236.55547107710        200.00000000000000     
   257436.55547107710        200.00000000000000     
   257636.55547107710        200.00000000000000     
   257836.55547107710        200.00000000000000     
   258036.55547107710        200.00000000000000     
   258236.55547107710        200.00000000000000     
   258436.55547107710        200.00000000000000     
   258636.55547107710        200.00000000000000     
   258836.55547107710        200.00000000000000     
   259036.55547107710        200.00000000000000     
