                    1   2.5000000000000001E-003  0.16132667080037649     
                    2   7.4999999999999997E-003  0.14515682229978541     
                    3   1.2500000000000001E-002  0.14515450144163572     
                    4   1.7500000000000002E-002  0.14422500399629445     
                    5   2.2499999999999999E-002  0.14374129584803780     
                    6   2.7500000000000000E-002  0.14421714250118875     
                    7   3.2500000000000001E-002  0.14337025888740887     
                    8   3.7500000000000006E-002  0.14282123029552912     
                    9   4.2499999999999996E-002  0.14278086712386009     
                   10   4.7500000000000001E-002  0.14274901699829842     
                   11   5.2500000000000005E-002  0.14260172212625838     
                   12   5.7499999999999996E-002  0.14244908240946669     
                   13   6.2500000000000000E-002  0.14234686726026582     
                   14   6.7500000000000004E-002  0.14251966360304719     
                   15   7.2500000000000009E-002  0.14340242231038056     
                   16   7.7499999999999999E-002  0.14433376536200176     
                   17   8.2500000000000004E-002  0.14556228434981724     
                   18   8.7499999999999994E-002  0.14644960803964768     
                   19   9.2499999999999999E-002  0.14817636668826892     
                   20   9.7500000000000003E-002  0.15020816683173568     
                   21  0.10250000000000001       0.15146672702745428     
                   22  0.10750000000000000       0.15296697212711405     
                   23  0.11250000000000000       0.15462522220689556     
                   24  0.11749999999999999       0.15598191347527127     
                   25  0.12250000000000000       0.15784722983147442     
                   26  0.12750000000000000       0.15955913426364243     
                   27  0.13250000000000001       0.16090712191257822     
                   28  0.13750000000000001       0.16244524463515869     
                   29  0.14250000000000002       0.16397222003754941     
                   30  0.14749999999999999       0.16537200090478224     
                   31  0.15250000000000000       0.14417255534175755     
                   32  0.15750000000000000        6.4660436478295738E-002
                   33  0.16250000000000001        1.2878479642660399E-002
                   34  0.16750000000000001        2.8453437057749753E-004
                   35  0.17250000000000001        0.0000000000000000     
                   36  0.17749999999999999        0.0000000000000000     
                   37  0.18250000000000000        0.0000000000000000     
                   38  0.18750000000000000        0.0000000000000000     
                   39  0.19250000000000000        0.0000000000000000     
                   40  0.19750000000000001        0.0000000000000000     
                   41  0.20250000000000001        0.0000000000000000     
                   42  0.20750000000000002        0.0000000000000000     
                   43  0.21249999999999999        0.0000000000000000     
                   44  0.21750000000000000        0.0000000000000000     
                   45  0.22250000000000000        0.0000000000000000     
                   46  0.22750000000000001        0.0000000000000000     
                   47  0.23250000000000001        0.0000000000000000     
                   48  0.23749999999999999        0.0000000000000000     
                   49  0.24249999999999999        0.0000000000000000     
                   50  0.24750000000000000        0.0000000000000000     
                   51  0.25250000000000000        0.0000000000000000     
                   52  0.25750000000000001        0.0000000000000000     
                   53  0.26250000000000001        0.0000000000000000     
                   54  0.26750000000000002        0.0000000000000000     
                   55  0.27250000000000002        0.0000000000000000     
                   56  0.27750000000000002        0.0000000000000000     
                   57  0.28250000000000003        0.0000000000000000     
                   58  0.28749999999999998        0.0000000000000000     
                   59  0.29249999999999998        0.0000000000000000     
                   60  0.29749999999999999        0.0000000000000000     
