                    1   0.0000000000000000       -16.689353710585067     
                    2   5.0000000000000001E-003  -20.245466884910673     
                    3   1.0000000000000000E-002  -20.203390906540758     
                    4   1.4999999999999999E-002  -20.226422493581278     
                    5   2.0000000000000000E-002  -20.410295097771236     
                    6   2.5000000000000001E-002  -20.322416023601015     
                    7   2.9999999999999999E-002  -20.267701883366495     
                    8   3.5000000000000003E-002  -20.504425162279794     
                    9   4.0000000000000001E-002  -20.373571330570208     
                   10   4.4999999999999998E-002  -20.481169490719076     
                   11   5.0000000000000003E-002  -20.344988407489506     
                   12   5.5000000000000000E-002  -20.477394574656522     
                   13   5.9999999999999998E-002  -20.338111966624197     
                   14   6.5000000000000002E-002  -20.452762973905099     
                   15   7.0000000000000007E-002  -20.239731094915648     
                   16   7.4999999999999997E-002  -20.173475737633378     
                   17   8.0000000000000002E-002  -19.944919014851028     
                   18   8.5000000000000006E-002  -19.802175909949991     
                   19   8.9999999999999997E-002  -19.648456348371656     
                   20   9.5000000000000001E-002  -19.304756559296710     
                   21  0.10000000000000001       -19.077468006511413     
                   22  0.10500000000000000       -18.897619404143917     
                   23  0.11000000000000000       -18.602774534730624     
                   24  0.11500000000000000       -18.369398857812726     
                   25  0.12000000000000000       -18.109833743933621     
                   26  0.12500000000000000       -17.736080144438407     
                   27  0.13000000000000000       -17.454138954348384     
                   28  0.13500000000000001       -17.071384497791975     
                   29  0.14000000000000001       -16.633876987700837     
                   30  0.14499999999999999       -16.068615415032649     
                   31  0.14999999999999999       -15.348183861223344     
                   32  0.15500000000000000       -17.764951311312014     
                   33  0.16000000000000000       -29.523525212845541     
                   34  0.16500000000000001       -32.922635980751586     
                   35  0.17000000000000001       -33.397362170266859     
                   36  0.17500000000000002       -33.365285108250418     
                   37  0.17999999999999999       -33.337459985488366     
                   38  0.18500000000000000       -33.314662257681334     
                   39  0.19000000000000000       -33.297063852450492     
                   40  0.19500000000000001       -33.284417911110495     
                   41  0.20000000000000001       -33.276274282172466     
                   42  0.20500000000000002       -33.272144627230944     
                   43  0.20999999999999999       -33.271598716858229     
                   44  0.21500000000000000       -33.274304573053776     
                   45  0.22000000000000000       -33.280033090730761     
                   46  0.22500000000000001       -33.288644801484956     
                   47  0.23000000000000001       -33.300070483041708     
                   48  0.23500000000000001       -33.314292007395593     
                   49  0.23999999999999999       -33.331326191740644     
                   50  0.24500000000000000       -33.351212338957396     
                   51  0.25000000000000000       -33.374003161535697     
                   52  0.25500000000000000       -33.399758429585482     
                   53  0.26000000000000001       -33.428540653641626     
                   54  0.26500000000000001       -33.460412215706747     
                   55  0.27000000000000002       -33.495433497564029     
                   56  0.27500000000000002       -33.533661679553774     
                   57  0.28000000000000003       -33.575149981312890     
                   58  0.28500000000000003       -33.619947187904664     
                   59  0.28999999999999998       -33.668097354990529     
                   60  0.29499999999999998       -33.719639620903990     
                   61  0.29999999999999999       -33.774608076744869     
