                    1   0.0000000000000000       -16.690262338333024     
                    2   5.0000000000000001E-003  -20.247121196204219     
                    3   1.0000000000000000E-002  -20.205963239878592     
                    4   1.4999999999999999E-002  -20.230003434545967     
                    5   2.0000000000000000E-002  -20.415142897535357     
                    6   2.5000000000000001E-002  -20.328750159394943     
                    7   2.9999999999999999E-002  -20.275878598156552     
                    8   3.5000000000000003E-002  -20.515033051251962     
                    9   4.0000000000000001E-002  -20.387093149792758     
                   10   4.4999999999999998E-002  -20.498495447657724     
                   11   5.0000000000000003E-002  -20.367109887410212     
                   12   5.5000000000000000E-002  -20.506087933033385     
                   13   5.9999999999999998E-002  -20.375439948514018     
                   14   6.5000000000000002E-002  -20.502453957170257     
                   15   7.0000000000000007E-002  -20.306515522209189     
                   16   7.4999999999999997E-002  -20.266402620133633     
                   17   8.0000000000000002E-002  -20.080076656659635     
                   18   8.5000000000000006E-002  -20.018528641575372     
                   19   8.9999999999999997E-002  -20.178993092219816     
                   20   9.5000000000000001E-002  -23.722087001105955     
                   21  0.10000000000000001       -28.017304263988830     
                   22  0.10500000000000000       -29.392299139830698     
                   23  0.11000000000000000       -29.244072119856796     
                   24  0.11500000000000000       -28.982083656253380     
                   25  0.12000000000000000       -28.742890972633315     
                   26  0.12500000000000000       -28.523225136728769     
                   27  0.13000000000000000       -28.321020254424521     
                   28  0.13500000000000001       -28.134695495166213     
                   29  0.14000000000000001       -27.962900781335151     
                   30  0.14499999999999999       -27.804434047889220     
                   31  0.14999999999999999       -27.658215824545728     
                   32  0.15500000000000000       -27.523279183937380     
                   33  0.16000000000000000       -27.398761636275800     
                   34  0.16500000000000001       -27.283895983778734     
                   35  0.17000000000000001       -27.178000378794138     
                   36  0.17500000000000002       -27.080468431979710     
                   37  0.17999999999999999       -26.990760023106134     
                   38  0.18500000000000000       -26.908393146219140     
                   39  0.19000000000000000       -26.832936873385702     
                   40  0.19500000000000001       -26.764005375600640     
                   41  0.20000000000000001       -26.701252872828181     
                   42  0.20500000000000002       -26.644369367844259     
                   43  0.20999999999999999       -26.593077027196266     
                   44  0.21500000000000000       -26.547127092122871     
                   45  0.22000000000000000       -26.506297224159908     
                   46  0.22500000000000001       -26.470389210243095     
                   47  0.23000000000000001       -26.439226968833683     
                   48  0.23500000000000001       -26.412654811732857     
                   49  0.23999999999999999       -26.390535926234428     
                   50  0.24500000000000000       -26.372751049718122     
                   51  0.25000000000000000       -26.359197314329244     
                   52  0.25500000000000000       -26.349787243555742     
                   53  0.26000000000000001       -26.344447885712370     
                   54  0.26500000000000001       -26.343120071878680     
                   55  0.27000000000000002       -26.345757787926097     
                   56  0.27500000000000002       -26.352327652054210     
                   57  0.28000000000000003       -26.362808490834219     
                   58  0.28500000000000003       -26.377191008190589     
                   59  0.28999999999999998       -26.395477543081700     
                   60  0.29499999999999998       -26.417681912897482     
                   61  0.29999999999999999       -26.443829340809611     
