                    1   2.5000000000000001E-003  -3.3000142287063699E-017
                    2   7.4999999999999997E-003  -4.2207155185828718E-016
                    3   1.2500000000000001E-002  -2.2428982945473380E-013
                    4   1.7500000000000002E-002  -1.3079865756569737E-006
                    5   2.2499999999999999E-002  -2.6469309383037268E-007
                    6   2.7500000000000000E-002  -2.2850640227698554E-007
                    7   3.2500000000000001E-002  -1.8972424900857453E-007
                    8   3.7500000000000006E-002  -1.6233992228659666E-007
                    9   4.2499999999999996E-002  -1.4643098699533216E-007
                   10   4.7500000000000001E-002  -1.3850148924761931E-007
                   11   5.2500000000000005E-002  -1.3522274767336952E-007
                   12   5.7499999999999996E-002  -1.3434115235408737E-007
                   13   6.2500000000000000E-002  -1.3456410381014963E-007
                   14   6.7500000000000004E-002  -1.3521852684462861E-007
                   15   7.2500000000000009E-002  -1.3596222021525787E-007
                   16   7.7499999999999999E-002  -1.3660401972548977E-007
                   17   8.2500000000000004E-002  -1.3701237038095924E-007
                   18   8.7499999999999994E-002  -1.3707838101986868E-007
                   19   9.2499999999999999E-002  -1.3670651577578159E-007
                   20   9.7500000000000003E-002  -1.3581637465334418E-007
                   21  0.10250000000000001       -1.3434701612632280E-007
                   22  0.10750000000000000       -1.3226021598901047E-007
                   23  0.11250000000000000       -1.2954165101684692E-007
                   24  0.11749999999999999       -1.2620013916446538E-007
                   25  0.12250000000000000       -1.2226544227665335E-007
                   26  0.12750000000000000       -1.1778516491514790E-007
                   27  0.13250000000000001       -1.1282118864833752E-007
                   28  0.13750000000000001       -1.0744596712301593E-007
                   29  0.14250000000000002       -1.0173891008722822E-007
                   30  0.14749999999999999       -9.5783011111656007E-008
                   31  0.15250000000000000       -8.9661820237165051E-008
                   32  0.15750000000000000       -8.3456823373687574E-008
                   33  0.16250000000000001       -7.7245260363324901E-008
                   34  0.16750000000000001       -7.1098390262622477E-008
                   35  0.17250000000000001       -6.5080193970618743E-008
                   36  0.17749999999999999       -5.9246489980577261E-008
                   37  0.18250000000000000       -5.3644428274064337E-008
                   38  0.18750000000000000       -4.8312319837602528E-008
                   39  0.19250000000000000       -4.3279754601452177E-008
                   40  0.19750000000000001       -3.8567958395480475E-008
                   41  0.20250000000000001       -3.4190339394361973E-008
                   42  0.20750000000000002       -3.0153176091098878E-008
                   43  0.21249999999999999       -2.6456401729403736E-008
                   44  0.21750000000000000       -2.3094444001538471E-008
                   45  0.22250000000000000       -2.0057083379447615E-008
                   46  0.22750000000000001       -1.7330298422324162E-008
                   47  0.23250000000000001       -1.4897071558069977E-008
                   48  0.23749999999999999       -1.2738133959684702E-008
                   49  0.24249999999999999       -1.0832633054744867E-008
                   50  0.24750000000000000       -9.1587107628838500E-009
                   51  0.25250000000000000       -7.6939846380094134E-009
                   52  0.25750000000000001       -6.4159276097918914E-009
                   53  0.26250000000000001       -5.3021449222125721E-009
                   54  0.26750000000000002       -4.3305491361487782E-009
                   55  0.27250000000000002       -3.4794357147061273E-009
                   56  0.27750000000000002       -2.7274627871140333E-009
                   57  0.28250000000000003       -2.0535392617827785E-009
                   58  0.28749999999999998       -1.4366256219347957E-009
                   59  0.29249999999999998       -8.5545159427779786E-010
                   60  0.29749999999999999       -2.8815454389155452E-010
