                    1   2.5000000000000001E-003  -2.1569476647278075E-019
                    2   7.4999999999999997E-003  -3.6533230000601031E-019
                    3   1.2500000000000001E-002  -5.3101050711580827E-019
                    4   1.7500000000000002E-002  -7.8641230969395480E-019
                    5   2.2499999999999999E-002  -1.1601917087723805E-018
                    6   2.7500000000000000E-002  -1.7768786083783340E-018
                    7   3.2500000000000001E-002  -2.8168246031083026E-018
                    8   3.7500000000000006E-002  -4.6274448029797727E-018
                    9   4.2499999999999996E-002  -8.0498697885531296E-018
                   10   4.7500000000000001E-002  -1.5013456887757344E-017
                   11   5.2500000000000005E-002  -2.9624823574706240E-017
                   12   5.7499999999999996E-002  -6.4178010393076585E-017
                   13   6.2500000000000000E-002  -1.5838612151931911E-016
                   14   6.7500000000000004E-002  -4.6046875137391663E-016
                   15   7.2500000000000009E-002  -1.7202900418660690E-015
                   16   7.7499999999999999E-002  -9.8742387364156372E-015
                   17   8.2500000000000004E-002  -1.5134284613425571E-013
                   18   8.7499999999999994E-002  -9.2155642238776597E-010
                   19   9.2499999999999999E-002  -5.2335045916618745E-007
                   20   9.7500000000000003E-002  -4.2601776201315712E-008
                   21  0.10250000000000001       -3.7873124615862777E-008
                   22  0.10750000000000000       -3.5531118683875668E-008
                   23  0.11250000000000000       -3.4807440366316468E-008
                   24  0.11749999999999999       -3.5025534514581107E-008
                   25  0.12250000000000000       -3.5690115513385774E-008
                   26  0.12750000000000000       -3.6477780990105455E-008
                   27  0.13250000000000001       -3.7197891642127824E-008
                   28  0.13750000000000001       -3.7751924878760163E-008
                   29  0.14250000000000002       -3.8100462719153153E-008
                   30  0.14749999999999999       -3.8239201806093228E-008
                   31  0.15250000000000000       -3.8182689476728991E-008
                   32  0.15750000000000000       -3.7953898336990964E-008
                   33  0.16250000000000001       -3.7577918861692878E-008
                   34  0.16750000000000001       -3.7078421035577715E-008
                   35  0.17250000000000001       -3.6475903203448494E-008
                   36  0.17749999999999999       -3.5787045407603933E-008
                   37  0.18250000000000000       -3.5024708170737282E-008
                   38  0.18750000000000000       -3.4198277202629801E-008
                   39  0.19250000000000000       -3.3314164832148132E-008
                   40  0.19750000000000001       -3.2376353498367533E-008
                   41  0.20250000000000001       -3.1386915911740254E-008
                   42  0.20750000000000002       -3.0346478308504195E-008
                   43  0.21249999999999999       -2.9254613142169000E-008
                   44  0.21750000000000000       -2.8110159501845970E-008
                   45  0.22250000000000000       -2.6911476235236526E-008
                   46  0.22750000000000001       -2.5656636053860012E-008
                   47  0.23250000000000001       -2.4343570080687675E-008
                   48  0.23749999999999999       -2.2970172221989311E-008
                   49  0.24249999999999999       -2.1534371971029556E-008
                   50  0.24750000000000000       -2.0034183146719237E-008
                   51  0.25250000000000000       -1.8467734863017963E-008
                   52  0.25750000000000001       -1.6833289850423586E-008
                   53  0.26250000000000001       -1.5129254183106663E-008
                   54  0.26750000000000002       -1.3354181541405244E-008
                   55  0.27250000000000002       -1.1506774377157605E-008
                   56  0.27750000000000002       -9.5858837676479868E-009
                   57  0.28250000000000003       -7.5905093858731819E-009
                   58  0.28749999999999998       -5.5198009939499284E-009
                   59  0.29249999999999998       -3.3730634508235412E-009
                   60  0.29749999999999999       -1.1497690119985562E-009
