                    1   2.5000000000000001E-003  -9.7133810571515333     
                    2   7.4999999999999997E-003  -11.352429487029490     
                    3   1.2500000000000001E-002  -11.624082625430066     
                    4   1.7500000000000002E-002  -11.737675309508116     
                    5   2.2499999999999999E-002  -11.639324743827355     
                    6   2.7500000000000000E-002  -11.649190357153010     
                    7   3.2500000000000001E-002  -11.674597731992510     
                    8   3.7500000000000006E-002  -11.673590486252120     
                    9   4.2499999999999996E-002  -11.787706092955506     
                   10   4.7500000000000001E-002  -11.921608875543576     
                   11   5.2500000000000005E-002  -11.885938886152069     
                   12   5.7499999999999996E-002  -11.882884552404020     
                   13   6.2500000000000000E-002  -11.892989963214749     
                   14   6.7500000000000004E-002  -11.808981578702767     
                   15   7.2500000000000009E-002  -11.664936527181844     
                   16   7.7499999999999999E-002  -11.475825977710183     
                   17   8.2500000000000004E-002  -11.354085696256751     
                   18   8.7499999999999994E-002  -13.620312639075939     
                   19   9.2499999999999999E-002  -17.471646664236623     
                   20   9.7500000000000003E-002  -19.001497600607333     
                   21  0.10250000000000001       -18.949846032983988     
                   22  0.10750000000000000       -18.915006346165903     
                   23  0.11250000000000000       -18.889730655561106     
                   24  0.11749999999999999       -18.869738852522445     
                   25  0.12250000000000000       -18.852838228200348     
                   26  0.12750000000000000       -18.838143663431190     
                   27  0.13250000000000001       -18.825506539616281     
                   28  0.13750000000000001       -18.815139344105070     
                   29  0.14250000000000002       -18.807389428873208     
                   30  0.14749999999999999       -18.802614834822343     
                   31  0.15250000000000000       -18.801124757304294     
                   32  0.15750000000000000       -18.803158141501541     
                   33  0.16250000000000001       -18.808882990082509     
                   34  0.16750000000000001       -18.818405618298975     
                   35  0.17250000000000001       -18.831783591977288     
                   36  0.17749999999999999       -18.849038958452741     
                   37  0.18250000000000000       -18.870170127992708     
                   38  0.18750000000000000       -18.895161772982949     
                   39  0.19250000000000000       -18.923992660036838     
                   40  0.19750000000000001       -18.956641600318775     
                   41  0.20250000000000001       -18.993091813403815     
                   42  0.20750000000000002       -19.033334022565633     
                   43  0.21249999999999999       -19.077368577934124     
                   44  0.21750000000000000       -19.125206863583699     
                   45  0.22250000000000000       -19.176872199167576     
                   46  0.22750000000000001       -19.232400403360643     
                   47  0.23250000000000001       -19.291840148380260     
                   48  0.23749999999999999       -19.355253203308475     
                   49  0.24249999999999999       -19.422714638773506     
                   50  0.24750000000000000       -19.494313046143333     
                   51  0.25250000000000000       -19.570150809909194     
                   52  0.25750000000000001       -19.650344461536434     
                   53  0.26250000000000001       -19.735025135948042     
                   54  0.26750000000000002       -19.824339147303562     
                   55  0.27250000000000002       -19.918448698274517     
                   56  0.27750000000000002       -20.017532736114546     
                   57  0.28250000000000003       -20.121787969026595     
                   58  0.28749999999999998       -20.231430057103697     
                   59  0.29249999999999998       -20.346694992610047     
                   60  0.29749999999999999       -20.467840682924439     
