                    1   2.5000000000000001E-003   2.1053279833235256E-002
                    2   7.4999999999999997E-003   2.1125917425308522E-002
                    3   1.2500000000000001E-002   2.1217092327985333E-002
                    4   1.7500000000000002E-002   2.1324093118405336E-002
                    5   2.2499999999999999E-002   2.1448791420063288E-002
                    6   2.7500000000000000E-002   2.1594973903515668E-002
                    7   3.2500000000000001E-002   2.1769436195087886E-002
                    8   3.7500000000000006E-002   2.1980613195437849E-002
                    9   4.2499999999999996E-002   2.2241976943532454E-002
                   10   4.7500000000000001E-002   2.2574963057057203E-002
                   11   5.2500000000000005E-002   2.3008109186041334E-002
                   12   5.7499999999999996E-002   2.3587415470678583E-002
                   13   6.2500000000000000E-002   2.4398242242770356E-002
                   14   6.7500000000000004E-002   2.5596727941663434E-002
                   15   7.2500000000000009E-002   2.7504935539183050E-002
                   16   7.7499999999999999E-002   3.0925500220796147E-002
                   17   8.2500000000000004E-002   3.8606549539540978E-002
                   18   8.7499999999999994E-002   7.3427053368560591E-002
                   19   9.2499999999999999E-002  0.15562074090192266     
                   20   9.7500000000000003E-002  0.17760253411166455     
                   21  0.10250000000000001       0.17807697946734166     
                   22  0.10750000000000000       0.17839832041091150     
                   23  0.11250000000000000       0.17863211653443789     
                   24  0.11749999999999999       0.17881743492980068     
                   25  0.12250000000000000       0.17897437209668815     
                   26  0.12750000000000000       0.17911102702558748     
                   27  0.13250000000000001       0.17922869922582640     
                   28  0.13750000000000001       0.17932533882515433     
                   29  0.14250000000000002       0.17939764230277730     
                   30  0.14749999999999999       0.17944221337912281     
                   31  0.15250000000000000       0.17945612739372224     
                   32  0.15750000000000000       0.17943714061624569     
                   33  0.16250000000000001       0.17938370423707797     
                   34  0.16750000000000001       0.17929488267077651     
                   35  0.17250000000000001       0.17917023488089007     
                   36  0.17749999999999999       0.17900969105817399     
                   37  0.18250000000000000       0.17881344075226255     
                   38  0.18750000000000000       0.17858183902460220     
                   39  0.19250000000000000       0.17831533190446144     
                   40  0.19750000000000001       0.17801439973873856     
                   41  0.20250000000000001       0.17767951586138334     
                   42  0.20750000000000002       0.17731111769902339     
                   43  0.21249999999999999       0.17690958756696892     
                   44  0.21750000000000000       0.17647524075236967     
                   45  0.22250000000000000       0.17600831889143093     
                   46  0.22750000000000001       0.17550898705147522     
                   47  0.23250000000000001       0.17497733329047976     
                   48  0.23749999999999999       0.17441336977268257     
                   49  0.24249999999999999       0.17381703476721042     
                   50  0.24750000000000000       0.17318819505189148     
                   51  0.25250000000000000       0.17252664839359988     
                   52  0.25750000000000001       0.17183212588749158     
                   53  0.26250000000000001       0.17110429401783472     
                   54  0.26750000000000002       0.17034275635950522     
                   55  0.27250000000000002       0.16954705487738583     
                   56  0.27750000000000002       0.16871667080586622     
                   57  0.28250000000000003       0.16785102510705047     
                   58  0.28749999999999998       0.16694947851932473     
                   59  0.29249999999999998       0.16601133122502731     
                   60  0.29749999999999999       0.16503582220015031     
