                    1   0.0000000000000000       -8.1394889043688927     
                    2   5.0000000000000001E-003  -11.286657483048595     
                    3   1.0000000000000000E-002  -11.417294788669770     
                    4   1.4999999999999999E-002  -11.829589097764584     
                    5   2.0000000000000000E-002  -11.644039015641798     
                    6   2.5000000000000001E-002  -11.632355810735845     
                    7   2.9999999999999999E-002  -11.663090536359533     
                    8   3.5000000000000003E-002  -11.682292023395927     
                    9   4.0000000000000001E-002  -11.659927479549756     
                   10   4.4999999999999998E-002  -11.908938204986786     
                   11   5.0000000000000003E-002  -11.925553579522143     
                   12   5.5000000000000000E-002  -11.834632060452538     
                   13   5.9999999999999998E-002  -11.915148157738319     
                   14   6.5000000000000002E-002  -11.848368230770790     
                   15   7.0000000000000007E-002  -11.736981627819958     
                   16   7.4999999999999997E-002  -11.543023641498754     
                   17   8.0000000000000002E-002  -11.324753940825426     
                   18   8.5000000000000006E-002  -11.197900161845823     
                   19   8.9999999999999997E-002  -11.020983724567369     
                   20   9.5000000000000001E-002  -10.823439109703102     
                   21  0.10000000000000001       -10.599264829505325     
                   22  0.10500000000000000       -10.279793947186771     
                   23  0.11000000000000000       -9.7980743139172102     
                   24  0.11500000000000000       -9.1589663188413688     
                   25  0.12000000000000000       -8.1023052809779319     
                   26  0.12500000000000000       -14.794410168530614     
                   27  0.13000000000000000       -19.762797748231055     
                   28  0.13500000000000001       -20.351087182311318     
                   29  0.14000000000000001       -20.433160624653560     
                   30  0.14499999999999999       -20.517615117320659     
                   31  0.14999999999999999       -20.604505451011274     
                   32  0.15500000000000000       -20.693888342928492     
                   33  0.16000000000000000       -20.785822540895385     
                   34  0.16500000000000001       -20.880368930423568     
                   35  0.17000000000000001       -20.977590644984534     
                   36  0.17500000000000002       -21.077553179765189     
                   37  0.17999999999999999       -21.180324509219801     
                   38  0.18500000000000000       -21.285975208760590     
                   39  0.19000000000000000       -21.394578580959458     
                   40  0.19500000000000001       -21.506210786663729     
                   41  0.20000000000000001       -21.620950981459984     
                   42  0.20500000000000002       -21.738881457952402     
                   43  0.20999999999999999       -21.860087794356183     
                   44  0.21500000000000000       -21.984659009942380     
                   45  0.22000000000000000       -22.112687727909215     
                   46  0.22500000000000001       -22.244270346296144     
                   47  0.23000000000000001       -22.379507205166576     
                   48  0.23500000000000001       -22.518502733033511     
                   49  0.23999999999999999       -22.661365765444785     
                   50  0.24500000000000000       -22.808209690545912     
                   51  0.25000000000000000       -22.959152671080027     
                   52  0.25500000000000000       -23.114317879210482     
                   53  0.26000000000000001       -23.273833745194054     
                   54  0.26500000000000001       -23.437834221016455     
                   55  0.27000000000000002       -23.606459060194560     
                   56  0.27500000000000002       -23.779854115051545     
                   57  0.28000000000000003       -23.958171652884147     
                   58  0.28500000000000003       -24.141570692565519     
                   59  0.28999999999999998       -24.330217363264783     
                   60  0.29499999999999998       -24.524285287116321     
                   61  0.29999999999999999       -24.723955987839677     
