                    1     0.0000000000000000          269.87045461925209     
                    2     5.0000000000000001E-003     270.46241621354164     
                    3     1.0000000000000000E-002     271.23492101013562     
                    4     1.4999999999999999E-002     272.02496461161064     
                    5     2.0000000000000000E-002     272.73727090378100     
                    6     2.5000000000000001E-002     273.16878718595831     
                    7     2.9999999999999999E-002     273.54693497591705     
                    8     3.5000000000000003E-002     273.90394645532183     
                    9     4.0000000000000001E-002     274.24201393172245     
                   10     4.4999999999999998E-002     274.56230295088505     
                   11     5.0000000000000003E-002     274.86549462132405     
                   12     5.5000000000000000E-002     275.15201139106313     
                   13     5.9999999999999998E-002     275.42213944754144     
                   14     6.5000000000000002E-002     275.67610498130466     
                   15     7.0000000000000007E-002     275.91412447387228     
                   16     7.4999999999999997E-002     276.13643772775515     
                   17     8.0000000000000002E-002     276.34332836024566     
                   18     8.5000000000000006E-002     276.53513491784418     
                   19     8.9999999999999997E-002     276.71225500748324     
                   20     9.5000000000000001E-002     276.87514435026651     
                   21    0.10000000000000001          277.02431228043963     
                   22    0.10500000000000000          277.16031489254209     
                   23    0.11000000000000000          277.28374677189788     
                   24    0.11500000000000000          277.39523202312074     
                   25    0.12000000000000000          277.49541513333719     
                   26    0.12500000000000000          277.58495206550725     
                   27    0.13000000000000000          277.66450186624127     
                   28    0.13500000000000001          277.73471898580652     
                   29    0.14000000000000001          277.79624644026120     
                   30    0.14499999999999999          277.84970989249013     
                   31    0.14999999999999999          277.89571268696085     
                   32    0.15500000000000000          277.93483183977531     
                   33    0.16000000000000000          277.96761495925676     
                   34    0.16500000000000001          277.99457805163064     
                   35    0.17000000000000001          278.01620415043305     
                   36    0.17500000000000002          278.03294269648541     
                   37    0.17999999999999999          278.04520958708838     
                   38    0.18500000000000000          278.05338780812082     
                   39    0.19000000000000000          278.05782856056959     
                   40    0.19500000000000001          278.05885279331670     
                   41    0.20000000000000001          278.05675305639517     
                   42    0.20500000000000002          278.05179566124326     
                   43    0.20999999999999999          278.04422286470026     
                   44    0.21500000000000000          278.03425518826526     
                   45    0.22000000000000000          278.02209380751742     
                   46    0.22500000000000001          278.00792291160087     
                   47    0.23000000000000001          277.99191199083344     
                   48    0.23500000000000001          277.97421801353420     
                   49    0.23999999999999999          277.95498746068085     
                   50    0.24500000000000000          277.93435819416391     
                   51    0.25000000000000000          277.91246114111618     
                   52    0.25500000000000000          277.88942178303228     
                   53    0.26000000000000001          277.86536144416209     
                   54    0.26500000000000001          277.84039837899826     
                   55    0.27000000000000002          277.81464866363268     
                   56    0.27500000000000002          277.78822690037140     
                   57    0.28000000000000003          277.76124674930355     
                   58    0.28500000000000003          277.73382130449602     
                   59    0.28999999999999998          277.70606333606901     
                   60    0.29499999999999998          277.67808542250356     
                   61    0.29999999999999999          277.64999999999998     
