                    1     2.5000000000000001E-003    -103.75937483350880     
                    2     7.4999999999999997E-003    -103.65523680092660     
                    3     1.2500000000000001E-002    -103.52921786143975     
                    4     1.7500000000000002E-002    -103.37782336107857     
                    5     2.2499999999999999E-002    -103.19932856124605     
                    6     2.7500000000000000E-002    -102.99188150907997     
                    7     3.2500000000000001E-002    -102.75311548317882     
                    8     3.7500000000000006E-002    -102.47988805149960     
                    9     4.2499999999999996E-002    -102.16787288204060     
                   10     4.7500000000000001E-002    -101.81089083912380     
                   11     5.2500000000000005E-002    -101.39988045720489     
                   12     5.7499999999999996E-002    -100.92109708754441     
                   13     6.2500000000000000E-002    -100.35294578742634     
                   14     6.7500000000000004E-002    -99.659730653161702     
                   15     7.2500000000000009E-002    -98.778826765611171     
                   16     7.7499999999999999E-002    -97.591245867243671     
                   17     8.2500000000000004E-002    -95.845539077986587     
                   18     8.7499999999999994E-002    -92.932979918710544     
                   19     9.2499999999999999E-002    -87.158467724743076     
                   20     9.7500000000000003E-002    -73.754663578740292     
                   21    0.10250000000000001         -57.346707510160606     
                   22    0.10750000000000000         -49.177423476996239     
                   23    0.11250000000000000         -45.138067788846982     
                   24    0.11749999999999999         -42.305543749661872     
                   25    0.12250000000000000         -41.878032563181307     
                   26    0.12750000000000000         -41.557715503098372     
                   27    0.13250000000000001         -41.242309505163696     
                   28    0.13750000000000001         -40.931899896947854     
                   29    0.14250000000000002         -40.627184636339045     
                   30    0.14749999999999999         -40.328887887924239     
                   31    0.15250000000000000         -40.037621987986761     
                   32    0.15750000000000000         -39.753879912934821     
                   33    0.16250000000000001         -39.478056150014069     
                   34    0.16750000000000001         -39.210468722888891     
                   35    0.17250000000000001         -38.951377072956603     
                   36    0.17749999999999999         -38.700995865966554     
                   37    0.18250000000000000         -38.459505645581942     
                   38    0.18750000000000000         -38.227061115672690     
                   39    0.19250000000000000         -38.003797594250415     
                   40    0.19750000000000001         -37.789836011969690     
                   41    0.20250000000000001         -37.585286726141973     
                   42    0.20750000000000002         -37.390252361859716     
                   43    0.21249999999999999         -37.204829855429253     
                   44    0.21750000000000000         -37.029111850197921     
                   45    0.22250000000000000         -36.863187574964755     
                   46    0.22750000000000001         -36.707143317643961     
                   47    0.23250000000000001         -36.561062590560844     
                   48    0.23749999999999999         -36.425026068496486     
                   49    0.24249999999999999         -36.299111366411047     
                   50    0.24750000000000000         -36.183392710932722     
                   51    0.25250000000000000         -36.077940548330233     
                   52    0.25750000000000001         -35.982821121952668     
                   53    0.26250000000000001         -35.898096043960457     
                   54    0.26750000000000002         -35.823821879570239     
                   55    0.27250000000000002         -35.760049756834235     
                   56    0.27750000000000002         -35.706825010968345     
                   57    0.28250000000000003         -35.664186869336490     
                   58    0.28749999999999998         -35.632168181055320     
                   59    0.29249999999999998         -35.610795193790118     
                   60    0.29749999999999999         -35.600087379394580     
