                    1     2.5000000000000001E-003    0.30975839790198539     
                    2     7.4999999999999997E-003    0.25345337101781507     
                    3     1.2500000000000001E-002    0.24768719609035750     
                    4     1.7500000000000002E-002    0.24558291995857640     
                    5     2.2499999999999999E-002    0.24461881858933882     
                    6     2.7500000000000000E-002    0.24402585777551999     
                    7     3.2500000000000001E-002    0.24369769562665661     
                    8     3.7500000000000006E-002    0.24341087526209632     
                    9     4.2499999999999996E-002    0.24311839269241445     
                   10     4.7500000000000001E-002    0.24284217985641976     
                   11     5.2500000000000005E-002    0.24268535594126633     
                   12     5.7499999999999996E-002    0.24267219760113909     
                   13     6.2500000000000000E-002    0.24281581869096014     
                   14     6.7500000000000004E-002    0.24324072242191375     
                   15     7.2500000000000009E-002    0.24388511881151115     
                   16     7.7499999999999999E-002    0.24477059550790098     
                   17     8.2500000000000004E-002    0.24595961017122286     
                   18     8.7499999999999994E-002    0.24754542006915253     
                   19     9.2499999999999999E-002    0.24942713651963500     
                   20     9.7500000000000003E-002    0.25150400055293121     
                   21    0.10250000000000001         0.25386085641773648     
                   22    0.10750000000000000         0.25646958431342820     
                   23    0.11250000000000000         0.25934910162173114     
                   24    0.11749999999999999         0.26250274975106047     
                   25    0.12250000000000000         0.26589625089950686     
                   26    0.12750000000000000         0.26958552517582318     
                   27    0.13250000000000001         0.27368641625514400     
                   28    0.13750000000000001         0.27818045972162975     
                   29    0.14250000000000002         0.28310943878908446     
                   30    0.14749999999999999         0.28871479605821998     
                   31    0.15250000000000000         0.29520151759662999     
                   32    0.15750000000000000         0.30278359241010955     
                   33    0.16250000000000001         0.31184504742010688     
                   34    0.16750000000000001         0.32208779287997974     
                   35    0.17250000000000001         0.32733608014055005     
                   36    0.17749999999999999         0.29386680199764786     
                   37    0.18250000000000000         0.20544143708655846     
                   38    0.18750000000000000         0.14343635074664948     
                   39    0.19250000000000000         0.12491884320131480     
                   40    0.19750000000000001         0.12271642989555549     
                   41    0.20250000000000001         0.12432202345079675     
                   42    0.20750000000000002         0.12610287062731473     
                   43    0.21249999999999999         0.12770408096245572     
                   44    0.21750000000000000         0.12914130804736176     
                   45    0.22250000000000000         0.13042815723080184     
                   46    0.22750000000000001         0.13157647392044278     
                   47    0.23250000000000001         0.13259653113560599     
                   48    0.23749999999999999         0.13349718754615045     
                   49    0.24249999999999999         0.13428604386828838     
                   50    0.24750000000000000         0.13496960024723581     
                   51    0.25250000000000000         0.13555340718972064     
                   52    0.25750000000000001         0.13604220182855450     
                   53    0.26250000000000001         0.13644002447510495     
                   54    0.26750000000000002         0.13675031413618305     
                   55    0.27250000000000002         0.13697598439054956     
                   56    0.27750000000000002         0.13711948241540961     
                   57    0.28250000000000003         0.13718283429031600     
                   58    0.28749999999999998         0.13716767940403568     
                   59    0.29249999999999998         0.13707529620719427     
                   60    0.29749999999999999         0.13690662092191772     
