                    1     2.5000000000000001E-003    0.30973733789593877     
                    2     7.4999999999999997E-003    0.25342832955509614     
                    3     1.2500000000000001E-002    0.24765330933291660     
                    4     1.7500000000000002E-002    0.24553900714538701     
                    5     2.2499999999999999E-002    0.24456280048949014     
                    6     2.7500000000000000E-002    0.24395514535371871     
                    7     3.2500000000000001E-002    0.24360896396842605     
                    8     3.7500000000000006E-002    0.24329986920052371     
                    9     4.2499999999999996E-002    0.24297951884502411     
                   10     4.7500000000000001E-002    0.24266794990406809     
                   11     5.2500000000000005E-002    0.24246547242495842     
                   12     5.7499999999999996E-002    0.24239216903905975     
                   13     6.2500000000000000E-002    0.24245457491709679     
                   14     6.7500000000000004E-002    0.24276605683833580     
                   15     7.2500000000000009E-002    0.24324516349217667     
                   16     7.7499999999999999E-002    0.24387389595147677     
                   17     8.2500000000000004E-002    0.24461870652639639     
                   18     8.7499999999999994E-002    0.24521609508327330     
                   19     9.2499999999999999E-002    0.24263724284942190     
                   20     9.7500000000000003E-002    0.22188922252388651     
                   21    0.10250000000000001         0.18584872809035527     
                   22    0.10750000000000000         0.16290940333505335     
                   23    0.11250000000000000         0.15720211791027933     
                   24    0.11749999999999999         0.15908645379579361     
                   25    0.12250000000000000         0.16354423811941102     
                   26    0.12750000000000000         0.16761151458219459     
                   27    0.13250000000000001         0.17107479631917435     
                   28    0.13750000000000001         0.17406537394717952     
                   29    0.14250000000000002         0.17667495384277138     
                   30    0.14749999999999999         0.17896974722057551     
                   31    0.15250000000000000         0.18099939272795387     
                   32    0.15750000000000000         0.18280236012588152     
                   33    0.16250000000000001         0.18440926291999768     
                   34    0.16750000000000001         0.18584496606815012     
                   35    0.17250000000000001         0.18712998897626329     
                   36    0.17749999999999999         0.18828148054448646     
                   37    0.18250000000000000         0.18931392195071578     
                   38    0.18750000000000000         0.19023964804482685     
                   39    0.19250000000000000         0.19106924292242614     
                   40    0.19750000000000001         0.19181184532256415     
                   41    0.20250000000000001         0.19247538772757311     
                   42    0.20750000000000002         0.19306678575102382     
                   43    0.21249999999999999         0.19359208966970456     
                   44    0.21750000000000000         0.19405660676379613     
                   45    0.22250000000000000         0.19446500090533347     
                   46    0.22750000000000001         0.19482137424556004     
                   47    0.23250000000000001         0.19512933469333199     
                   48    0.23749999999999999         0.19539205201938392     
                   49    0.24249999999999999         0.19561230477888231     
                   50    0.24750000000000000         0.19579251975837850     
                   51    0.25250000000000000         0.19593480528173773     
                   52    0.25750000000000001         0.19604097942336995     
                   53    0.26250000000000001         0.19611259395473424     
                   54    0.26750000000000002         0.19615095467593380     
                   55    0.27250000000000002         0.19615713864663090     
                   56    0.27750000000000002         0.19613200872079245     
                   57    0.28250000000000003         0.19607622570135413     
                   58    0.28749999999999998         0.19599025835873224     
                   59    0.29249999999999998         0.19587439149730171     
                   60    0.29749999999999999         0.19572873220335388     
