                    1     0.0000000000000000         -7.7808936102582571     
                    2     5.0000000000000001E-003    -12.698346099514671     
                    3     1.0000000000000000E-002    -13.065334314076932     
                    4     1.4999999999999999E-002    -13.212031935835020     
                    5     2.0000000000000000E-002    -13.269473610831964     
                    6     2.5000000000000001E-002    -13.303597221641544     
                    7     2.9999999999999999E-002    -13.324977793368666     
                    8     3.5000000000000003E-002    -13.353831115400977     
                    9     4.0000000000000001E-002    -13.384105464255491     
                   10     4.4999999999999998E-002    -13.413752010670548     
                   11     5.0000000000000003E-002    -13.435242659226171     
                   12     5.5000000000000000E-002    -13.439264999372718     
                   13     5.9999999999999998E-002    -13.432486379750193     
                   14     6.5000000000000002E-002    -13.402552502492197     
                   15     7.0000000000000007E-002    -13.348316071235853     
                   16     7.4999999999999997E-002    -13.265834745027234     
                   17     8.0000000000000002E-002    -13.158705706492587     
                   18     8.5000000000000006E-002    -13.033241251913347     
                   19     8.9999999999999997E-002    -12.872175763143670     
                   20     9.5000000000000001E-002    -12.689463174690363     
                   21    0.10000000000000001         -12.495356443416050     
                   22    0.10500000000000000         -12.286337794980433     
                   23    0.11000000000000000         -12.073570148143205     
                   24    0.11500000000000000         -11.852857576510688     
                   25    0.12000000000000000         -11.626625771338357     
                   26    0.12500000000000000         -11.397667812659060     
                   27    0.13000000000000000         -11.172969903739739     
                   28    0.13500000000000001         -10.949366933821459     
                   29    0.14000000000000001         -10.732270117992980     
                   30    0.14499999999999999         -10.522661869680862     
                   31    0.14999999999999999         -10.320728054156111     
                   32    0.15500000000000000         -10.125369224565125     
                   33    0.16000000000000000         -9.9382593844878340     
                   34    0.16500000000000001         -9.7893298651262715     
                   35    0.17000000000000001         -9.9266770777948192     
                   36    0.17500000000000002         -12.087149508044547     
                   37    0.17999999999999999         -19.571915403423986     
                   38    0.18500000000000000         -25.922447388019634     
                   39    0.19000000000000000         -27.712961072371144     
                   40    0.19500000000000001         -27.456212381353964     
                   41    0.20000000000000001         -27.035620287702109     
                   42    0.20500000000000002         -26.670145301014397     
                   43    0.20999999999999999         -26.351765757485733     
                   44    0.21500000000000000         -26.074279620558624     
                   45    0.22000000000000000         -25.832687989532644     
                   46    0.22500000000000001         -25.622886849054197     
                   47    0.23000000000000001         -25.441487022649223     
                   48    0.23500000000000001         -25.285684979473857     
                   49    0.23999999999999999         -25.153159932900984     
                   50    0.24500000000000000         -25.041990285449824     
                   51    0.25000000000000000         -24.950586435582917     
                   52    0.25500000000000000         -24.877637404774017     
                   53    0.26000000000000001         -24.822068811025439     
                   54    0.26500000000000001         -24.783009977634880     
                   55    0.27000000000000002         -24.759768357094920     
                   56    0.27500000000000002         -24.751809852739648     
                   57    0.28000000000000003         -24.758743975106700     
                   58    0.28500000000000003         -24.780313060893562     
                   59    0.28999999999999998         -24.816385016256206     
                   60    0.29499999999999998         -24.866949236525492     
                   61    0.29999999999999999         -24.932115515441744     
