                    1     2.5000000000000001E-003    0.28786987012389659     
                    2     7.4999999999999997E-003    0.23151612842577818     
                    3     1.2500000000000001E-002    0.22567761013598411     
                    4     1.7500000000000002E-002    0.22349352666765143     
                    5     2.2499999999999999E-002    0.22244284027159270     
                    6     2.7500000000000000E-002    0.22175625816669642     
                    7     3.2500000000000001E-002    0.22132677951139931     
                    8     3.7500000000000006E-002    0.22093017138565266     
                    9     4.2499999999999996E-002    0.22051839965329173     
                   10     4.7500000000000001E-002    0.22011215749612578     
                   11     5.2500000000000005E-002    0.21981310494943751     
                   12     5.7499999999999996E-002    0.21964388567192789     
                   13     6.2500000000000000E-002    0.21961570329911212     
                   14     6.7500000000000004E-002    0.21985078496861038     
                   15     7.2500000000000009E-002    0.22028479446482627     
                   16     7.7499999999999999E-002    0.22093619795019703     
                   17     8.2500000000000004E-002    0.22186371388145770     
                   18     8.7499999999999994E-002    0.22315614130228806     
                   19     9.2499999999999999E-002    0.22470740099602157     
                   20     9.7500000000000003E-002    0.22641021839214237     
                   21    0.10250000000000001         0.22834108767762767     
                   22    0.10750000000000000         0.23046160540230320     
                   23    0.11250000000000000         0.23277746346804346     
                   24    0.11749999999999999         0.23527511918271984     
                   25    0.12250000000000000         0.23789802848359551     
                   26    0.12750000000000000         0.24067212065829097     
                   27    0.13250000000000001         0.24367240564849191     
                   28    0.13750000000000001         0.24682380661528142     
                   29    0.14250000000000002         0.25008744387976184     
                   30    0.14749999999999999         0.25358332448745324     
                   31    0.15250000000000000         0.25733372370656410     
                   32    0.15750000000000000         0.26126011445515701     
                   33    0.16250000000000001         0.26526062687612334     
                   34    0.16750000000000001         0.26818462874568261     
                   35    0.17250000000000001         0.26233275728737343     
                   36    0.17749999999999999         0.21183108800052775     
                   37    0.18250000000000000         0.10230703367287540     
                   38    0.18750000000000000          2.5858908415704936E-002
                   39    0.19250000000000000          2.0528650485286139E-003
                   40    0.19750000000000001          0.0000000000000000     
                   41    0.20250000000000001          0.0000000000000000     
                   42    0.20750000000000002          0.0000000000000000     
                   43    0.21249999999999999          0.0000000000000000     
                   44    0.21750000000000000          0.0000000000000000     
                   45    0.22250000000000000          0.0000000000000000     
                   46    0.22750000000000001          0.0000000000000000     
                   47    0.23250000000000001          0.0000000000000000     
                   48    0.23749999999999999          0.0000000000000000     
                   49    0.24249999999999999          0.0000000000000000     
                   50    0.24750000000000000          0.0000000000000000     
                   51    0.25250000000000000          0.0000000000000000     
                   52    0.25750000000000001          0.0000000000000000     
                   53    0.26250000000000001          0.0000000000000000     
                   54    0.26750000000000002          0.0000000000000000     
                   55    0.27250000000000002          0.0000000000000000     
                   56    0.27750000000000002          0.0000000000000000     
                   57    0.28250000000000003          0.0000000000000000     
                   58    0.28749999999999998          0.0000000000000000     
                   59    0.29249999999999998          0.0000000000000000     
                   60    0.29749999999999999          0.0000000000000000     
