                    1     2.5000000000000001E-003     2.1888527778088841E-002
                    2     7.4999999999999997E-003     2.1937242592036870E-002
                    3     1.2500000000000001E-002     2.2009585954373374E-002
                    4     1.7500000000000002E-002     2.2089393290924974E-002
                    5     2.2499999999999999E-002     2.2175978317746113E-002
                    6     2.7500000000000000E-002     2.2269599608823566E-002
                    7     3.2500000000000001E-002     2.2370916115257312E-002
                    8     3.7500000000000006E-002     2.2480703876443641E-002
                    9     4.2499999999999996E-002     2.2599993039122690E-002
                   10     4.7500000000000001E-002     2.2730022360293971E-002
                   11     5.2500000000000005E-002     2.2872250991828814E-002
                   12     5.7499999999999996E-002     2.3028311929211179E-002
                   13     6.2500000000000000E-002     2.3200115391848040E-002
                   14     6.7500000000000004E-002     2.3389937453303367E-002
                   15     7.2500000000000009E-002     2.3600324346684895E-002
                   16     7.7499999999999999E-002     2.3834397557703932E-002
                   17     8.2500000000000004E-002     2.4095896289765176E-002
                   18     8.7499999999999994E-002     2.4389278766864472E-002
                   19     9.2499999999999999E-002     2.4719735523613416E-002
                   20     9.7500000000000003E-002     2.5093782160788846E-002
                   21    0.10250000000000001          2.5519768740108795E-002
                   22    0.10750000000000000          2.6007978911124999E-002
                   23    0.11250000000000000          2.6571638153687661E-002
                   24    0.11749999999999999          2.7227630568340641E-002
                   25    0.12250000000000000          2.7998222415911340E-002
                   26    0.12750000000000000          2.8913404517532233E-002
                   27    0.13250000000000001          3.0014010606652104E-002
                   28    0.13750000000000001          3.1356653106348345E-002
                   29    0.14250000000000002          3.3021994909322575E-002
                   30    0.14749999999999999          3.5131471570766765E-002
                   31    0.15250000000000000          3.7867793890065900E-002
                   32    0.15750000000000000          4.1523477954952544E-002
                   33    0.16250000000000001          4.6584420543983554E-002
                   34    0.16750000000000001          5.3903164134297132E-002
                   35    0.17250000000000001          6.5003322853176573E-002
                   36    0.17749999999999999          8.2035713997120077E-002
                   37    0.18250000000000000         0.10313440341368307     
                   38    0.18750000000000000         0.11757744233094454     
                   39    0.19250000000000000         0.12286597815278619     
                   40    0.19750000000000001         0.12271642989555549     
                   41    0.20250000000000001         0.12432202345079675     
                   42    0.20750000000000002         0.12610287062731473     
                   43    0.21249999999999999         0.12770408096245572     
                   44    0.21750000000000000         0.12914130804736176     
                   45    0.22250000000000000         0.13042815723080184     
                   46    0.22750000000000001         0.13157647392044278     
                   47    0.23250000000000001         0.13259653113560599     
                   48    0.23749999999999999         0.13349718754615045     
                   49    0.24249999999999999         0.13428604386828838     
                   50    0.24750000000000000         0.13496960024723581     
                   51    0.25250000000000000         0.13555340718972064     
                   52    0.25750000000000001         0.13604220182855450     
                   53    0.26250000000000001         0.13644002447510495     
                   54    0.26750000000000002         0.13675031413618305     
                   55    0.27250000000000002         0.13697598439054956     
                   56    0.27750000000000002         0.13711948241540961     
                   57    0.28250000000000003         0.13718283429031600     
                   58    0.28749999999999998         0.13716767940403568     
                   59    0.29249999999999998         0.13707529620719427     
                   60    0.29749999999999999         0.13690662092191772     
