                    1     2.5000000000000001E-003    0.28385682026516468     
                    2     7.4999999999999997E-003    0.23215667232974235     
                    3     1.2500000000000001E-002    0.22781160905202336     
                    4     1.7500000000000002E-002    0.22603656733713792     
                    5     2.2499999999999999E-002    0.22516422076515022     
                    6     2.7500000000000000E-002    0.22456733932707282     
                    7     3.2500000000000001E-002    0.22399556410762345     
                    8     3.7500000000000006E-002    0.22333271060393711     
                    9     4.2499999999999996E-002    0.22263942654542457     
                   10     4.7500000000000001E-002    0.22198629611716478     
                   11     5.2500000000000005E-002    0.22149918408521813     
                   12     5.7499999999999996E-002    0.22119008899690559     
                   13     6.2500000000000000E-002    0.22109357071762320     
                   14     6.7500000000000004E-002    0.22130437165456715     
                   15     7.2500000000000009E-002    0.22184943188751383     
                   16     7.7499999999999999E-002    0.22271496495508492     
                   17     8.2500000000000004E-002    0.22379686282842354     
                   18     8.7499999999999994E-002    0.22514744128449241     
                   19     9.2499999999999999E-002    0.22673720098811778     
                   20     9.7500000000000003E-002    0.22826563198094368     
                   21    0.10250000000000001         0.22949529954847639     
                   22    0.10750000000000000         0.23002422252147781     
                   23    0.11250000000000000         0.22911153842427998     
                   24    0.11749999999999999         0.22515049263640771     
                   25    0.12250000000000000         0.21230170300532181     
                   26    0.12750000000000000         0.16672923706361284     
                   27    0.13250000000000001          8.4334788986434692E-002
                   28    0.13750000000000001          2.5995980076501266E-002
                   29    0.14250000000000002          5.8734954388483303E-003
                   30    0.14749999999999999          0.0000000000000000     
                   31    0.15250000000000000          0.0000000000000000     
                   32    0.15750000000000000          0.0000000000000000     
                   33    0.16250000000000001          0.0000000000000000     
                   34    0.16750000000000001          0.0000000000000000     
                   35    0.17250000000000001          0.0000000000000000     
                   36    0.17749999999999999          0.0000000000000000     
                   37    0.18250000000000000          0.0000000000000000     
                   38    0.18750000000000000          0.0000000000000000     
                   39    0.19250000000000000          0.0000000000000000     
                   40    0.19750000000000001          0.0000000000000000     
                   41    0.20250000000000001          0.0000000000000000     
                   42    0.20750000000000002          0.0000000000000000     
                   43    0.21249999999999999          0.0000000000000000     
                   44    0.21750000000000000          0.0000000000000000     
                   45    0.22250000000000000          0.0000000000000000     
                   46    0.22750000000000001          0.0000000000000000     
                   47    0.23250000000000001          0.0000000000000000     
                   48    0.23749999999999999          0.0000000000000000     
                   49    0.24249999999999999          0.0000000000000000     
                   50    0.24750000000000000          0.0000000000000000     
                   51    0.25250000000000000          0.0000000000000000     
                   52    0.25750000000000001          0.0000000000000000     
                   53    0.26250000000000001          0.0000000000000000     
                   54    0.26750000000000002          0.0000000000000000     
                   55    0.27250000000000002          0.0000000000000000     
                   56    0.27750000000000002          0.0000000000000000     
                   57    0.28250000000000003          0.0000000000000000     
                   58    0.28749999999999998          0.0000000000000000     
                   59    0.29249999999999998          0.0000000000000000     
                   60    0.29749999999999999          0.0000000000000000     
