                    1     2.5000000000000001E-003    -1.0725926900025790E-015
                    2     7.4999999999999997E-003    -1.9974249800445733E-015
                    3     1.2500000000000001E-002    -2.5493848872554574E-015
                    4     1.7500000000000002E-002    -3.2242464022933442E-015
                    5     2.2499999999999999E-002    -4.0909989867507993E-015
                    6     2.7500000000000000E-002    -5.2374251395271975E-015
                    7     3.2500000000000001E-002    -6.7700858552209571E-015
                    8     3.7500000000000006E-002    -8.8531501265641280E-015
                    9     4.2499999999999996E-002    -1.1733568455357654E-014
                   10     4.7500000000000001E-002    -1.5778922420992909E-014
                   11     5.2500000000000005E-002    -2.1565548529550376E-014
                   12     5.7499999999999996E-002    -2.9986221373080348E-014
                   13     6.2500000000000000E-002    -4.2535602224872145E-014
                   14     6.7500000000000004E-002    -6.1651269876382082E-014
                   15     7.2500000000000009E-002    -9.1579323037729792E-014
                   16     7.7499999999999999E-002    -1.3996879809235613E-013
                   17     8.2500000000000004E-002    -2.2098014449107180E-013
                   18     8.7499999999999994E-002    -3.6236238743066460E-013
                   19     9.2499999999999999E-002    -6.2127711181809672E-013
                   20     9.7500000000000003E-002    -1.1260991093337078E-012
                   21    0.10250000000000001         -2.1856859820912367E-012
                   22    0.10750000000000000         -4.6312018073454997E-012
                   23    0.11250000000000000         -1.1020328853651688E-011
                   24    0.11749999999999999         -3.0789386619874002E-011
                   25    0.12250000000000000         -1.0844589689779442E-010
                   26    0.12750000000000000         -5.4087047626079516E-010
                   27    0.13250000000000001         -4.3137711006678355E-009
                   28    0.13750000000000001         -3.4438664486298205E-008
                   29    0.14250000000000002         -1.0214912226260319E-007
                   30    0.14749999999999999         -9.2703109768353160E-008
                   31    0.15250000000000000         -5.4690258883946277E-008
                   32    0.15750000000000000         -3.0848002213487249E-008
                   33    0.16250000000000001         -2.9295091822267058E-008
                   34    0.16750000000000001         -2.7804984682933831E-008
                   35    0.17250000000000001         -2.6385932366786972E-008
                   36    0.17749999999999999         -2.5038064611055960E-008
                   37    0.18250000000000000         -2.3755296010433529E-008
                   38    0.18750000000000000         -2.2528819647590243E-008
                   39    0.19250000000000000         -2.1349678231724086E-008
                   40    0.19750000000000001         -2.0210031741301216E-008
                   41    0.20250000000000001         -1.9103496887473174E-008
                   42    0.20750000000000002         -1.8025012451589261E-008
                   43    0.21249999999999999         -1.6970544345834047E-008
                   44    0.21750000000000000         -1.5936792654692685E-008
                   45    0.22250000000000000         -1.4920960896918813E-008
                   46    0.22750000000000001         -1.3920594802987982E-008
                   47    0.23250000000000001         -1.2933477206985845E-008
                   48    0.23749999999999999         -1.1957561704402981E-008
                   49    0.24249999999999999         -1.0990930553747835E-008
                   50    0.24750000000000000         -1.0031766719790455E-008
                   51    0.25250000000000000         -9.0783338200522717E-009
                   52    0.25750000000000001         -8.1289604680663320E-009
                   53    0.26250000000000001         -7.1820271984918742E-009
                   54    0.26750000000000002         -6.2359550981698266E-009
                   55    0.27250000000000002         -5.2891957346445787E-009
                   56    0.27750000000000002         -4.3402221789738778E-009
                   57    0.28250000000000003         -3.3875209974308951E-009
                   58    0.28749999999999998         -2.4295851138120941E-009
                   59    0.29249999999999998         -1.4649074581263248E-009
                   60    0.29749999999999999         -4.9197533156776231E-010
