                    1   2.5000000000000001E-003   3.8982338298154083E-002
                    2   7.4999999999999997E-003   4.2312966731070718E-002
                    3   1.2500000000000001E-002   4.9004387007394845E-002
                    4   1.7500000000000002E-002   7.3846278579650759E-002
                    5   2.2499999999999999E-002  0.18302392825960612     
                    6   2.7500000000000000E-002  0.19354407452244837     
                    7   3.2500000000000001E-002  0.19617939214978505     
                    8   3.7500000000000006E-002  0.19786121422138328     
                    9   4.2499999999999996E-002  0.19881692177494623     
                   10   4.7500000000000001E-002  0.19932015069935305     
                   11   5.2500000000000005E-002  0.19957249981285707     
                   12   5.7499999999999996E-002  0.19969601523460984     
                   13   6.2500000000000000E-002  0.19975723181617999     
                   14   6.7500000000000004E-002  0.19978992621488442     
                   15   7.2500000000000009E-002  0.19981026991126455     
                   16   7.7499999999999999E-002  0.19982557847925056     
                   17   8.2500000000000004E-002  0.19983895019460998     
                   18   8.7499999999999994E-002  0.19985157531271061     
                   19   9.2499999999999999E-002  0.19986382704613107     
                   20   9.7500000000000003E-002  0.19987575334400670     
                   21  0.10250000000000001       0.19988728881499140     
                   22  0.10750000000000000       0.19989834173570165     
                   23  0.11250000000000000       0.19990882750605060     
                   24  0.11749999999999999       0.19991867995043991     
                   25  0.12250000000000000       0.19992785373919753     
                   26  0.12750000000000000       0.19993632336102352     
                   27  0.13250000000000001       0.19994408082227580     
                   28  0.13750000000000001       0.19995113294602046     
                   29  0.14250000000000002       0.19995749863510576     
                   30  0.14749999999999999       0.19996320626483086     
                   31  0.15250000000000000       0.19996829128865229     
                   32  0.15750000000000000       0.19997279410108620     
                   33  0.16250000000000001       0.19997675817881938     
                   34  0.16750000000000001       0.19998022850491140     
                   35  0.17250000000000001       0.19998325026891922     
                   36  0.17749999999999999       0.19998586782685368     
                   37  0.18250000000000000       0.19998812389866913     
                   38  0.18750000000000000       0.19999005897715078     
                   39  0.19250000000000000       0.19999171092023851     
                   40  0.19750000000000001       0.19999311469861675     
                   41  0.20250000000000001       0.19999430227142304     
                   42  0.20750000000000002       0.19999530256482456     
                   43  0.21249999999999999       0.19999614153066309     
                   44  0.21750000000000000       0.19999684226512371     
                   45  0.22250000000000000       0.19999742517022920     
                   46  0.22750000000000001       0.19999790814374774     
                   47  0.23250000000000001       0.19999830678572550     
                   48  0.23749999999999999       0.19999863461222372     
                   49  0.24249999999999999       0.19999890326888639     
                   50  0.24750000000000000       0.19999912273853035     
                   51  0.25250000000000000       0.19999930153761494     
                   52  0.25750000000000001       0.19999944689495971     
                   53  0.26250000000000001       0.19999956489881407     
                   54  0.26750000000000002       0.19999966057538007     
                   55  0.27250000000000002       0.19999973779704475     
                   56  0.27750000000000002       0.19999979874712639     
                   57  0.28250000000000003       0.19999984223862205     
                   58  0.28749999999999998       0.19999985916792018     
                   59  0.29249999999999998       0.19999982112135989     
                   60  0.29749999999999999       0.19999965345628415     
