                    1   2.5000000000000001E-003  0.18180937836959121     
                    2   7.4999999999999997E-003  0.18960191389997849     
                    3   1.2500000000000001E-002  0.18136275521073164     
                    4   1.7500000000000002E-002  0.18251913479415791     
                    5   2.2499999999999999E-002  0.19279031734677810     
                    6   2.7500000000000000E-002  0.17947036767019195     
                    7   3.2500000000000001E-002  0.16922336756180964     
                    8   3.7500000000000006E-002  0.17768279167043660     
                    9   4.2499999999999996E-002  0.17894954151123180     
                   10   4.7500000000000001E-002  0.17511875288510342     
                   11   5.2500000000000005E-002  0.17975556003380785     
                   12   5.7499999999999996E-002  0.18079225836175733     
                   13   6.2500000000000000E-002  0.19465187868475264     
                   14   6.7500000000000004E-002  0.20000669965070686     
                   15   7.2500000000000009E-002  0.19245006059301356     
                   16   7.7499999999999999E-002  0.19188846465214454     
                   17   8.2500000000000004E-002  0.19418754345586897     
                   18   8.7499999999999994E-002  0.19904184450766568     
                   19   9.2499999999999999E-002  0.21781102781487516     
                   20   9.7500000000000003E-002  0.23623138396471524     
                   21  0.10250000000000001       0.22205108033361998     
                   22  0.10750000000000000       0.20175206553653990     
                   23  0.11250000000000000       0.20447959036779395     
                   24  0.11749999999999999       0.21479248633065520     
                   25  0.12250000000000000       0.21141273658984264     
                   26  0.12750000000000000       0.20779796885324181     
                   27  0.13250000000000001       0.20860723352520208     
                   28  0.13750000000000001       0.21357853870754101     
                   29  0.14250000000000002       0.21620213196479682     
                   30  0.14749999999999999       0.19972750268755646     
                   31  0.15250000000000000        3.9089462665606277E-002
                   32  0.15750000000000000        0.0000000000000000     
                   33  0.16250000000000001        0.0000000000000000     
                   34  0.16750000000000001        0.0000000000000000     
                   35  0.17250000000000001        0.0000000000000000     
                   36  0.17749999999999999        0.0000000000000000     
                   37  0.18250000000000000        0.0000000000000000     
                   38  0.18750000000000000        0.0000000000000000     
                   39  0.19250000000000000        0.0000000000000000     
                   40  0.19750000000000001        0.0000000000000000     
                   41  0.20250000000000001        0.0000000000000000     
                   42  0.20750000000000002        0.0000000000000000     
                   43  0.21249999999999999        0.0000000000000000     
                   44  0.21750000000000000        0.0000000000000000     
                   45  0.22250000000000000        0.0000000000000000     
                   46  0.22750000000000001        0.0000000000000000     
                   47  0.23250000000000001        0.0000000000000000     
                   48  0.23749999999999999        0.0000000000000000     
                   49  0.24249999999999999        0.0000000000000000     
                   50  0.24750000000000000        0.0000000000000000     
                   51  0.25250000000000000        0.0000000000000000     
                   52  0.25750000000000001        0.0000000000000000     
                   53  0.26250000000000001        0.0000000000000000     
                   54  0.26750000000000002        0.0000000000000000     
                   55  0.27250000000000002        0.0000000000000000     
                   56  0.27750000000000002        0.0000000000000000     
                   57  0.28250000000000003        0.0000000000000000     
                   58  0.28749999999999998        0.0000000000000000     
                   59  0.29249999999999998        0.0000000000000000     
                   60  0.29749999999999999        0.0000000000000000     
