                    1   0.0000000000000000       -5.5768386242016623     
                    2   5.0000000000000001E-003  -5.4708983615925835     
                    3   1.0000000000000000E-002  -5.3428230866926567     
                    4   1.4999999999999999E-002  -5.2118139172560038     
                    5   2.0000000000000000E-002  -5.0784521844812156     
                    6   2.5000000000000001E-002  -4.9436749509095037     
                    7   2.9999999999999999E-002  -4.8081150273546136     
                    8   3.5000000000000003E-002  -4.6716318425316921     
                    9   4.0000000000000001E-002  -4.5342854048010643     
                   10   4.4999999999999998E-002  -4.3966551833476331     
                   11   5.0000000000000003E-002  -4.2586216083646162     
                   12   5.5000000000000000E-002  -4.1202015081522658     
                   13   5.9999999999999998E-002  -3.9815402574414129     
                   14   6.5000000000000002E-002  -3.8427540847907875     
                   15   7.0000000000000007E-002  -3.7042589956410339     
                   16   7.4999999999999997E-002  -3.5658877479986444     
                   17   8.0000000000000002E-002  -3.4277794213016683     
                   18   8.5000000000000006E-002  -3.2901750215246119     
                   19   8.9999999999999997E-002  -3.1529294236534104     
                   20   9.5000000000000001E-002  -3.0162573393306005     
                   21  0.10000000000000001       -2.8800150697663431     
                   22  0.10500000000000000       -2.7442302932247387     
                   23  0.11000000000000000       -2.6091710574448110     
                   24  0.11500000000000000       -2.4745740939312268     
                   25  0.12000000000000000       -2.3400040390620962     
                   26  0.12500000000000000       -2.2057157481887759     
                   27  0.13000000000000000       -2.0712559910881785     
                   28  0.13500000000000001       -1.9363824751861376     
                   29  0.14000000000000001       -1.8018364285755872     
                   30  0.14499999999999999       -1.6671790875609731     
                   31  0.14999999999999999       -1.5322440085940017     
                   32  0.15500000000000000       -1.3971876041888907     
                   33  0.16000000000000000       -1.2621307815430631     
                   34  0.16500000000000001       -1.1271987696532368     
                   35  0.17000000000000001      -0.99284253899586195     
                   36  0.17500000000000002      -0.85622051924015907     
                   37  0.17999999999999999      -0.68861265155369389     
                   38  0.18500000000000000      -0.48730550955555080     
                   39  0.19000000000000000      -0.27371405813204353     
                   40  0.19500000000000001       -5.6537649222447639E-002
                   41  0.20000000000000001       0.16102352480332566     
                   42  0.20500000000000002       0.37842572902166932     
                   43  0.20999999999999999       0.59568444846307922     
                   44  0.21500000000000000       0.81281559842477868     
                   45  0.22000000000000000        1.0298353797635724     
                   46  0.22500000000000001        1.2467601437616862     
                   47  0.23000000000000001        1.4636062741511502     
                   48  0.23500000000000001        1.6803900908171134     
                   49  0.23999999999999999        1.8971277769768728     
                   50  0.24500000000000000        2.1138353294250640     
                   51  0.25000000000000000        2.3305285298223080     
                   52  0.25500000000000000        2.5472229339804922     
                   53  0.26000000000000001        2.7639338756014689     
                   54  0.26500000000000001        2.9806764808619080     
                   55  0.27000000000000002        3.1974656904953305     
                   56  0.27500000000000002        3.4143162864940115     
                   57  0.28000000000000003        3.6312429211411441     
                   58  0.28500000000000003        3.8482601467074868     
                   59  0.28999999999999998        4.0653824447462661     
                   60  0.29499999999999998        4.2826242544533519     
                   61  0.29999999999999999        4.5000000000000000     
