                    1   2.5000000000000001E-003  -154.78669942886140     
                    2   7.4999999999999997E-003  -154.49192072472303     
                    3   1.2500000000000001E-002  -154.12170119263220     
                    4   1.7500000000000002E-002  -153.66547151135410     
                    5   2.2499999999999999E-002  -153.11177230938242     
                    6   2.7500000000000000E-002  -152.44365284264461     
                    7   3.2500000000000001E-002  -151.63461977106471     
                    8   3.7500000000000006E-002  -150.63910992632555     
                    9   4.2499999999999996E-002  -149.37145513194866     
                   10   4.7500000000000001E-002  -147.65672598096202     
                   11   5.2500000000000005E-002  -145.07959331660322     
                   12   5.7499999999999996E-002  -140.40773032283724     
                   13   6.2500000000000000E-002  -128.56416517218014     
                   14   6.7500000000000004E-002  -92.853202480181324     
                   15   7.2500000000000009E-002  -61.151127692794638     
                   16   7.7499999999999999E-002  -49.876387887600323     
                   17   8.2500000000000004E-002  -47.377244983246513     
                   18   8.7499999999999994E-002  -46.695398007613178     
                   19   9.2499999999999999E-002  -45.993902242827907     
                   20   9.7500000000000003E-002  -45.276153575420444     
                   21  0.10250000000000001       -44.544372665405511     
                   22  0.10750000000000000       -43.800387789261222     
                   23  0.11250000000000000       -43.045953851573110     
                   24  0.11749999999999999       -42.282858308100053     
                   25  0.12250000000000000       -41.512934846033453     
                   26  0.12750000000000000       -40.738044855941808     
                   27  0.13250000000000001       -39.960054421535574     
                   28  0.13750000000000001       -39.180817197880472     
                   29  0.14250000000000002       -38.402164989261593     
                   30  0.14749999999999999       -37.625904355524526     
                   31  0.15250000000000000       -36.853816752812158     
                   32  0.15750000000000000       -36.087660065238985     
                   33  0.16250000000000001       -35.329170087594235     
                   34  0.16750000000000001       -34.580061186933698     
                   35  0.17250000000000001       -33.842025863743743     
                   36  0.17749999999999999       -33.116733237768543     
                   37  0.18250000000000000       -32.405826637140230     
                   38  0.18750000000000000       -31.710920521207740     
                   39  0.19250000000000000       -31.033596960313670     
                   40  0.19750000000000001       -30.375401860904386     
                   41  0.20250000000000001       -29.737841081415880     
                   42  0.20750000000000002       -29.122376544125231     
                   43  0.21249999999999999       -28.530422415251167     
                   44  0.21750000000000000       -27.963341400980063     
                   45  0.22250000000000000       -27.422441189997734     
                   46  0.22750000000000001       -26.908971061826115     
                   47  0.23250000000000001       -26.424118673234506     
                   48  0.23749999999999999       -25.969007030700681     
                   49  0.24249999999999999       -25.544691654322190     
                   50  0.24750000000000000       -25.152157936960364     
                   51  0.25250000000000000       -24.792318701286572     
                   52  0.25750000000000001       -24.466011956512453     
                   53  0.26250000000000001       -24.173998855821225     
                   54  0.26750000000000002       -23.916961854749736     
                   55  0.27250000000000002       -23.695503069935903     
                   56  0.27750000000000002       -23.510142836565244     
                   57  0.28250000000000003       -23.361318461091550     
                   58  0.28749999999999998       -23.249383162433702     
                   59  0.29249999999999998       -23.174605187798424     
                   60  0.29749999999999999       -23.137167073809948     
