                    1   2.5000000000000001E-003   2.4158463077472336E-002
                    2   7.4999999999999997E-003   2.6077236024190289E-002
                    3   1.2500000000000001E-002   3.1147291246333593E-002
                    4   1.7500000000000002E-002   6.1508610876283107E-002
                    5   2.2499999999999999E-002  0.14942565568036545     
                    6   2.7500000000000000E-002  0.17576523165565994     
                    7   3.2500000000000001E-002  0.17912422453677238     
                    8   3.7500000000000006E-002  0.18200252758903851     
                    9   4.2499999999999996E-002  0.18449488524899965     
                   10   4.7500000000000001E-002  0.18664576286350809     
                   11   5.2500000000000005E-002  0.18849147232809402     
                   12   5.7499999999999996E-002  0.19006898464331357     
                   13   6.2500000000000000E-002  0.19141500780185514     
                   14   6.7500000000000004E-002  0.19256376683473653     
                   15   7.2500000000000009E-002  0.19354562033615255     
                   16   7.7499999999999999E-002  0.19438663488561270     
                   17   8.2500000000000004E-002  0.19510877748073618     
                   18   8.7499999999999994E-002  0.19573039807019060     
                   19   9.2499999999999999E-002  0.19626678863479291     
                   20   9.7500000000000003E-002  0.19673070854565966     
                   21  0.10250000000000001       0.19713283384689667     
                   22  0.10750000000000000       0.19748212477907182     
                   23  0.11250000000000000       0.19778612169865112     
                   24  0.11749999999999999       0.19805118378776831     
                   25  0.12250000000000000       0.19828268384259570     
                   26  0.12750000000000000       0.19848516955146156     
                   27  0.13250000000000001       0.19866249875149247     
                   28  0.13750000000000001       0.19881795383040254     
                   29  0.14250000000000002       0.19895433882238411     
                   30  0.14749999999999999       0.19907406171807343     
                   31  0.15250000000000000       0.19917920389799657     
                   32  0.15750000000000000       0.19927157825351971     
                   33  0.16250000000000001       0.19935277736493054     
                   34  0.16750000000000001       0.19942421298719479     
                   35  0.17250000000000001       0.19948714800488537     
                   36  0.17749999999999999       0.19954272193467398     
                   37  0.18250000000000000       0.19959197096607076     
                   38  0.18750000000000000       0.19963584343628904     
                   39  0.19250000000000000       0.19967521153497658     
                   40  0.19750000000000001       0.19971087993280121     
                   41  0.20250000000000001       0.19974359192866720     
                   42  0.20750000000000002       0.19977403361745824     
                   43  0.21249999999999999       0.19980283649662320     
                   44  0.21750000000000000       0.19983057885760450     
                   45  0.22250000000000000       0.19985778624808903     
                   46  0.22750000000000001       0.19988493124312035     
                   47  0.23250000000000001       0.19991243271161099     
                   48  0.23749999999999999       0.19994065477574496     
                   49  0.24249999999999999       0.19996990568556625     
                   50  0.24750000000000000       0.20000043657175920     
                   51  0.25250000000000000       0.20003244022265571     
                   52  0.25750000000000001       0.20006605013860759     
                   53  0.26250000000000001       0.20010133987041828     
                   54  0.26750000000000002       0.20013832270924414     
                   55  0.27250000000000002       0.20017695176867270     
                   56  0.27750000000000002       0.20021712046652959     
                   57  0.28250000000000003       0.20025866337486378     
                   58  0.28749999999999998       0.20030135736213842     
                   59  0.29249999999999998       0.20034492290304740     
                   60  0.29749999999999999       0.20038902537919787     
