                    1   2.5000000000000001E-003  0.25894780709537535     
                    2   7.4999999999999997E-003  0.22643474328465524     
                    3   1.2500000000000001E-002  0.22221308756980390     
                    4   1.7500000000000002E-002  0.21884952942602673     
                    5   2.2499999999999999E-002  0.21680445078761215     
                    6   2.7500000000000000E-002  0.21563186379339216     
                    7   3.2500000000000001E-002  0.21425623741729610     
                    8   3.7500000000000006E-002  0.21295491836263647     
                    9   4.2499999999999996E-002  0.21243343187370886     
                   10   4.7500000000000001E-002  0.21172907973939603     
                   11   5.2500000000000005E-002  0.21102610409421418     
                   12   5.7499999999999996E-002  0.21049380103144857     
                   13   6.2500000000000000E-002  0.21008657815957441     
                   14   6.7500000000000004E-002  0.21020567881135549     
                   15   7.2500000000000009E-002  0.21004424200278610     
                   16   7.7499999999999999E-002  0.21000621664377106     
                   17   8.2500000000000004E-002  0.21021329958039342     
                   18   8.7499999999999994E-002  0.21010700860435622     
                   19   9.2499999999999999E-002  0.21014092779788424     
                   20   9.7500000000000003E-002  0.20975894328599862     
                   21  0.10250000000000001       0.20909602454469078     
                   22  0.10750000000000000       0.20832318301817962     
                   23  0.11250000000000000       0.20640495499742115     
                   24  0.11749999999999999       0.20250719487206367     
                   25  0.12250000000000000       0.19628088697640403     
                   26  0.12750000000000000       0.18305679565348132     
                   27  0.13250000000000001       0.14651639330450514     
                   28  0.13750000000000001       0.10646583298220480     
                   29  0.14250000000000002        2.4259039643036173E-002
                   30  0.14749999999999999        3.5831007828571065E-003
                   31  0.15250000000000000        5.3713760666051738E-005
                   32  0.15750000000000000        0.0000000000000000     
                   33  0.16250000000000001        0.0000000000000000     
                   34  0.16750000000000001        0.0000000000000000     
                   35  0.17250000000000001        0.0000000000000000     
                   36  0.17749999999999999        0.0000000000000000     
                   37  0.18250000000000000        0.0000000000000000     
                   38  0.18750000000000000        0.0000000000000000     
                   39  0.19250000000000000        0.0000000000000000     
                   40  0.19750000000000001        0.0000000000000000     
                   41  0.20250000000000001        0.0000000000000000     
                   42  0.20750000000000002        0.0000000000000000     
                   43  0.21249999999999999        0.0000000000000000     
                   44  0.21750000000000000        0.0000000000000000     
                   45  0.22250000000000000        0.0000000000000000     
                   46  0.22750000000000001        0.0000000000000000     
                   47  0.23250000000000001        0.0000000000000000     
                   48  0.23749999999999999        0.0000000000000000     
                   49  0.24249999999999999        0.0000000000000000     
                   50  0.24750000000000000        0.0000000000000000     
                   51  0.25250000000000000        0.0000000000000000     
                   52  0.25750000000000001        0.0000000000000000     
                   53  0.26250000000000001        0.0000000000000000     
                   54  0.26750000000000002        0.0000000000000000     
                   55  0.27250000000000002        0.0000000000000000     
                   56  0.27750000000000002        0.0000000000000000     
                   57  0.28250000000000003        0.0000000000000000     
                   58  0.28749999999999998        0.0000000000000000     
                   59  0.29249999999999998        0.0000000000000000     
                   60  0.29749999999999999        0.0000000000000000     
