                    1   2.5000000000000001E-003  -10.172569608644647     
                    2   7.4999999999999997E-003  -11.935907217240834     
                    3   1.2500000000000001E-002  -12.187166425580441     
                    4   1.7500000000000002E-002  -12.389790605765914     
                    5   2.2499999999999999E-002  -12.511616433187228     
                    6   2.7500000000000000E-002  -12.578204068928882     
                    7   3.2500000000000001E-002  -12.657474098937554     
                    8   3.7500000000000006E-002  -12.731410227611009     
                    9   4.2499999999999996E-002  -12.753815029011790     
                   10   4.7500000000000001E-002  -12.786810419414310     
                   11   5.2500000000000005E-002  -12.818087869493773     
                   12   5.7499999999999996E-002  -12.836228771403857     
                   13   6.2500000000000000E-002  -12.843697047292814     
                   14   6.7500000000000004E-002  -12.813652290429872     
                   15   7.2500000000000009E-002  -12.798311789338916     
                   16   7.7499999999999999E-002  -12.770294132679828     
                   17   8.2500000000000004E-002  -12.720478650182566     
                   18   8.7499999999999994E-002  -12.683460059298199     
                   19   9.2499999999999999E-002  -12.627289300701090     
                   20   9.7500000000000003E-002  -12.583921544927257     
                   21  0.10250000000000001       -12.538598569151567     
                   22  0.10750000000000000       -12.470667005687563     
                   23  0.11250000000000000       -12.428604893290895     
                   24  0.11749999999999999       -12.430797309167342     
                   25  0.12250000000000000       -12.425990279460347     
                   26  0.12750000000000000       -12.536783018108631     
                   27  0.13250000000000001       -13.407313486861625     
                   28  0.13750000000000001       -15.699154845576658     
                   29  0.14250000000000002       -18.662506608059211     
                   30  0.14749999999999999       -20.480569591910722     
                   31  0.15250000000000000       -20.899174993644710     
                   32  0.15750000000000000       -20.868073473157722     
                   33  0.16250000000000001       -20.783908810079637     
                   34  0.16750000000000001       -20.703645275553683     
                   35  0.17250000000000001       -20.628465849887199     
                   36  0.17749999999999999       -20.558719313072903     
                   37  0.18250000000000000       -20.494376878823150     
                   38  0.18750000000000000       -20.435262279807091     
                   39  0.19250000000000000       -20.381155919294095     
                   40  0.19750000000000001       -20.331837024572867     
                   41  0.20250000000000001       -20.287098291389455     
                   42  0.20750000000000002       -20.246749666343057     
                   43  0.21249999999999999       -20.210618492921391     
                   44  0.21750000000000000       -20.178548764423113     
                   45  0.22250000000000000       -20.150400315341109     
                   46  0.22750000000000001       -20.126048084159898     
                   47  0.23250000000000001       -20.105381394339187     
                   48  0.23749999999999999       -20.088303196726446     
                   49  0.24249999999999999       -20.074729256513063     
                   50  0.24750000000000000       -20.064587301785796     
                   51  0.25250000000000000       -20.057816167644553     
                   52  0.25750000000000001       -20.054364972389948     
                   53  0.26250000000000001       -20.054192356167931     
                   54  0.26750000000000002       -20.057265802605755     
                   55  0.27250000000000002       -20.063561053457903     
                   56  0.27750000000000002       -20.073061616436945     
                   57  0.28250000000000003       -20.085758357223007     
                   58  0.28749999999999998       -20.101649157200796     
                   59  0.29249999999999998       -20.120738607453614     
                   60  0.29749999999999999       -20.143037696401535     
