                    1   2.5000000000000001E-003  0.25882630584529559     
                    2   7.4999999999999997E-003  0.22627238767257429     
                    3   1.2500000000000001E-002  0.22199539697746029     
                    4   1.7500000000000002E-002  0.21856448374665993     
                    5   2.2499999999999999E-002  0.21643661501733122     
                    6   2.7500000000000000E-002  0.21516181622087749     
                    7   3.2500000000000001E-002  0.21365901588866537     
                    8   3.7500000000000006E-002  0.21219742646767936     
                    9   4.2499999999999996E-002  0.21147139633643211     
                   10   4.7500000000000001E-002  0.21050269614171518     
                   11   5.2500000000000005E-002  0.20945155793264764     
                   12   5.7499999999999996E-002  0.20845085169969835     
                   13   6.2500000000000000E-002  0.20739745277797872     
                   14   6.7500000000000004E-002  0.20659694457956551     
                   15   7.2500000000000009E-002  0.20507385991517027     
                   16   7.7499999999999999E-002  0.20290426753995608     
                   17   8.2500000000000004E-002  0.19950768978823599     
                   18   8.7499999999999994E-002  0.19253816309778118     
                   19   9.2499999999999999E-002  0.17624156850622810     
                   20   9.7500000000000003E-002  0.12952694312827939     
                   21  0.10250000000000001        6.8733808002697142E-002
                   22  0.10750000000000000        1.2696792663903812E-002
                   23  0.11250000000000000        1.9327672214204028E-003
                   24  0.11749999999999999        0.0000000000000000     
                   25  0.12250000000000000        0.0000000000000000     
                   26  0.12750000000000000        0.0000000000000000     
                   27  0.13250000000000001        0.0000000000000000     
                   28  0.13750000000000001        0.0000000000000000     
                   29  0.14250000000000002        0.0000000000000000     
                   30  0.14749999999999999        0.0000000000000000     
                   31  0.15250000000000000        0.0000000000000000     
                   32  0.15750000000000000        0.0000000000000000     
                   33  0.16250000000000001        0.0000000000000000     
                   34  0.16750000000000001        0.0000000000000000     
                   35  0.17250000000000001        0.0000000000000000     
                   36  0.17749999999999999        0.0000000000000000     
                   37  0.18250000000000000        0.0000000000000000     
                   38  0.18750000000000000        0.0000000000000000     
                   39  0.19250000000000000        0.0000000000000000     
                   40  0.19750000000000001        0.0000000000000000     
                   41  0.20250000000000001        0.0000000000000000     
                   42  0.20750000000000002        0.0000000000000000     
                   43  0.21249999999999999        0.0000000000000000     
                   44  0.21750000000000000        0.0000000000000000     
                   45  0.22250000000000000        0.0000000000000000     
                   46  0.22750000000000001        0.0000000000000000     
                   47  0.23250000000000001        0.0000000000000000     
                   48  0.23749999999999999        0.0000000000000000     
                   49  0.24249999999999999        0.0000000000000000     
                   50  0.24750000000000000        0.0000000000000000     
                   51  0.25250000000000000        0.0000000000000000     
                   52  0.25750000000000001        0.0000000000000000     
                   53  0.26250000000000001        0.0000000000000000     
                   54  0.26750000000000002        0.0000000000000000     
                   55  0.27250000000000002        0.0000000000000000     
                   56  0.27750000000000002        0.0000000000000000     
                   57  0.28250000000000003        0.0000000000000000     
                   58  0.28749999999999998        0.0000000000000000     
                   59  0.29249999999999998        0.0000000000000000     
                   60  0.29749999999999999        0.0000000000000000     
