                    1     2.5000000000000001E-003    -263.86119212643723     
                    2     7.4999999999999997E-003    -259.16955761372765     
                    3     1.2500000000000001E-002    -250.99373796857367     
                    4     1.7500000000000002E-002    -227.06948760637482     
                    5     2.2499999999999999E-002    -131.76387150876138     
                    6     2.7500000000000000E-002    -103.73584750961037     
                    7     3.2500000000000001E-002    -100.43501293767228     
                    8     3.7500000000000006E-002    -96.673847995740715     
                    9     4.2499999999999996E-002    -92.602919590355185     
                   10     4.7500000000000001E-002    -88.307234039527529     
                   11     5.2500000000000005E-002    -83.847682388501653     
                   12     5.7499999999999996E-002    -79.274613598242382     
                   13     6.2500000000000000E-002    -74.632822093361852     
                   14     6.7500000000000004E-002    -69.963456636373408     
                   15     7.2500000000000009E-002    -65.304652572645381     
                   16     7.7499999999999999E-002    -60.691596952876168     
                   17     8.2500000000000004E-002    -56.156368315268757     
                   18     8.7499999999999994E-002    -51.727727726509222     
                   19     9.2499999999999999E-002    -47.430945812033379     
                   20     9.7500000000000003E-002    -43.287698595587237     
                   21    0.10250000000000001         -39.316038554102676     
                   22    0.10750000000000000         -35.530436135969353     
                   23    0.11250000000000000         -31.941883646593972     
                   24    0.11749999999999999         -28.558053173809288     
                   25    0.12250000000000000         -25.383500660157740     
                   26    0.12750000000000000         -22.419908398904383     
                   27    0.13250000000000001         -19.666358032578962     
                   28    0.13750000000000001         -17.119625791887767     
                   29    0.14250000000000002         -14.774491492608592     
                   30    0.14749999999999999         -12.624052884369497     
                   31    0.15250000000000000         -10.660037381149714     
                   32    0.15750000000000000         -8.8731039726161320     
                   33    0.16250000000000001         -7.2531291396329607     
                   34    0.16750000000000001         -5.7894717785360994     
                   35    0.17250000000000001         -4.4712133823068170     
                   36    0.17749999999999999         -3.2873709528228039     
                   37    0.18250000000000000         -2.2270812665933946     
                   38    0.18750000000000000         -1.2797561457454818     
                   39    0.19250000000000000        -0.43520927193857889     
                   40    0.19750000000000001         0.31624418771820462     
                   41    0.20250000000000001         0.98371306912242917     
                   42    0.20750000000000002          1.5756802971687645     
                   43    0.21249999999999999          2.0999705240697510     
                   44    0.21750000000000000          2.5637380031792856     
                   45    0.22250000000000000          2.9734688706142416     
                   46    0.22750000000000001          3.3349959145633576     
                   47    0.23250000000000001          3.6535231745420274     
                   48    0.23749999999999999          3.9336579696534253     
                   49    0.24249999999999999          4.1794481678301301     
                   50    0.24750000000000000          4.3944227452632960     
                   51    0.25250000000000000          4.5816339334063798     
                   52    0.25750000000000001          4.7436994987153387     
                   53    0.26250000000000001          4.8828439383329529     
                   54    0.26750000000000002          5.0009375958699174     
                   55    0.27250000000000002          5.0995328999519387     
                   56    0.27750000000000002          5.1798971009304022     
                   57    0.28250000000000003          5.2430410269835228     
                   58    0.28749999999999998          5.2897435007072628     
                   59    0.29249999999999998          5.3205711539419678     
                   60    0.29749999999999999          5.3358934563914211     
