                    1     0.0000000000000000         -5.5024980213159829     
                    2     5.0000000000000001E-003    -5.3149792269767415     
                    3     1.0000000000000000E-002    -5.1163955719952785     
                    4     1.4999999999999999E-002    -4.9173827038905680     
                    5     2.0000000000000000E-002    -4.7182118014034522     
                    6     2.5000000000000001E-002    -4.5190110847765652     
                    7     2.9999999999999999E-002    -4.3198475625381789     
                    8     3.5000000000000003E-002    -4.1207649160234174     
                    9     4.0000000000000001E-002    -3.9217535667846617     
                   10     4.4999999999999998E-002    -3.7228350224944267     
                   11     5.0000000000000003E-002    -3.5240705895027982     
                   12     5.5000000000000000E-002    -3.3254864152137005     
                   13     5.9999999999999998E-002    -3.1271416272166102     
                   14     6.5000000000000002E-002    -2.9291087155830322     
                   15     7.0000000000000007E-002    -2.7314821240304603     
                   16     7.4999999999999997E-002    -2.5344220386785827     
                   17     8.0000000000000002E-002    -2.3380661844130652     
                   18     8.5000000000000006E-002    -2.1425643365222737     
                   19     8.9999999999999997E-002    -1.9480656011909083     
                   20     9.5000000000000001E-002    -1.7547627476578493     
                   21    0.10000000000000001         -1.5629009987057811     
                   22    0.10500000000000000         -1.3726828710208541     
                   23    0.11000000000000000         -1.1843678509974185     
                   24    0.11500000000000000        -0.99836729281390868     
                   25    0.12000000000000000        -0.81527628372524441     
                   26    0.12500000000000000        -0.63609544535203510     
                   27    0.13000000000000000        -0.46172708449129474     
                   28    0.13500000000000001        -0.29006714633490915     
                   29    0.14000000000000001        -0.11708424578222076     
                   30    0.14499999999999999          5.5402198997717020E-002
                   31    0.14999999999999999         0.22618820291798658     
                   32    0.15500000000000000         0.39549188079111969     
                   33    0.16000000000000000         0.56345295068962764     
                   34    0.16500000000000001         0.73019079230939299     
                   35    0.17000000000000001         0.89580827257678630     
                   36    0.17500000000000002          1.0603953927181429     
                   37    0.17999999999999999          1.2240322054478416     
                   38    0.18500000000000000          1.3867909532106131     
                   39    0.19000000000000000          1.5487375908444296     
                   40    0.19500000000000001          1.7099328825119362     
                   41    0.20000000000000001          1.8704332203722585     
                   42    0.20500000000000002          2.0302912621988742     
                   43    0.20999999999999999          2.1895564471267743     
                   44    0.21500000000000000          2.3482754246478250     
                   45    0.22000000000000000          2.5064924181286630     
                   46    0.22500000000000001          2.6642495365396779     
                   47    0.23000000000000001          2.8215870439555677     
                   48    0.23500000000000001          2.9785435940475753     
                   49    0.23999999999999999          3.1351564353374930     
                   50    0.24500000000000000          3.2914615919778711     
                   51    0.25000000000000000          3.4474940240531398     
                   52    0.25500000000000000          3.6032877707700832     
                   53    0.26000000000000001          3.7588760793825151     
                   54    0.26500000000000001          3.9142915222550716     
                   55    0.27000000000000002          4.0695661041033322     
                   56    0.27500000000000002          4.2247313611434096     
                   57    0.28000000000000003          4.3798184536359228     
                   58    0.28500000000000003          4.5348582531096708     
                   59    0.28999999999999998          4.6898814253928007     
                   60    0.29499999999999998          4.8449185104581716     
                   61    0.29999999999999999          5.0000000000000000     
