                    1     0.0000000000000000         -5.3523488183368055     
                    2     5.0000000000000001E-003    -5.1079167203645044     
                    3     1.0000000000000000E-002    -4.8492270034081564     
                    4     1.4999999999999999E-002    -4.5901878424580742     
                    5     2.0000000000000000E-002    -4.3312060071220388     
                    6     2.5000000000000001E-002    -4.0725037617892781     
                    7     2.9999999999999999E-002    -3.8142263633093907     
                    8     3.5000000000000003E-002    -3.5564923751627582     
                    9     4.0000000000000001E-002    -3.2993566955496685     
                   10     4.4999999999999998E-002    -3.0429216391085427     
                   11     5.0000000000000003E-002    -2.7873508087807886     
                   12     5.5000000000000000E-002    -2.5327777085042142     
                   13     5.9999999999999998E-002    -2.2794006211617974     
                   14     6.5000000000000002E-002    -2.0274703895461461     
                   15     7.0000000000000007E-002    -1.7773238932514339     
                   16     7.4999999999999997E-002    -1.5294809891411316     
                   17     8.0000000000000002E-002    -1.2846228842111618     
                   18     8.5000000000000006E-002    -1.0438360748900941     
                   19     8.9999999999999997E-002   -0.80911823649217629     
                   20     9.5000000000000001E-002   -0.58489545755708927     
                   21    0.10000000000000001        -0.38027364205933500     
                   22    0.10500000000000000        -0.20585588517046741     
                   23    0.11000000000000000         -4.5877196635869519E-002
                   24    0.11500000000000000         0.10782403572880495     
                   25    0.12000000000000000         0.25913098578634841     
                   26    0.12500000000000000         0.40835178569085218     
                   27    0.13000000000000000         0.55568383981074543     
                   28    0.13500000000000001         0.70128834054421674     
                   29    0.14000000000000001         0.84529970421914546     
                   30    0.14499999999999999         0.98783240065063249     
                   31    0.14999999999999999          1.1289856388540758     
                   32    0.15500000000000000          1.2688466787062305     
                   33    0.16000000000000000          1.4074932718061834     
                   34    0.16500000000000001          1.5449955220496303     
                   35    0.17000000000000001          1.6814173369759253     
                   36    0.17500000000000002          1.8168175778111590     
                   37    0.17999999999999999          1.9512509813850536     
                   38    0.18500000000000000          2.0847689062529287     
                   39    0.19000000000000000          2.2174199416724343     
                   40    0.19500000000000001          2.3492504084927823     
                   41    0.20000000000000001          2.4803047740283821     
                   42    0.20500000000000002          2.6106259978064004     
                   43    0.20999999999999999          2.7402558212013060     
                   44    0.21500000000000000          2.8692350110571012     
                   45    0.22000000000000000          2.9976035652015680     
                   46    0.22500000000000001          3.1254008860930744     
                   47    0.23000000000000001          3.2526659275735184     
                   48    0.23500000000000001          3.3794373187307172     
                   49    0.23999999999999999          3.5057534681264997     
                   50    0.24500000000000000          3.6316526510688361     
                   51    0.25000000000000000          3.7571730821577298     
                   52    0.25500000000000000          3.8823529749855998     
                   53    0.26000000000000001          4.0072305906012913     
                   54    0.26500000000000001          4.1318442761357961     
                   55    0.27000000000000002          4.2562324948243164     
                   56    0.27500000000000002          4.3804338485335501     
                   57    0.28000000000000003          4.5044870938073087     
                   58    0.28500000000000003          4.6284311523719150     
                   59    0.28999999999999998          4.7523051169906481     
                   60    0.29499999999999998          4.8761482535202978     
                   61    0.29999999999999999          5.0000000000000000     
