                    1     2.5000000000000001E-003     2.1709581459765360E-002
                    2     7.4999999999999997E-003     2.1772243498066626E-002
                    3     1.2500000000000001E-002     2.1847711376842192E-002
                    4     1.7500000000000002E-002     2.1929380277763300E-002
                    5     2.2499999999999999E-002     2.2017810899655745E-002
                    6     2.7500000000000000E-002     2.2113745811543319E-002
                    7     3.2500000000000001E-002     2.2218096649959163E-002
                    8     3.7500000000000006E-002     2.2331908287140163E-002
                    9     4.2499999999999996E-002     2.2456509394572978E-002
                   10     4.7500000000000001E-002     2.2593473226835963E-002
                   11     5.2500000000000005E-002     2.2744569752047583E-002
                   12     5.7499999999999996E-002     2.2912027590513025E-002
                   13     6.2500000000000000E-002     2.3098506042037528E-002
                   14     6.7500000000000004E-002     2.3307245476480925E-002
                   15     7.2500000000000009E-002     2.3542289842237538E-002
                   16     7.7499999999999999E-002     2.3808457535028481E-002
                   17     8.2500000000000004E-002     2.4111864723372803E-002
                   18     8.7499999999999994E-002     2.4460233830037037E-002
                   19     9.2499999999999999E-002     2.4863683067935113E-002
                   20     9.7500000000000003E-002     2.5335345470321690E-002
                   21    0.10250000000000001          2.5892241602578567E-002
                   22    0.10750000000000000          2.6558036987813539E-002
                   23    0.11250000000000000          2.7365854645351694E-002
                   24    0.11749999999999999          2.8362385690555041E-002
                   25    0.12250000000000000          2.9616643394336027E-002
                   26    0.12750000000000000          3.1234627218833549E-002
                   27    0.13250000000000001          3.3385798092655183E-002
                   28    0.13750000000000001          3.6358684951132890E-002
                   29    0.14250000000000002          4.0681389506215165E-002
                   30    0.14749999999999999          4.7418118664091173E-002
                   31    0.15250000000000000          5.8915680892316996E-002
                   32    0.15750000000000000          7.7647578760950228E-002
                   33    0.16250000000000001          9.8765607584610671E-002
                   34    0.16750000000000001         0.10740303542263610     
                   35    0.17250000000000001         0.10679896190593971     
                   36    0.17749999999999999         0.10701743916591097     
                   37    0.18250000000000000         0.10747277023235637     
                   38    0.18750000000000000         0.10790236468525952     
                   39    0.19250000000000000         0.10830525131350527     
                   40    0.19750000000000001         0.10868074384758834     
                   41    0.20250000000000001         0.10902841232763684     
                   42    0.20750000000000002         0.10934804569148689     
                   43    0.21249999999999999         0.10963960892027286     
                   44    0.21750000000000000         0.10990319894918082     
                   45    0.22250000000000000         0.11013900326014398     
                   46    0.22750000000000001         0.11034726405565903     
                   47    0.23250000000000001         0.11052824961687541     
                   48    0.23749999999999999         0.11068223322549314     
                   49    0.24249999999999999         0.11080947908785491     
                   50    0.24750000000000000         0.11091023411762185     
                   51    0.25250000000000000         0.11098472418903366     
                   52    0.25750000000000001         0.11103315348901652     
                   53    0.26250000000000001         0.11105570577829380     
                   54    0.26750000000000002         0.11105254663172154     
                   55    0.27250000000000002         0.11102382599977718     
                   56    0.27750000000000002         0.11096968067428926     
                   57    0.28250000000000003         0.11089023643149398     
                   58    0.28749999999999998         0.11078560975964223     
                   59    0.29249999999999998         0.11065590916179549     
                   60    0.29749999999999999         0.11050123606702933     
