                    1     2.5000000000000001E-003    -5.7809206652287168E-015
                    2     7.4999999999999997E-003    -3.6592281859345676E-014
                    3     1.2500000000000001E-002    -5.7084304138258400E-013
                    4     1.7500000000000002E-002    -3.1455011817878376E-010
                    5     2.2499999999999999E-002    -1.8041971232917721E-007
                    6     2.7500000000000000E-002    -4.1690804261624161E-008
                    7     3.2500000000000001E-002    -3.0032896009634783E-008
                    8     3.7500000000000006E-002    -2.1877663791486089E-008
                    9     4.2499999999999996E-002    -1.6040221303041447E-008
                   10     4.7500000000000001E-002    -1.1935268783474513E-008
                   11     5.2500000000000005E-002    -9.0835947247407111E-009
                   12     5.7499999999999996E-002    -7.1153832493723735E-009
                   13     6.2500000000000000E-002    -5.7612072473053443E-009
                   14     6.7500000000000004E-002    -4.8270711145988059E-009
                   15     7.2500000000000009E-002    -4.1736913648345685E-009
                   16     7.7499999999999999E-002    -3.7025313333991415E-009
                   17     8.2500000000000004E-002    -3.3458199054669912E-009
                   18     8.7499999999999994E-002    -3.0586480962142679E-009
                   19     9.2499999999999999E-002    -2.8125251566560942E-009
                   20     9.7500000000000003E-002    -2.5902783038199455E-009
                   21    0.10250000000000001         -2.3822107459595896E-009
                   22    0.10750000000000000         -2.1833491932705268E-009
                   23    0.11250000000000000         -1.9915600412805735E-009
                   24    0.11749999999999999         -1.8063124951941602E-009
                   25    0.12250000000000000         -1.6278978168477602E-009
                   26    0.12750000000000000         -1.4569561152038207E-009
                   27    0.13250000000000001         -1.2942029430758779E-009
                   28    0.13750000000000001         -1.1402816613462076E-009
                   29    0.14250000000000002         -9.9569270550250773E-010
                   30    0.14749999999999999         -8.6076838001562786E-010
                   31    0.15250000000000000         -7.3567331657770173E-010
                   32    0.15750000000000000         -6.2041806398250599E-010
                   33    0.16250000000000001         -5.1487795970865726E-010
                   34    0.16750000000000001         -4.1881258178225507E-010
                   35    0.17250000000000001         -3.3188338463326563E-010
                   36    0.17749999999999999         -2.5366890999379653E-010
                   37    0.18250000000000000         -1.8367829976782669E-010
                   38    0.18750000000000000         -1.2136465673755932E-010
                   39    0.19250000000000000         -6.6140028618856604E-011
                   40    0.19750000000000001         -1.7393449247982939E-011
                   41    0.20250000000000001          2.5487309499091166E-011
                   42    0.20750000000000002          6.3090562412200048E-011
                   43    0.21249999999999999          9.5953609601763541E-011
                   44    0.21750000000000000          1.2453506197708019E-010
                   45    0.22250000000000000          1.4918908310726798E-010
                   46    0.22750000000000001          1.7014374155153025E-010
                   47    0.23250000000000001          1.8748578215225722E-010
                   48    0.23749999999999999          2.0115435420422747E-010
                   49    0.24249999999999999          2.1094665116671519E-010
                   50    0.24750000000000000          2.1653882105585730E-010
                   51    0.25250000000000000          2.1752547231955287E-010
                   52    0.25750000000000001          2.1348009905953980E-010
                   53    0.26250000000000001          2.0403637636721502E-010
                   54    0.26750000000000002          1.8898651653588996E-010
                   55    0.27250000000000002          1.6838832191783426E-010
                   56    0.27750000000000002          1.4266847273600898E-010
                   57    0.28250000000000003          1.1270767778340859E-010
                   58    0.28749999999999998          7.9895360914120849E-011
                   59    0.29249999999999998          4.6148759397053044E-011
                   60    0.29749999999999999          1.3903703123747440E-011
