                    1     2.5000000000000001E-003     2.3288156445117683E-002
                    2     7.4999999999999997E-003     2.4840272303528196E-002
                    3     1.2500000000000001E-002     2.8584416755709829E-002
                    4     1.7500000000000002E-002     4.3540712534457952E-002
                    5     2.2499999999999999E-002    0.10652481315675666     
                    6     2.7500000000000000E-002    0.12283237317090479     
                    7     3.2500000000000001E-002    0.12682882733820336     
                    8     3.7500000000000006E-002    0.12931495345707997     
                    9     4.2499999999999996E-002    0.13089984611460445     
                   10     4.7500000000000001E-002    0.13191546873378834     
                   11     5.2500000000000005E-002    0.13256658769888671     
                   12     5.7499999999999996E-002    0.13298338979052807     
                   13     6.2500000000000000E-002    0.13324999680719324     
                   14     6.7500000000000004E-002    0.13342125993050818     
                   15     7.2500000000000009E-002    0.13353288252082179     
                   16     7.7499999999999999E-002    0.13360781918863948     
                   17     8.2500000000000004E-002    0.13366053654192039     
                   18     8.7499999999999994E-002    0.13369993043154740     
                   19     9.2499999999999999E-002    0.13373132290806161     
                   20     9.7500000000000003E-002    0.13375780437737994     
                   21    0.10250000000000001         0.13378111193665426     
                   22    0.10750000000000000         0.13380218749000178     
                   23    0.11250000000000000         0.13382152188933977     
                   24    0.11749999999999999         0.13383936080553296     
                   25    0.12250000000000000         0.13385582409758381     
                   26    0.12750000000000000         0.13387097272274878     
                   27    0.13250000000000001         0.13388484478798895     
                   28    0.13750000000000001         0.13389747400883800     
                   29    0.14250000000000002         0.13390889848034632     
                   30    0.14749999999999999         0.13391916432959097     
                   31    0.15250000000000000         0.13392832679656233     
                   32    0.15750000000000000         0.13393645008391378     
                   33    0.16250000000000001         0.13394360660640836     
                   34    0.16750000000000001         0.13394987586695900     
                   35    0.17250000000000001         0.13395534298132231     
                   36    0.17749999999999999         0.13396009680868390     
                   37    0.18250000000000000         0.13396422768179228     
                   38    0.18750000000000000         0.13396782483270303     
                   39    0.19250000000000000         0.13397097374016051     
                   40    0.19750000000000001         0.13397375374249418     
                   41    0.20250000000000001         0.13397623632755584     
                   42    0.20750000000000002         0.13397848452645661     
                   43    0.21249999999999999         0.13398055376235402     
                   44    0.21750000000000000         0.13398249437124382     
                   45    0.22250000000000000         0.13398435586852137     
                   46    0.22750000000000001         0.13398619285685964     
                   47    0.23250000000000001         0.13398807228362042     
                   48    0.23749999999999999         0.13399008156222564     
                   49    0.24249999999999999         0.13399233685277817     
                   50    0.24750000000000000         0.13399499054675107     
                   51    0.25250000000000000         0.13399823673506456     
                   52    0.25750000000000001         0.13400231320995548     
                   53    0.26250000000000001         0.13400749844545604     
                   54    0.26750000000000002         0.13401410212269191     
                   55    0.27250000000000002         0.13402244819853779     
                   56    0.27750000000000002         0.13403285027632753     
                   57    0.28250000000000003         0.13404558003145550     
                   58    0.28749999999999998         0.13406083044695788     
                   59    0.29249999999999998         0.13407867628428488     
                   60    0.29749999999999999         0.13409903416177338     
