                    1   0.0000000000000000       -5.4455456525108961     
                    2   5.0000000000000001E-003  -5.3132418877740770     
                    3   1.0000000000000000E-002  -5.1523918185455058     
                    4   1.4999999999999999E-002  -4.9879404856910510     
                    5   2.0000000000000000E-002  -4.8209942199162343     
                    6   2.5000000000000001E-002  -4.6525913532005845     
                    7   2.9999999999999999E-002  -4.4826215460428287     
                    8   3.5000000000000003E-002  -4.3112371304629313     
                    9   4.0000000000000001E-002  -4.1387988679280312     
                   10   4.4999999999999998E-002  -3.9656598557129734     
                   11   5.0000000000000003E-002  -3.7919252494971918     
                   12   5.5000000000000000E-002  -3.6171844725477271     
                   13   5.9999999999999998E-002  -3.4418641896853424     
                   14   6.5000000000000002E-002  -3.2663824624692546     
                   15   7.0000000000000007E-002  -3.0904265228451626     
                   16   7.4999999999999997E-002  -2.9140191969331002     
                   17   8.0000000000000002E-002  -2.7372259419273863     
                   18   8.5000000000000006E-002  -2.5599210764014355     
                   19   8.9999999999999997E-002  -2.3823360290789317     
                   20   9.5000000000000001E-002  -2.2043457275799283     
                   21  0.10000000000000001       -2.0257367385036225     
                   22  0.10500000000000000       -1.8465565921362099     
                   23  0.11000000000000000       -1.6664364883055576     
                   24  0.11500000000000000       -1.4853483398999543     
                   25  0.12000000000000000       -1.3031742114383769     
                   26  0.12500000000000000       -1.1196533932131756     
                   27  0.13000000000000000      -0.93482830400943573     
                   28  0.13500000000000001      -0.74982928711833818     
                   29  0.14000000000000001      -0.57014460281677626     
                   30  0.14499999999999999      -0.39911185651762954     
                   31  0.14999999999999999      -0.23424803347182169     
                   32  0.15500000000000000       -7.0573972765795689E-002
                   33  0.16000000000000000        9.3136600500529534E-002
                   34  0.16500000000000001       0.25618526510011841     
                   35  0.17000000000000001       0.41859481262866993     
                   36  0.17500000000000002       0.58038807185576946     
                   37  0.17999999999999999       0.74158815248808052     
                   38  0.18500000000000000       0.90221861152531146     
                   39  0.19000000000000000        1.0623035507937852     
                   40  0.19500000000000001        1.2218676570347624     
                   41  0.20000000000000001        1.3809361971580476     
                   42  0.20500000000000002        1.5395349811824124     
                   43  0.20999999999999999        1.6976903043128524     
                   44  0.21500000000000000        1.8554288779135011     
                   45  0.22000000000000000        2.0127777571526657     
                   46  0.22500000000000001        2.1697642710851732     
                   47  0.23000000000000001        2.3264159590818303     
                   48  0.23500000000000001        2.4827605159275974     
                   49  0.23999999999999999        2.6388257466388514     
                   50  0.24500000000000000        2.7946395310997136     
                   51  0.25000000000000000        2.9502297979612746     
                   52  0.25500000000000000        3.1056245068418682     
                   53  0.26000000000000001        3.2608516376606178     
                   54  0.26500000000000001        3.4159391858799806     
                   55  0.27000000000000002        3.5709151624804196     
                   56  0.27500000000000002        3.7258075976031404     
                   57  0.28000000000000003        3.8806445469444713     
                   58  0.28500000000000003        4.0354541001447677     
                   59  0.28999999999999998        4.1902643905691122     
                   60  0.29499999999999998        4.3451036060153543     
                   61  0.29999999999999999        4.5000000000000000     
