                    1   2.5000000000000001E-003  -5.3793937701424870     
                    2   7.4999999999999997E-003  -5.2328168531597914     
                    3   1.2500000000000001E-002  -5.0701661521182784     
                    4   1.7500000000000002E-002  -4.9044673528036427     
                    5   2.2499999999999999E-002  -4.7367927865584090     
                    6   2.7500000000000000E-002  -4.5676064496217066     
                    7   3.2500000000000001E-002  -4.3969293382528800     
                    8   3.7500000000000006E-002  -4.2250179991954813     
                    9   4.2499999999999996E-002  -4.0522293618205021     
                   10   4.7500000000000001E-002  -3.8787925526050824     
                   11   5.2500000000000005E-002  -3.7045548610224595     
                   12   5.7499999999999996E-002  -3.5295243311165345     
                   13   6.2500000000000000E-002  -3.3541233260772985     
                   14   6.7500000000000004E-002  -3.1784044926572088     
                   15   7.2500000000000009E-002  -3.0022228598891312     
                   16   7.7499999999999999E-002  -2.8256225694302435     
                   17   8.2500000000000004E-002  -2.6485735091644109     
                   18   8.7499999999999994E-002  -2.4711285527401836     
                   19   9.2499999999999999E-002  -2.2933408783294302     
                   20   9.7500000000000003E-002  -2.1150412330417754     
                   21  0.10250000000000001       -1.9361466653199162     
                   22  0.10750000000000000       -1.7564965402208839     
                   23  0.11250000000000000       -1.5758924141027559     
                   24  0.11749999999999999       -1.3942612756691655     
                   25  0.12250000000000000       -1.2114138023257763     
                   26  0.12750000000000000       -1.0272408486113056     
                   27  0.13250000000000001      -0.84232879556388696     
                   28  0.13750000000000001      -0.65998694496755728     
                   29  0.14250000000000002      -0.48462822966720287     
                   30  0.14749999999999999      -0.31667994499472563     
                   31  0.15250000000000000      -0.15241100311880867     
                   32  0.15750000000000000        1.1281313867366922E-002
                   33  0.16250000000000001       0.17466093280032396     
                   34  0.16750000000000001       0.33739003886439417     
                   35  0.17250000000000001       0.49949144224221970     
                   36  0.17749999999999999       0.66098811217192499     
                   37  0.18250000000000000       0.82190338200669599     
                   38  0.18750000000000000       0.98226108115954835     
                   39  0.19250000000000000        1.1420856039142739     
                   40  0.19750000000000001        1.3014019270964050     
                   41  0.20250000000000001        1.4602355891702299     
                   42  0.20750000000000002        1.6186126427476324     
                   43  0.21249999999999999        1.7765595911131769     
                   44  0.21750000000000000        1.9341033175330833     
                   45  0.22250000000000000        2.0912710141189192     
                   46  0.22750000000000001        2.2480901150835018     
                   47  0.23250000000000001        2.4045882375047141     
                   48  0.23749999999999999        2.5607931312832246     
                   49  0.24249999999999999        2.7167326388692823     
                   50  0.24750000000000000        2.8724346645304939     
                   51  0.25250000000000000        3.0279271524015714     
                   52  0.25750000000000001        3.1832380722512430     
                   53  0.26250000000000001        3.3383954117702990     
                   54  0.26750000000000002        3.4934271741802001     
                   55  0.27250000000000002        3.6483613800417798     
                   56  0.27750000000000002        3.8032260722738060     
                   57  0.28250000000000003        3.9580493235446195     
                   58  0.28749999999999998        4.1128592453569404     
                   59  0.29249999999999998        4.2676839982922328     
                   60  0.29749999999999999        4.4225518030076767     
