                    1   2.5000000000000001E-003  -5.5305341343866283     
                    2   7.4999999999999997E-003  -5.4197418395750194     
                    3   1.2500000000000001E-002  -5.2967668048685717     
                    4   1.7500000000000002E-002  -5.1714467292895030     
                    5   2.2499999999999999E-002  -5.0445833045232114     
                    6   2.7500000000000000E-002  -4.9165180814144946     
                    7   3.2500000000000001E-002  -4.7872573384223447     
                    8   3.7500000000000006E-002  -4.6569858802266948     
                    9   4.2499999999999996E-002  -4.5259650007952832     
                   10   4.7500000000000001E-002  -4.3943594374167985     
                   11   5.2500000000000005E-002  -4.2620438630326447     
                   12   5.7499999999999996E-002  -4.1290156243367298     
                   13   6.2500000000000000E-002  -3.9955882494002211     
                   14   6.7500000000000004E-002  -3.8617941445209301     
                   15   7.2500000000000009E-002  -3.7275157931167495     
                   16   7.7499999999999999E-002  -3.5927811457344228     
                   17   8.2500000000000004E-002  -3.4575626125670587     
                   18   8.7499999999999994E-002  -3.3218989111280623     
                   19   9.2499999999999999E-002  -3.1858319216314488     
                   20   9.7500000000000003E-002  -3.0492361213794936     
                   21  0.10250000000000001       -2.9120594662236909     
                   22  0.10750000000000000       -2.7741976904397880     
                   23  0.11250000000000000       -2.6355324136354499     
                   24  0.11749999999999999       -2.4960638315543964     
                   25  0.12250000000000000       -2.3557221820677707     
                   26  0.12750000000000000       -2.2144297874808112     
                   27  0.13250000000000001       -2.0721418243993925     
                   28  0.13750000000000001       -1.9287683763906704     
                   29  0.14250000000000002       -1.7841663919995581     
                   30  0.14749999999999999       -1.6382689306461899     
                   31  0.15250000000000000       -1.4909958178450116     
                   32  0.15750000000000000       -1.3422126104750665     
                   33  0.16250000000000001       -1.1917523065242155     
                   34  0.16750000000000001       -1.0394048870321075     
                   35  0.17250000000000001      -0.88368599309229157     
                   36  0.17749999999999999      -0.71516481529827736     
                   37  0.18250000000000000      -0.52533689605520428     
                   38  0.18750000000000000      -0.31990139433847908     
                   39  0.19250000000000000      -0.10825746113946366     
                   40  0.19750000000000001       0.10525215936650067     
                   41  0.20250000000000001       0.31913757970601664     
                   42  0.20750000000000002       0.53302559625921819     
                   43  0.21249999999999999       0.74692186220312673     
                   44  0.21750000000000000       0.96083335400237502     
                   45  0.22250000000000000        1.1747680335600370     
                   46  0.22750000000000001        1.3887345120242351     
                   47  0.23250000000000001        1.6027417452981905     
                   48  0.23749999999999999        1.8167987805296275     
                   49  0.24249999999999999        2.0309145624395732     
                   50  0.24750000000000000        2.2450977997694674     
                   51  0.25250000000000000        2.4593568860572530     
                   52  0.25750000000000001        2.6736998654324982     
                   53  0.26250000000000001        2.8881344327740743     
                   54  0.26750000000000002        3.1026679578410592     
                   55  0.27250000000000002        3.3173075242863534     
                   56  0.27750000000000002        3.5320599762892044     
                   57  0.28250000000000003        3.7469319675156090     
                   58  0.28749999999999998        3.9619300089796572     
                   59  0.29249999999999998        4.1770605139883958     
                   60  0.29749999999999999        4.3923298396430406     
