                    1   2.5000000000000001E-003   2.4247300556943869E-002
                    2   7.4999999999999997E-003   2.6187672375883334E-002
                    3   1.2500000000000001E-002   3.1289433837857331E-002
                    4   1.7500000000000002E-002   6.1987168954211982E-002
                    5   2.2499999999999999E-002  0.15359210410877999     
                    6   2.7500000000000000E-002  0.18152493901843786     
                    7   3.2500000000000001E-002  0.18295890821575878     
                    8   3.7500000000000006E-002  0.18427718153303202     
                    9   4.2499999999999996E-002  0.18549512434258181     
                   10   4.7500000000000001E-002  0.18662451138978692     
                   11   5.2500000000000005E-002  0.18767310149807484     
                   12   5.7499999999999996E-002  0.18864582795482066     
                   13   6.2500000000000000E-002  0.18954627616327815     
                   14   6.7500000000000004E-002  0.19037780103853033     
                   15   7.2500000000000009E-002  0.19114411124950431     
                   16   7.7499999999999999E-002  0.19184941216489693     
                   17   8.2500000000000004E-002  0.19249828413403669     
                   18   8.7499999999999994E-002  0.19309545445404164     
                   19   9.2499999999999999E-002  0.19364556736480504     
                   20   9.7500000000000003E-002  0.19415300432290941     
                   21  0.10250000000000001       0.19462177016708901     
                   22  0.10750000000000000       0.19505544016920184     
                   23  0.11250000000000000       0.19545715418947815     
                   24  0.11749999999999999       0.19582964254544497     
                   25  0.12250000000000000       0.19617527015207223     
                   26  0.12750000000000000       0.19649608869742297     
                   27  0.13250000000000001       0.19679388983598572     
                   28  0.13750000000000001       0.19707025506188741     
                   29  0.14250000000000002       0.19732659992007281     
                   30  0.14749999999999999       0.19756421157807869     
                   31  0.15250000000000000       0.19778427964282136     
                   32  0.15750000000000000       0.19798792060461451     
                   33  0.16250000000000001       0.19817619654391158     
                   34  0.16750000000000001       0.19835012883620196     
                   35  0.17250000000000001       0.19851070760103320     
                   36  0.17749999999999999       0.19865889760410724     
                   37  0.18250000000000000       0.19879564126237015     
                   38  0.18750000000000000       0.19892185933549444     
                   39  0.19250000000000000       0.19903844982062974     
                   40  0.19750000000000001       0.19914628550411889     
                   41  0.20250000000000001       0.19924621056512692     
                   42  0.20750000000000002       0.19933903657183744     
                   43  0.21249999999999999       0.19942553816064432     
                   44  0.21750000000000000       0.19950644864216951     
                   45  0.22250000000000000       0.19958245573461422     
                   46  0.22750000000000001       0.19965419758467706     
                   47  0.23250000000000001       0.19972225919892730     
                   48  0.23749999999999999       0.19978716937405858     
                   49  0.24249999999999999       0.19984939818284531     
                   50  0.24750000000000000       0.19990935504386756     
                   51  0.25250000000000000       0.19996738737711878     
                   52  0.25750000000000001       0.20002377982439271     
                   53  0.26250000000000001       0.20007875399277161     
                   54  0.26750000000000002       0.20013246866147638     
                   55  0.27250000000000002       0.20018502037666036     
                   56  0.27750000000000002       0.20023644434529078     
                   57  0.28250000000000003       0.20028671552794305     
                   58  0.28749999999999998       0.20033574982103239     
                   59  0.29249999999999998       0.20038340521168063     
                   60  0.29749999999999999       0.20042948278307540     
