                    1   0.0000000000000000       -8.1417653280205862     
                    2   5.0000000000000001E-003  -11.345664715553756     
                    3   1.0000000000000000E-002  -11.603971540714989     
                    4   1.4999999999999999E-002  -11.814354715300746     
                    5   2.0000000000000000E-002  -11.932634119443236     
                    6   2.5000000000000001E-002  -12.010229014124418     
                    7   2.9999999999999999E-002  -12.145677541661774     
                    8   3.5000000000000003E-002  -12.204944624557326     
                    9   4.0000000000000001E-002  -12.294945364255073     
                   10   4.4999999999999998E-002  -12.308621206891301     
                   11   5.0000000000000003E-002  -12.386354456763158     
                   12   5.5000000000000000E-002  -12.456624244109832     
                   13   5.9999999999999998E-002  -12.478302129462534     
                   14   6.5000000000000002E-002  -12.493181503290268     
                   15   7.0000000000000007E-002  -12.558332460477217     
                   16   7.4999999999999997E-002  -12.570756046612658     
                   17   8.0000000000000002E-002  -12.627712525998282     
                   18   8.5000000000000006E-002  -12.657560920425945     
                   19   8.9999999999999997E-002  -12.682474948233082     
                   20   9.5000000000000001E-002  -12.728979680334472     
                   21  0.10000000000000001       -12.782385079128577     
                   22  0.10500000000000000       -12.820096756596062     
                   23  0.11000000000000000       -12.923299621677080     
                   24  0.11500000000000000       -12.961034927514076     
                   25  0.12000000000000000       -13.079820863496810     
                   26  0.12500000000000000       -13.162971025814612     
                   27  0.13000000000000000       -13.354525892334507     
                   28  0.13500000000000001       -13.773087067119652     
                   29  0.14000000000000001       -16.162037168835223     
                   30  0.14499999999999999       -19.339848191243011     
                   31  0.14999999999999999       -20.468481813571017     
                   32  0.15500000000000000       -20.589675855763563     
                   33  0.16000000000000000       -20.576572649457198     
                   34  0.16500000000000001       -20.564834446660505     
                   35  0.17000000000000001       -20.554371315561312     
                   36  0.17500000000000002       -20.545124846384777     
                   37  0.17999999999999999       -20.537063017709702     
                   38  0.18500000000000000       -20.530175002851376     
                   39  0.19000000000000000       -20.524466202065838     
                   40  0.19500000000000001       -20.519953722060137     
                   41  0.20000000000000001       -20.516662450250074     
                   42  0.20500000000000002       -20.514621799014616     
                   43  0.20999999999999999       -20.513863132934468     
                   44  0.21500000000000000       -20.514417843993005     
                   45  0.22000000000000000       -20.516316007084374     
                   46  0.22500000000000001       -20.519585529765966     
                   47  0.23000000000000001       -20.524251703544888     
                   48  0.23500000000000001       -20.530337066116974     
                   49  0.23999999999999999       -20.537861491952160     
                   50  0.24500000000000000       -20.546842439901706     
                   51  0.25000000000000000       -20.557295299094204     
                   52  0.25500000000000000       -20.569233786856017     
                   53  0.26000000000000001       -20.582670363813662     
                   54  0.26500000000000001       -20.597616641197781     
                   55  0.27000000000000002       -20.614083763468859     
                   56  0.27500000000000002       -20.632082755731687     
                   57  0.28000000000000003       -20.651624830141071     
                   58  0.28500000000000003       -20.672721648835758     
                   59  0.28999999999999998       -20.695385543108763     
                   60  0.29499999999999998       -20.719629689764389     
                   61  0.29999999999999999       -20.745468246141314     
