   0.0000000000000000        1.0000000000000000     
   1.0000000000000000       0.95400000000000007     
   1.9540000000000002       0.91011600000000015     
   2.8641160000000001       0.96472296000000024     
   3.8288389600000006        1.0226063376000003     
   4.8514452976000007        1.0839627178560003     
   5.9354080154560007        1.1490004809273604     
   7.0844084963833609        1.2179405097830021     
   8.3023490061663630        1.2910169403699823     
   9.5933659465363448        1.3684779567921812     
   10.961843903328527        1.4505866341997122     
   12.412430537528239        1.5376218322516950     
   13.950052369779934        1.6298791421867969     
   15.579931511966731        1.7276718907180049     
   17.307603402684734        1.8313322041610853     
   19.138935606845820        1.9412121364107506     
   21.080147743256571        2.0576848645953958     
   23.137832607851966        2.1811459564711195     
   25.318978564323086        2.3120147138593867     
   27.630993278182473        2.4507355966909499     
   30.081728874873424        2.5977797324924068     
   32.679508607365833        2.7536465164419512     
   35.433155123807786        2.9188653074284683     
   38.352020431236255        3.0939972258741766     
   41.446017657110431        3.2796370594266273     
   44.725654716537058        3.4764152829922250     
   48.202069999529286        3.6850001999717588     
   51.887070199501046        3.9061002119700645     
   55.793170411471110        4.1404662246882689     
   59.933636636159378        4.3888941981695648     
   64.322530834328944        4.6522278500597389     
   68.974758684388689        4.9313615210633239     
   73.906120205452012        5.2272432123271235     
   79.133363417779137        5.5408778050667511     
   84.674241222845893        5.8733304733707561     
   90.547571696216650        6.2257303017730017     
   96.773301997989648        6.5992741198793823     
   103.37257611786903        6.9952305670721460     
   110.36780668494117        7.4149444010964753     
   117.78275108603765        7.8598410651622643     
   125.64259215119992        8.3314315290720007     
   133.97402368027193        8.8313174208163208     
   142.80534110108826        9.3611964660652998     
   152.16653756715357        9.9228682540292183     
   162.08940582118279        10.518240349270972     
   172.60764617045376        11.149334770227231     
   183.75698094068099        11.818294856440865     
   195.57527579712186        12.527392547827317     
   208.10266834494917        13.279036100696956     
   221.38170444564611        14.075778266738775     
   235.45748271238489        14.920324962743102     
   250.37780767512800        15.815544460507690     
   266.19335213563568        16.764477128138154     
   282.95782926377382        17.770345755826444     
   300.72817501960026        18.836566501176030     
   319.56474152077629        19.966760491246593     
   339.53150201202288        5.5482164499503899     
   345.07971846197330        2.4089024253736611     
   347.48862088734694       0.34271645513778304     
   347.83133734248474       0.36327944244605004     
   348.19461678493082       0.38507620899281308     
   348.57969299392363       0.40818078153238191     
   348.98787377545602       0.43267162842432483     
   349.42054540388034       0.45863192612978432     
   349.87917733001012       0.48614984169757142     
   350.36532717170769       0.51531883219942576     
   350.88064600390709       0.54623796213139131     
   351.42688396603847       0.57901223985927486     
   352.00589620589773       0.61375297425083142     
   352.61964918014854       0.65057815270588137     
   353.27022733285440       0.35308177503653604     
   353.62330910789092       0.37426668153872822     
   353.99757578942967       0.39672268243105191     
   354.39429847186074       0.42052604337691507     
   354.81482451523766       0.44575760597953001     
   355.26058212121717       0.47250306233830186     
   355.73308518355549       0.50085324607860005     
   356.23393842963407       0.53090444084331612     
   356.76484287047737       0.56275870729391508     
   357.32760157777130       0.59652422973155006     
   357.92412580750283       0.63231568351544309     
   358.55644149101829       0.67025462452636975     
   359.22669611554466       0.71046990199795201     
   359.93716601754261       0.38558622521232860     
   360.32275224275492       0.40872139872506835     
   360.73147364147997       0.43324468264857247     
   361.16471832412856       0.45923936360748685     
   361.62395768773604       0.48679372542393606     
   362.11075141315996       0.51600134894937222     
   362.62675276210933       0.54696142988633456     
   363.17371419199566       0.57977911567951468     
   363.75349330767517       0.61456586262028556     
   364.36805917029545       0.33353718496128149     
   364.70159635525675       0.35354941605895840     
   365.05514577131572       0.37476238102249593     
   365.42990815233821       0.39724812388384573     
   365.82715627622207       0.42108301131687648     
   366.24823928753892       0.44634799199588909     
   366.69458727953480       0.47312887151564248     
   367.16771615105046       0.50151660380658103     
   367.66923275485703       0.53160760003497587     
   368.20084035489202       0.56350405603707443     
   368.76434441092908       0.59731429939929892     
   369.36165871032836       0.32417441656998758     
   369.68583312689833       0.34362488156418686     
   370.02945800846254       0.36424237445803809     
   370.39370038292060       0.38609691692552039     
   370.77979729984611       0.40926273194105162     
   371.18906003178716       0.43381849585751475     
   371.62287852764467       0.45984760560896565     
   372.08272613325363       0.48743846194550361     
   372.57016459519912       0.51668476966223387     
   373.08684936486134       0.54768585584196794     
   373.63453522070330       0.58054700719248609     
   374.21508222789578       0.31507447174350611     
   374.53015669963929       0.33397894004811651     
   374.86413563968739       0.35401767645100352     
   375.21815331613840       0.37525873703806373     
   375.59341205317645       0.39777426126034759     
   375.99118631443679       0.42164071693596850     
   376.41282703137279       0.44693915995212663     
   376.85976619132492       0.47375550954925427     
   377.33352170087420       0.50218084012220954     
   377.83570254099641       0.53231169052954219     
   378.36801423152593       0.56425039196131477     
   378.93226462348724       0.59810541547899365     
   379.53037003896623       0.63399174040773332     
   380.16436177937396       0.67203124483219734     
   380.83639302420613       0.29177983775626420     
   381.12817286196241       0.30928662802164009     
   381.43745948998406       0.32784382570293852     
   381.76530331568699       0.34751445524511487     
   382.11281777093211       0.36836532255982180     
   382.48118309349195       0.39046724191341114     
   382.87165033540538       0.41389527642821583     
   383.28554561183358       0.43872899301390877     
   383.72427460484749       0.46505273259474333     
   384.18932733744225       0.49295589655042799     
   384.68228323399268       0.52253325034345366     
   385.20481648433611       0.55388524536406092     
   385.75870172970019       0.58711836008590457     
   386.34582008978612       0.62234546169105887     
   386.96816555147717       0.65968618939252244     
   387.62785174086969       0.69926736075607376     
   388.32711910162578       0.74122340240143825     
   389.06834250402721       0.78569680654552454     
   389.85403931057272       0.83283861493825606     
   390.68687792551100       0.88280893183455145     
   391.56968685734557       0.93577746774462456     
   392.50546432509020       0.99192411580930206     
   393.49738844089950        1.0514395627578603     
   394.54882800365738        1.1145259365233320     
   395.66335394018068        1.1813974927147319     
   396.84475143289541        1.2522813422776160     
   398.09703277517303        1.3274182228142730     
   399.42445099798732        1.4070633161831294     
   400.83151431417048        1.4914871151541171     
   402.32300142932462        1.5809763420633642     
   403.90397777138799        1.6758349225871663     
   405.57981269397516        1.7763850179423963     
   407.35619771191756        1.8829681190189402     
   409.23916583093649        1.9959462061600768     
   411.23511203709654        2.1157029785296815     
   413.35081501562621        2.2426451572414625     
   415.59346017286765        2.3772038666759503     
   417.97066403954358        2.5198360986765076     
   420.49050013822011        2.6710262645970984     
   423.16152640281723        2.8312878404729243     
   425.99281424329013        3.0011651109013000     
   428.99397935419142        3.1812350175553781     
   432.17521437174679        3.3721091186087011     
   435.54732349035550        3.5744356657252232     
   439.12175915608071        3.7889018056687367     
   442.91066096174944        4.0162359140088615     
   446.92689687575830        4.2572100688493935     
   451.18410694460772        4.5126426729803573     
   455.69674961758807        4.7834012333591787     
   460.48015085094727        5.0704053073607298     
   465.55055615830798        5.3746296258023740     
   470.92518578411034        5.6971074033505165     
   476.62229318746085        6.0389338475515482     
   482.66122703501242        6.4012698784046416     
   489.06249691341708        6.7853460711089202     
   495.84784298452598        7.1924668353754555     
   503.04030981990144        7.1924668353754555     
   510.23277665527689        7.1924668353754555     
   517.42524349065229        7.1924668353754555     
   524.61771032602769        7.1924668353754555     
   531.81017716140309        7.1924668353754555     
   539.00264399677849        7.1924668353754555     
   546.19511083215389        7.1924668353754555     
   553.38757766752929        7.6240148454979835     
   561.01159251302727        8.0814557362278627     
   569.09304824925516        8.5663430804015341     
   577.65939132965673        9.0803236652256274     
   586.73971499488232        9.6251430851391664     
   596.36485808002146        10.202651670247517     
   606.56750975026898        10.814810770462369     
   617.38232052073135        11.463699416690112     
   628.84601993742149        12.151521381691520     
   640.99754131911300        12.880612664593011     
   653.87815398370606        13.653449424468592     
   667.53160340817465        1.2431917176204725     
   668.77479512579509        1.3177832206777009     
   670.09257834647281        1.3968502139183629     
   671.48942856039116        1.4806612267534649     
   672.97008978714462        1.5695009003586728     
   674.53959068750328        1.6636709543801933     
   676.20326164188350        1.7634912116430050     
   677.96675285352649        1.8693006843415854     
   679.83605353786811        1.9814587254020806     
   681.81751226327015        2.1003462489262055     
   683.91785851219640        2.2263670238617781     
   686.14422553605823        2.3599490452934848     
   688.50417458135166        2.5015459880110940     
   691.00572056936278        2.6516387472917597     
   693.65735931665449        2.8107370721292653     
   696.46809638878381        2.9793812964570212     
   699.44747768524087        3.1581441742444425     
   702.60562185948527        3.3476328246991094     
   705.95325468418434        3.5484907941810562     
   709.50174547836536        3.7614002418319199     
   713.26314572019726        3.9870842563418352     
   717.25022997653912        4.2263093117223454     
   721.47653928826151        4.4798878704256859     
   725.95642715868723        4.7486811426512272     
   730.70510830133844        5.0336020112103013     
   735.73871031254873        5.0336020112103013     
   740.77231232375902        5.3356181318829199     
   746.10793045564196        5.3356181318829199     
   751.44354858752490        5.6557552197958953     
   757.09930380732078        5.9951005329836491     
   763.09440434030444        6.3548065649626686     
   769.44921090526714        6.7360949588604289     
   776.18530586412760        7.1402606563920550     
   783.32556652051960        7.5686762957755791     
   790.89424281629522        8.0227968735221147     
   798.91703968981733        8.5041646859334428     
   807.42120437575079        9.0144145670894495     
   816.43561894284028        9.0144145670894495     
   825.45003350992977        9.0144145670894495     
   834.46444807701926        9.0144145670894495     
   843.47886264410874        9.0144145670894495     
   852.49327721119823        9.0144145670894495     
   861.50769177828772        9.0144145670894495     
   870.52210634537721        9.5552794411148163     
   880.07738578649207        10.128596207581706     
   890.20598199407380        10.736311980036609     
   900.94229397411038        11.380490698838805     
   912.32278467294918        12.063320140769134     
   924.38610481371836        12.787119349215283     
   937.17322416293359        13.554346510168200     
   950.72757067310181        14.367607300778293     
   965.09517797388014        15.229663738824991     
   980.32484171270517        16.143443563154491     
   996.46828527585967        17.112050176943761     
   1013.5803354528034        18.138773187560389     
   1031.7191086403639        16.324895868804351     
   1048.0440045091682        16.324895868804351     
   1064.3689003779725        16.324895868804351     
   1080.6937962467769        16.324895868804351     
   1097.0186921155812        17.304389620932614     
   1114.3230817365138        18.342652998188573     
   1132.6657347347025        18.342652998188573     
   1151.0083877328912        18.342652998188573     
   1169.3510407310798        18.342652998188573     
   1187.6936937292685        18.342652998188573     
   1206.0363467274572        18.342652998188573     
   1224.3789997256458        18.342652998188573     
   1242.7216527238345        18.342652998188573     
   1261.0643057220232        18.342652998188573     
   1279.4069587202118        19.443212178079889     
   1298.8501708982917        20.609804908764684     
   1319.4599758070565        20.609804908764684     
   1340.0697807158213        20.609804908764684     
   1360.6795856245860        20.609804908764684     
   1381.2893905333508        21.846393203290564     
   1403.1357837366413        23.157176795487999     
   1426.2929605321292        24.546607403217280     
   1450.8395679353464        26.019403847410317     
   1476.8589717827567        17.651563570083162     
   1494.5105353528400        15.886407213074847     
   1510.3969425659147        15.886407213074847     
   1526.2833497789895        15.886407213074847     
   1542.1697569920643        15.886407213074847     
   1558.0561642051391        15.886407213074847     
   1573.9425714182139        15.886407213074847     
   1589.8289786312887        15.886407213074847     
   1605.7153858443635        16.839591645859340     
   1622.5549774902229        17.849967144610901     
   1640.4049446348338        17.849967144610901     
   1658.2549117794447        17.849967144610901     
   1676.1048789240556        17.849967144610901     
   1693.9548460686665        17.849967144610901     
   1711.8048132132774        18.920965173287556     
   1730.7257783865650        20.056223083684809     
   1750.7820014702497        21.259596468705897     
   1772.0415979389556        22.535172256828254     
   1794.5767701957839        19.109826073790362     
   1813.6865962695742        20.256415638217785     
   1833.9430119077920        20.256415638217785     
   1854.1994275460097        20.256415638217785     
   1874.4558431842274        20.256415638217785     
   1894.7122588224452        21.471800576510851     
   1916.1840593989559        22.760108611101504     
   1938.9441680100574        24.125715127767595     
   1963.0698831378249        25.573258035433653     
   1988.6431411732585        25.573258035433653     
   2014.2163992086921        25.573258035433653     
   2039.7896572441257        25.573258035433653     
   2065.3629152795593        25.573258035433653     
   2090.9361733149931        25.573258035433653     
   2116.5094313504269        25.573258035433653     
   2142.0826893858607        27.107653517559672     
   2169.1903429034205        28.734112728613255     
   2197.9244556320336        28.734112728613255     
   2226.6585683606468        28.734112728613255     
   2255.3926810892599        28.734112728613255     
   2284.1267938178730        30.458159492330051     
   2314.5849533102032        20.662815399596710     
   2335.2477687097999        21.902584323572512     
   2357.1503530333725        21.902584323572512     
   2379.0529373569452        21.902584323572512     
   2400.9555216805179        21.902584323572512     
   2422.8581060040906        21.902584323572512     
   2444.7606903276633        21.902584323572512     
   2466.6632746512360        21.902584323572512     
   2488.5658589748086        23.216739382986862     
   2511.7825983577955        24.609743745966075     
   2536.3923421037616        24.609743745966075     
   2561.0020858497278        24.609743745966075     
   2585.6118295956940        24.609743745966075     
   2610.2215733416601        26.086328370724040     
   2636.3079017123841        27.651508072967484     
   2663.9594097853515        29.310598557345536     
   2693.2700083426971        31.069234470786270     
   2724.3392428134835        31.069234470786270     
   2755.4084772842698        31.069234470786270     
   2786.4777117550561        31.069234470786270     
   2817.5469462258425        31.069234470786270     
   2848.6161806966288        32.933388539033452     
   2881.5495692356621        34.909391851375460     
   2916.4589610870376        34.909391851375460     
   2951.3683529384130        34.909391851375460     
   2986.2777447897884        34.909391851375460     
   3021.1871366411638        34.909391851375460     
   3056.0965284925392        34.909391851375460     
   3091.0059203439146        37.003955362457987     
   3128.0098757063724        37.003955362457987     
   3165.0138310688303        37.003955362457987     
   3202.0177864312882        37.003955362457987     
   3239.0217417937461        39.224192684205470     
   3278.2459344779513        39.224192684205470     
   3317.4701271621566        39.224192684205470     
   3356.6943198463619        39.224192684205470     
   3395.9185125305671        39.224192684205470     
   3435.1427052147724        39.224192684205470     
   3474.3668978989776        39.224192684205470     
   3513.5910905831829        39.224192684205470     
   3552.8152832673882        39.224192684205470     
   3592.0394759515934        39.224192684205470     
   3631.2636686357987        41.577644245257801     
   3672.8413128810566        44.072302899973273     
   3716.9136157810299        46.716641073971672     
   3763.6302568550013        46.716641073971672     
   3810.3468979289728        46.716641073971672     
   3857.0635390029443        46.716641073971672     
   3903.7801800769157        46.716641073971672     
   3950.4968211508872        49.519639538409976     
   4000.0164606892972        49.519639538409976     
   4049.5361002277073        49.519639538409976     
   4099.0557397661169        49.519639538409976     
   4148.5753793045269        49.519639538409976     
   4198.0950188429370        52.490817910714576     
   4250.5858367536512        52.490817910714576     
   4303.0766546643654        52.490817910714576     
   4355.5674725750796        55.640266985357449     
   4411.2077395604374        55.640266985357449     
   4466.8480065457952        55.640266985357449     
   4522.4882735311530        55.640266985357449     
   4578.1285405165108        55.640266985357449     
   4633.7688075018687        58.978683004478903     
   4692.7474905063473        58.978683004478903     
   4751.7261735108259        47.182946403583124     
   4798.9091199144086        47.182946403583124     
   4846.0920663179913        50.013923187798113     
   4896.1059895057897        50.013923187798113     
   4946.1199126935880        50.013923187798113     
   4996.1338358813864        50.013923187798113     
   5046.1477590691848        50.013923187798113     
   5096.1616822569831        50.013923187798113     
   5146.1756054447815        53.014758579066005     
   5199.1903640238479        53.014758579066005     
   5252.2051226029143        53.014758579066005     
   5305.2198811819808        53.014758579066005     
   5358.2346397610472        56.195644093809968     
   5414.4302838548574        56.195644093809968     
   5470.6259279486676        56.195644093809968     
   5526.8215720424778        56.195644093809968     
   5583.0172161362880        56.195644093809968     
   5639.2128602300982        56.195644093809968     
   5695.4085043239083        56.195644093809968     
   5751.6041484177185        56.195644093809968     
   5807.7997925115287        56.195644093809968     
   5863.9954366053389        56.195644093809968     
   5920.1910806991491        59.567382739438571     
   5979.7584634385876        59.567382739438571     
   6039.3258461780260        59.567382739438571     
   6098.8932289174645        59.567382739438571     
   6158.4606116569030        59.567382739438571     
   6218.0279943963415        59.567382739438571     
   6277.5953771357799        59.567382739438571     
   6337.1627598752184        59.567382739438571     
   6396.7301426146569        59.567382739438571     
   6456.2975253540953        63.141425703804892     
   6519.4389510579003        63.141425703804892     
   6582.5803767617053        63.141425703804892     
   6645.7218024655103        63.141425703804892     
   6708.8632281693153        66.929911246033186     
   6775.7931394153484        66.929911246033186     
   6842.7230506613814        66.929911246033186     
   6909.6529619074145        66.929911246033186     
   6976.5828731534475        66.929911246033186     
   7043.5127843994806        66.929911246033186     
   7110.4426956455136        66.929911246033186     
   7177.3726068915466        66.929911246033186     
   7244.3025181375797        66.929911246033186     
   7311.2324293836127        70.945705920795177     
   7382.1781353044080        70.945705920795177     
   7453.1238412252033        70.945705920795177     
   7524.0695471459985        70.945705920795177     
   7595.0152530667938        70.945705920795177     
   7665.9609589875890        70.945705920795177     
   7736.9066649083843        70.945705920795177     
   7807.8523708291796        70.945705920795177     
   7878.7980767499748        70.945705920795177     
   7949.7437826707701        70.945705920795177     
   8020.6894885915654        70.945705920795177     
   8091.6351945123606        70.945705920795177     
   8162.5809004331559        70.945705920795177     
   8233.5266063539511        75.202448276042887     
   8308.7290546299937        75.202448276042887     
   8383.9315029060363        75.202448276042887     
   8459.1339511820788        75.202448276042887     
   8534.3363994581214        75.202448276042887     
   8609.5388477341639        75.202448276042887     
   8684.7412960102065        75.202448276042887     
   8759.9437442862491        75.202448276042887     
   8835.1461925622916        79.714595172605470     
   8914.8607877348968        79.714595172605470     
   8994.5753829075020        71.743135655344929     
   9066.3185185628463        71.743135655344929     
   9138.0616542181906        71.743135655344929     
   9209.8047898735349        71.743135655344929     
   9281.5479255288792        71.743135655344929     
   9353.2910611842235        71.743135655344929     
   9425.0341968395678        71.743135655344929     
   9496.7773324949121        71.743135655344929     
   9568.5204681502564        76.047723794665629     
   9644.5681919449216        76.047723794665629     
   9720.6159157395869        76.047723794665629     
   9796.6636395342521        76.047723794665629     
   9872.7113633289173        80.610587222345572     
   9953.3219505512625        80.610587222345572     
   10033.932537773608        80.610587222345572     
   10114.543124995953        80.610587222345572     
   10195.153712218298        80.610587222345572     
   10275.764299440643        80.610587222345572     
   10356.374886662989        80.610587222345572     
   10436.985473885334        85.447222455686315     
   10522.432696341020        90.574055803027505     
   10613.006752144049        90.574055803027505     
   10703.580807947077        96.008499151209165     
   10799.589307098286        96.008499151209165     
   10895.597806249494        96.008499151209165     
   10991.606305400703        96.008499151209165     
   11087.614804551911        96.008499151209165     
   11183.623303703120        96.008499151209165     
   11279.631802854328        101.76900910028172     
   11381.400811954611        101.76900910028172     
   11483.169821054893        101.76900910028172     
   11584.938830155175        101.76900910028172     
   11686.707839255458        101.76900910028172     
   11788.476848355740        101.76900910028172     
   11890.245857456022        107.87514964629862     
   11998.121007102322        107.87514964629862     
   12105.996156748621        107.87514964629862     
   12213.871306394920        107.87514964629862     
   12321.746456041219        114.34765862507655     
   12436.094114666295        114.34765862507655     
   12550.441773291372        114.34765862507655     
   12664.789431916448        114.34765862507655     
   12779.137090541524        114.34765862507655     
   12893.484749166601        102.91289276256890     
   12996.397641929170        102.91289276256890     
   13099.310534691740        109.08766632832304     
   13208.398201020063        115.63292630802243     
   13324.031127328086        115.63292630802243     
   13439.664053636108        115.63292630802243     
   13555.296979944131        122.57090188650379     
   13677.867881830634        122.57090188650379     
   13800.438783717138        129.92515599969403     
   13930.363939716832        129.92515599969403     
   14060.289095716525        129.92515599969403     
   14190.214251716219        137.72066535967568     
   14327.934917075894        137.72066535967568     
   14465.655582435569        137.72066535967568     
   14603.376247795244        137.72066535967568     
   14741.096913154919        110.17653228774054     
   14851.273445442659        116.78712422500499     
   14968.060569667665        116.78712422500499     
   15084.847693892671        123.79435167850529     
   15208.642045571176        131.22201277921562     
   15339.864058350391        131.22201277921562     
   15471.086071129606        104.97761022337249     
   15576.063681352978        104.97761022337249     
   15681.041291576350        104.97761022337249     
   15786.018901799722        111.27626683677485     
   15897.295168636496        117.95284284698135     
   16015.248011483478        117.95284284698135     
   16133.200854330460        117.95284284698135     
   16251.153697177442        125.03001341780025     
   16376.183710595242        125.03001341780025     
   16501.213724013043        125.03001341780025     
   16626.243737430843        132.53181422286826     
   16758.775551653711        112.38697846099228     
   16871.162530114703        89.909582768793825     
   16961.072112883496        95.304157734921461     
   17056.376270618417        95.304157734921461     
   17151.680428353338        101.02240719901675     
   17252.702835552354        107.08375163095776     
   17359.786587183313        113.50877672881523     
   17473.295363912130        113.50877672881523     
   17586.804140640947        113.50877672881523     
   17700.312917369763        113.50877672881523     
   17813.821694098580        113.50877672881523     
   17927.330470827397        120.31930333254415     
   18047.649774159941        127.53846153249681     
   18175.188235692440        135.19076922444663     
   18310.379004916886        135.19076922444663     
   18445.569774141331        143.30221537791343     
   18588.871989519244        143.30221537791343     
   18732.174204897157        143.30221537791343     
   18875.476420275070        151.90034830058823     
   19027.376768575657        121.52027864047059     
   19148.897047216127        121.52027864047059     
   19270.417325856597        121.52027864047059     
   19391.937604497067        121.52027864047059     
   19513.457883137537        121.52027864047059     
   19634.978161778006        128.81149535889884     
   19763.789657136906        136.54018508043276     
   19900.329842217339        136.54018508043276     
   20036.870027297773        136.54018508043276     
   20173.410212378207        136.54018508043276     
   20309.950397458641        144.73259618525873     
   20454.682993643899        153.41655195637426     
   20608.099545600275        162.62154507375672     
   20770.721090674033        162.62154507375672     
   20933.342635747791        172.37883777818215     
   21105.721473525973        172.37883777818215     
   21278.100311304155        182.72156804487310     
   21460.821879349027        182.72156804487310     
   21643.543447393899        182.72156804487310     
   21826.265015438770        182.72156804487310     
   22008.986583483642        182.72156804487310     
   22191.708151528514        193.68486212756548     
   22385.393013656078        193.68486212756548     
   22579.077875783642        193.68486212756548     
   22772.762737911205        193.68486212756548     
   22966.447600038769        193.68486212756548     
   23160.132462166333        200.00000000000000     
   23360.132462166333        200.00000000000000     
   23560.132462166333        180.00000000000000     
   23740.132462166333        180.00000000000000     
   23920.132462166333        190.80000000000001     
   24110.932462166333        190.80000000000001     
   24301.732462166332        190.80000000000001     
   24492.532462166331        190.80000000000001     
   24683.332462166331        190.80000000000001     
   24874.132462166330        200.00000000000000     
   25074.132462166330        200.00000000000000     
   25274.132462166330        200.00000000000000     
   25474.132462166330        200.00000000000000     
   25674.132462166330        200.00000000000000     
   25874.132462166330        200.00000000000000     
   26074.132462166330        200.00000000000000     
   26274.132462166330        200.00000000000000     
   26474.132462166330        200.00000000000000     
   26674.132462166330        200.00000000000000     
   26874.132462166330        200.00000000000000     
   27074.132462166330        200.00000000000000     
   27274.132462166330        200.00000000000000     
   27474.132462166330        200.00000000000000     
   27674.132462166330        200.00000000000000     
   27874.132462166330        200.00000000000000     
   28074.132462166330        160.00000000000000     
   28234.132462166330        160.00000000000000     
   28394.132462166330        160.00000000000000     
   28554.132462166330        169.60000000000002     
   28723.732462166328        179.77600000000004     
   28903.508462166330        190.56256000000005     
   29094.071022166328        200.00000000000000     
   29294.071022166328        200.00000000000000     
   29494.071022166328        200.00000000000000     
   29694.071022166328        200.00000000000000     
   29894.071022166328        200.00000000000000     
   30094.071022166328        200.00000000000000     
   30294.071022166328        200.00000000000000     
   30494.071022166328        200.00000000000000     
   30694.071022166328        160.00000000000000     
   30854.071022166328        169.60000000000002     
   31023.671022166327        169.60000000000002     
   31193.271022166326        179.77600000000004     
   31373.047022166327        190.56256000000005     
   31563.609582166326        200.00000000000000     
   31763.609582166326        200.00000000000000     
   31963.609582166326        200.00000000000000     
   32163.609582166326        200.00000000000000     
   32363.609582166326        200.00000000000000     
   32563.609582166326        200.00000000000000     
   32763.609582166326        200.00000000000000     
   32963.609582166326        200.00000000000000     
   33163.609582166326        200.00000000000000     
   33363.609582166326        200.00000000000000     
   33563.609582166326        200.00000000000000     
   33763.609582166326        200.00000000000000     
   33963.609582166326        200.00000000000000     
   34163.609582166326        200.00000000000000     
   34363.609582166326        160.00000000000000     
   34523.609582166326        169.60000000000002     
   34693.209582166324        179.77600000000004     
   34872.985582166322        190.56256000000005     
   35063.548142166321        200.00000000000000     
   35263.548142166321        200.00000000000000     
   35463.548142166321        200.00000000000000     
   35663.548142166321        200.00000000000000     
   35863.548142166321        200.00000000000000     
   36063.548142166321        200.00000000000000     
   36263.548142166321        200.00000000000000     
   36463.548142166321        160.00000000000000     
   36623.548142166321        160.00000000000000     
   36783.548142166321        160.00000000000000     
   36943.548142166321        160.00000000000000     
   37103.548142166321        169.60000000000002     
   37273.148142166319        179.77600000000004     
   37452.924142166317        190.56256000000005     
   37643.486702166316        200.00000000000000     
   37843.486702166316        200.00000000000000     
   38043.486702166316        200.00000000000000     
   38243.486702166316        200.00000000000000     
   38443.486702166316        200.00000000000000     
   38643.486702166316        200.00000000000000     
   38843.486702166316        200.00000000000000     
   39043.486702166316        200.00000000000000     
   39243.486702166316        200.00000000000000     
   39443.486702166316        200.00000000000000     
   39643.486702166316        200.00000000000000     
   39843.486702166316        200.00000000000000     
   40043.486702166316        200.00000000000000     
   40243.486702166316        200.00000000000000     
   40443.486702166316        200.00000000000000     
   40643.486702166316        200.00000000000000     
   40843.486702166316        200.00000000000000     
   41043.486702166316        200.00000000000000     
   41243.486702166316        200.00000000000000     
   41443.486702166316        200.00000000000000     
   41643.486702166316        200.00000000000000     
   41843.486702166316        200.00000000000000     
   42043.486702166316        200.00000000000000     
   42243.486702166316        200.00000000000000     
   42443.486702166316        200.00000000000000     
   42643.486702166316        200.00000000000000     
   42843.486702166316        200.00000000000000     
   43043.486702166316        200.00000000000000     
   43243.486702166316        200.00000000000000     
   43443.486702166316        200.00000000000000     
   43643.486702166316        200.00000000000000     
   43843.486702166316        200.00000000000000     
   44043.486702166316        200.00000000000000     
   44243.486702166316        200.00000000000000     
   44443.486702166316        200.00000000000000     
   44643.486702166316        200.00000000000000     
   44843.486702166316        200.00000000000000     
   45043.486702166316        200.00000000000000     
   45243.486702166316        200.00000000000000     
   45443.486702166316        200.00000000000000     
   45643.486702166316        200.00000000000000     
   45843.486702166316        128.00000000000000     
   45971.486702166316        135.68000000000001     
   46107.166702166316        135.68000000000001     
   46242.846702166316        143.82080000000002     
   46386.667502166318        152.45004800000004     
   46539.117550166317        161.59705088000004     
   46700.714601046318        171.29287393280006     
   46872.007474979117        181.57044636876807     
   47053.577921347882        192.46467315089416     
   47246.042594498773        200.00000000000000     
   47446.042594498773        200.00000000000000     
   47646.042594498773        200.00000000000000     
   47846.042594498773        200.00000000000000     
   48046.042594498773        200.00000000000000     
   48246.042594498773        200.00000000000000     
   48446.042594498773        200.00000000000000     
   48646.042594498773        200.00000000000000     
   48846.042594498773        200.00000000000000     
   49046.042594498773        200.00000000000000     
   49246.042594498773        200.00000000000000     
   49446.042594498773        200.00000000000000     
   49646.042594498773        200.00000000000000     
   49846.042594498773        200.00000000000000     
   50046.042594498773        200.00000000000000     
   50246.042594498773        200.00000000000000     
   50446.042594498773        200.00000000000000     
   50646.042594498773        200.00000000000000     
   50846.042594498773        200.00000000000000     
   51046.042594498773        200.00000000000000     
   51246.042594498773        200.00000000000000     
   51446.042594498773        200.00000000000000     
   51646.042594498773        200.00000000000000     
   51846.042594498773        200.00000000000000     
   52046.042594498773        200.00000000000000     
   52246.042594498773        200.00000000000000     
   52446.042594498773        200.00000000000000     
   52646.042594498773        200.00000000000000     
   52846.042594498773        200.00000000000000     
   53046.042594498773        200.00000000000000     
   53246.042594498773        200.00000000000000     
   53446.042594498773        200.00000000000000     
   53646.042594498773        200.00000000000000     
   53846.042594498773        200.00000000000000     
   54046.042594498773        200.00000000000000     
   54246.042594498773        200.00000000000000     
   54446.042594498773        200.00000000000000     
   54646.042594498773        200.00000000000000     
   54846.042594498773        200.00000000000000     
   55046.042594498773        200.00000000000000     
   55246.042594498773        200.00000000000000     
   55446.042594498773        200.00000000000000     
   55646.042594498773        200.00000000000000     
   55846.042594498773        200.00000000000000     
   56046.042594498773        200.00000000000000     
   56246.042594498773        200.00000000000000     
   56446.042594498773        200.00000000000000     
   56646.042594498773        200.00000000000000     
   56846.042594498773        200.00000000000000     
   57046.042594498773        200.00000000000000     
   57246.042594498773        200.00000000000000     
   57446.042594498773        200.00000000000000     
   57646.042594498773        200.00000000000000     
   57846.042594498773        200.00000000000000     
   58046.042594498773        200.00000000000000     
   58246.042594498773        200.00000000000000     
   58446.042594498773        200.00000000000000     
   58646.042594498773        200.00000000000000     
   58846.042594498773        200.00000000000000     
   59046.042594498773        160.00000000000000     
   59206.042594498773        160.00000000000000     
   59366.042594498773        169.60000000000002     
   59535.642594498771        179.77600000000004     
   59715.418594498769        190.56256000000005     
   59905.981154498768        200.00000000000000     
   60105.981154498768        200.00000000000000     
   60305.981154498768        200.00000000000000     
   60505.981154498768        200.00000000000000     
   60705.981154498768        200.00000000000000     
   60905.981154498768        200.00000000000000     
   61105.981154498768        200.00000000000000     
   61305.981154498768        200.00000000000000     
   61505.981154498768        200.00000000000000     
   61705.981154498768        200.00000000000000     
   61905.981154498768        200.00000000000000     
   62105.981154498768        200.00000000000000     
   62305.981154498768        200.00000000000000     
   62505.981154498768        200.00000000000000     
   62705.981154498768        200.00000000000000     
   62905.981154498768        200.00000000000000     
   63105.981154498768        200.00000000000000     
   63305.981154498768        200.00000000000000     
   63505.981154498768        200.00000000000000     
   63705.981154498768        200.00000000000000     
   63905.981154498768        200.00000000000000     
   64105.981154498768        200.00000000000000     
   64305.981154498768        200.00000000000000     
   64505.981154498768        200.00000000000000     
   64705.981154498768        200.00000000000000     
   64905.981154498768        200.00000000000000     
   65105.981154498768        200.00000000000000     
   65305.981154498768        200.00000000000000     
   65505.981154498768        200.00000000000000     
   65705.981154498761        200.00000000000000     
   65905.981154498761        200.00000000000000     
   66105.981154498761        200.00000000000000     
   66305.981154498761        200.00000000000000     
   66505.981154498761        200.00000000000000     
   66705.981154498761        200.00000000000000     
   66905.981154498761        200.00000000000000     
   67105.981154498761        200.00000000000000     
   67305.981154498761        200.00000000000000     
   67505.981154498761        200.00000000000000     
   67705.981154498761        200.00000000000000     
   67905.981154498761        200.00000000000000     
   68105.981154498761        200.00000000000000     
   68305.981154498761        200.00000000000000     
   68505.981154498761        200.00000000000000     
   68705.981154498761        200.00000000000000     
   68905.981154498761        200.00000000000000     
   69105.981154498761        200.00000000000000     
   69305.981154498761        200.00000000000000     
   69505.981154498761        200.00000000000000     
   69705.981154498761        200.00000000000000     
   69905.981154498761        200.00000000000000     
   70105.981154498761        200.00000000000000     
   70305.981154498761        200.00000000000000     
   70505.981154498761        200.00000000000000     
   70705.981154498761        200.00000000000000     
   70905.981154498761        200.00000000000000     
   71105.981154498761        200.00000000000000     
   71305.981154498761        200.00000000000000     
   71505.981154498761        200.00000000000000     
   71705.981154498761        200.00000000000000     
   71905.981154498761        200.00000000000000     
   72105.981154498761        200.00000000000000     
   72305.981154498761        200.00000000000000     
   72505.981154498761        200.00000000000000     
   72705.981154498761        200.00000000000000     
   72905.981154498761        200.00000000000000     
   73105.981154498761        200.00000000000000     
   73305.981154498761        200.00000000000000     
   73505.981154498761        200.00000000000000     
   73705.981154498761        200.00000000000000     
   73905.981154498761        200.00000000000000     
   74105.981154498761        200.00000000000000     
   74305.981154498761        200.00000000000000     
   74505.981154498761        200.00000000000000     
   74705.981154498761        200.00000000000000     
   74905.981154498761        200.00000000000000     
   75105.981154498761        200.00000000000000     
   75305.981154498761        200.00000000000000     
   75505.981154498761        200.00000000000000     
   75705.981154498761        200.00000000000000     
   75905.981154498761        200.00000000000000     
   76105.981154498761        200.00000000000000     
   76305.981154498761        200.00000000000000     
   76505.981154498761        200.00000000000000     
   76705.981154498761        200.00000000000000     
   76905.981154498761        200.00000000000000     
   77105.981154498761        200.00000000000000     
   77305.981154498761        200.00000000000000     
   77505.981154498761        200.00000000000000     
   77705.981154498761        200.00000000000000     
   77905.981154498761        200.00000000000000     
   78105.981154498761        200.00000000000000     
   78305.981154498761        200.00000000000000     
   78505.981154498761        200.00000000000000     
   78705.981154498761        200.00000000000000     
   78905.981154498761        200.00000000000000     
   79105.981154498761        200.00000000000000     
   79305.981154498761        200.00000000000000     
   79505.981154498761        200.00000000000000     
   79705.981154498761        200.00000000000000     
   79905.981154498761        200.00000000000000     
   80105.981154498761        200.00000000000000     
   80305.981154498761        200.00000000000000     
   80505.981154498761        200.00000000000000     
   80705.981154498761        200.00000000000000     
   80905.981154498761        200.00000000000000     
   81105.981154498761        200.00000000000000     
   81305.981154498761        200.00000000000000     
   81505.981154498761        200.00000000000000     
   81705.981154498761        200.00000000000000     
   81905.981154498761        200.00000000000000     
   82105.981154498761        200.00000000000000     
   82305.981154498761        200.00000000000000     
   82505.981154498761        200.00000000000000     
   82705.981154498761        200.00000000000000     
   82905.981154498761        200.00000000000000     
   83105.981154498761        200.00000000000000     
   83305.981154498761        200.00000000000000     
   83505.981154498761        200.00000000000000     
   83705.981154498761        200.00000000000000     
   83905.981154498761        200.00000000000000     
   84105.981154498761        200.00000000000000     
   84305.981154498761        200.00000000000000     
   84505.981154498761        200.00000000000000     
   84705.981154498761        200.00000000000000     
   84905.981154498761        200.00000000000000     
   85105.981154498761        200.00000000000000     
   85305.981154498761        200.00000000000000     
   85505.981154498761        200.00000000000000     
   85705.981154498761        200.00000000000000     
   85905.981154498761        200.00000000000000     
   86105.981154498761        200.00000000000000     
   86305.981154498761        200.00000000000000     
   86505.981154498761        200.00000000000000     
   86705.981154498761        200.00000000000000     
   86905.981154498761        200.00000000000000     
   87105.981154498761        200.00000000000000     
   87305.981154498761        200.00000000000000     
   87505.981154498761        200.00000000000000     
   87705.981154498761        200.00000000000000     
   87905.981154498761        200.00000000000000     
   88105.981154498761        200.00000000000000     
   88305.981154498761        200.00000000000000     
   88505.981154498761        200.00000000000000     
   88705.981154498761        200.00000000000000     
   88905.981154498761        200.00000000000000     
   89105.981154498761        200.00000000000000     
   89305.981154498761        200.00000000000000     
   89505.981154498761        200.00000000000000     
   89705.981154498761        200.00000000000000     
   89905.981154498761        200.00000000000000     
   90105.981154498761        200.00000000000000     
   90305.981154498761        200.00000000000000     
   90505.981154498761        200.00000000000000     
   90705.981154498761        200.00000000000000     
   90905.981154498761        200.00000000000000     
   91105.981154498761        200.00000000000000     
   91305.981154498761        200.00000000000000     
   91505.981154498761        200.00000000000000     
   91705.981154498761        200.00000000000000     
   91905.981154498761        200.00000000000000     
   92105.981154498761        200.00000000000000     
   92305.981154498761        200.00000000000000     
   92505.981154498761        200.00000000000000     
   92705.981154498761        200.00000000000000     
   92905.981154498761        200.00000000000000     
   93105.981154498761        200.00000000000000     
   93305.981154498761        200.00000000000000     
   93505.981154498761        200.00000000000000     
   93705.981154498761        200.00000000000000     
   93905.981154498761        200.00000000000000     
   94105.981154498761        200.00000000000000     
   94305.981154498761        200.00000000000000     
   94505.981154498761        200.00000000000000     
   94705.981154498761        200.00000000000000     
   94905.981154498761        200.00000000000000     
   95105.981154498761        200.00000000000000     
   95305.981154498761        200.00000000000000     
   95505.981154498761        200.00000000000000     
   95705.981154498761        200.00000000000000     
   95905.981154498761        200.00000000000000     
   96105.981154498761        200.00000000000000     
   96305.981154498761        200.00000000000000     
   96505.981154498761        200.00000000000000     
   96705.981154498761        200.00000000000000     
   96905.981154498761        200.00000000000000     
   97105.981154498761        200.00000000000000     
   97305.981154498761        200.00000000000000     
   97505.981154498761        200.00000000000000     
   97705.981154498761        200.00000000000000     
   97905.981154498761        200.00000000000000     
   98105.981154498761        200.00000000000000     
   98305.981154498761        200.00000000000000     
   98505.981154498761        200.00000000000000     
   98705.981154498761        200.00000000000000     
   98905.981154498761        200.00000000000000     
   99105.981154498761        200.00000000000000     
   99305.981154498761        200.00000000000000     
   99505.981154498761        200.00000000000000     
   99705.981154498761        200.00000000000000     
   99905.981154498761        200.00000000000000     
   100105.98115449876        200.00000000000000     
   100305.98115449876        200.00000000000000     
   100505.98115449876        200.00000000000000     
   100705.98115449876        200.00000000000000     
   100905.98115449876        200.00000000000000     
   101105.98115449876        200.00000000000000     
   101305.98115449876        200.00000000000000     
   101505.98115449876        200.00000000000000     
   101705.98115449876        200.00000000000000     
   101905.98115449876        200.00000000000000     
   102105.98115449876        200.00000000000000     
   102305.98115449876        200.00000000000000     
   102505.98115449876        200.00000000000000     
   102705.98115449876        200.00000000000000     
   102905.98115449876        200.00000000000000     
   103105.98115449876        200.00000000000000     
   103305.98115449876        200.00000000000000     
   103505.98115449876        200.00000000000000     
   103705.98115449876        200.00000000000000     
   103905.98115449876        200.00000000000000     
   104105.98115449876        200.00000000000000     
   104305.98115449876        200.00000000000000     
   104505.98115449876        200.00000000000000     
   104705.98115449876        200.00000000000000     
   104905.98115449876        200.00000000000000     
   105105.98115449876        200.00000000000000     
   105305.98115449876        200.00000000000000     
   105505.98115449876        200.00000000000000     
   105705.98115449876        200.00000000000000     
   105905.98115449876        200.00000000000000     
   106105.98115449876        200.00000000000000     
   106305.98115449876        200.00000000000000     
   106505.98115449876        200.00000000000000     
   106705.98115449876        200.00000000000000     
   106905.98115449876        200.00000000000000     
   107105.98115449876        200.00000000000000     
   107305.98115449876        200.00000000000000     
   107505.98115449876        200.00000000000000     
   107705.98115449876        200.00000000000000     
   107905.98115449876        200.00000000000000     
   108105.98115449876        200.00000000000000     
   108305.98115449876        200.00000000000000     
   108505.98115449876        200.00000000000000     
   108705.98115449876        200.00000000000000     
   108905.98115449876        200.00000000000000     
   109105.98115449876        200.00000000000000     
   109305.98115449876        200.00000000000000     
   109505.98115449876        200.00000000000000     
   109705.98115449876        200.00000000000000     
   109905.98115449876        200.00000000000000     
   110105.98115449876        200.00000000000000     
   110305.98115449876        200.00000000000000     
   110505.98115449876        200.00000000000000     
   110705.98115449876        200.00000000000000     
   110905.98115449876        200.00000000000000     
   111105.98115449876        200.00000000000000     
   111305.98115449876        200.00000000000000     
   111505.98115449876        200.00000000000000     
   111705.98115449876        200.00000000000000     
   111905.98115449876        200.00000000000000     
   112105.98115449876        200.00000000000000     
   112305.98115449876        200.00000000000000     
   112505.98115449876        200.00000000000000     
   112705.98115449876        200.00000000000000     
   112905.98115449876        200.00000000000000     
   113105.98115449876        200.00000000000000     
   113305.98115449876        200.00000000000000     
   113505.98115449876        200.00000000000000     
   113705.98115449876        200.00000000000000     
   113905.98115449876        200.00000000000000     
   114105.98115449876        200.00000000000000     
   114305.98115449876        200.00000000000000     
   114505.98115449876        200.00000000000000     
   114705.98115449876        200.00000000000000     
   114905.98115449876        200.00000000000000     
   115105.98115449876        200.00000000000000     
   115305.98115449876        200.00000000000000     
   115505.98115449876        200.00000000000000     
   115705.98115449876        200.00000000000000     
   115905.98115449876        200.00000000000000     
   116105.98115449876        200.00000000000000     
   116305.98115449876        200.00000000000000     
   116505.98115449876        200.00000000000000     
   116705.98115449876        200.00000000000000     
   116905.98115449876        200.00000000000000     
   117105.98115449876        200.00000000000000     
   117305.98115449876        200.00000000000000     
   117505.98115449876        200.00000000000000     
   117705.98115449876        200.00000000000000     
   117905.98115449876        200.00000000000000     
   118105.98115449876        200.00000000000000     
   118305.98115449876        200.00000000000000     
   118505.98115449876        200.00000000000000     
   118705.98115449876        200.00000000000000     
   118905.98115449876        200.00000000000000     
   119105.98115449876        200.00000000000000     
   119305.98115449876        200.00000000000000     
   119505.98115449876        200.00000000000000     
   119705.98115449876        200.00000000000000     
   119905.98115449876        200.00000000000000     
   120105.98115449876        200.00000000000000     
   120305.98115449876        200.00000000000000     
   120505.98115449876        200.00000000000000     
   120705.98115449876        200.00000000000000     
   120905.98115449876        200.00000000000000     
   121105.98115449876        200.00000000000000     
   121305.98115449876        200.00000000000000     
   121505.98115449876        200.00000000000000     
   121705.98115449876        200.00000000000000     
   121905.98115449876        200.00000000000000     
   122105.98115449876        200.00000000000000     
   122305.98115449876        200.00000000000000     
   122505.98115449876        200.00000000000000     
   122705.98115449876        200.00000000000000     
   122905.98115449876        200.00000000000000     
   123105.98115449876        200.00000000000000     
   123305.98115449876        200.00000000000000     
   123505.98115449876        200.00000000000000     
   123705.98115449876        200.00000000000000     
   123905.98115449876        200.00000000000000     
   124105.98115449876        200.00000000000000     
   124305.98115449876        200.00000000000000     
   124505.98115449876        200.00000000000000     
   124705.98115449876        200.00000000000000     
   124905.98115449876        200.00000000000000     
   125105.98115449876        200.00000000000000     
   125305.98115449876        200.00000000000000     
   125505.98115449876        200.00000000000000     
   125705.98115449876        200.00000000000000     
   125905.98115449876        200.00000000000000     
   126105.98115449876        200.00000000000000     
   126305.98115449876        200.00000000000000     
   126505.98115449876        200.00000000000000     
   126705.98115449876        200.00000000000000     
   126905.98115449876        200.00000000000000     
   127105.98115449876        200.00000000000000     
   127305.98115449876        200.00000000000000     
   127505.98115449876        200.00000000000000     
   127705.98115449876        200.00000000000000     
   127905.98115449876        200.00000000000000     
   128105.98115449876        200.00000000000000     
   128305.98115449876        200.00000000000000     
   128505.98115449876        200.00000000000000     
   128705.98115449876        200.00000000000000     
   128905.98115449876        200.00000000000000     
   129105.98115449876        200.00000000000000     
   129305.98115449876        200.00000000000000     
   129505.98115449876        200.00000000000000     
   129705.98115449876        200.00000000000000     
   129905.98115449876        200.00000000000000     
   130105.98115449876        200.00000000000000     
   130305.98115449876        200.00000000000000     
   130505.98115449876        200.00000000000000     
   130705.98115449876        200.00000000000000     
   130905.98115449876        200.00000000000000     
   131105.98115449876        65.536000000000016     
   131171.51715449875        22.763326668800019     
   131194.28048116755        24.129126268928022     
   131218.40960743648        25.576873845063705     
   131243.98648128155        27.111486275767529     
   131271.09796755732        28.738175452313584     
   131299.83614300963        30.462465979452400     
   131330.29860898908        32.290213938219544     
   131362.58882292730        34.227626774512721     
   131396.81644970182        36.281284380983486     
   131433.09773408281        38.458161443842499     
   131471.55589552666        40.765651130473053     
   131512.32154665713        43.211590198301437     
   131555.53313685543        45.804285610199528     
   131601.33742246564        48.552542746811504     
   131649.88996521247        51.465695311620195     
   131701.35566052407        54.553637030317411     
   131755.90929755440        57.826855252136461     
   131813.73615280655        61.296466567264652     
   131875.03261937381        64.974254561300540     
   131940.00687393511        68.872709834978579     
   132008.87958377009        73.005072425077302     
   132081.88465619518        77.385376770581942     
   132159.27003296575        82.028499376816868     
   132241.29853234257        86.950209339425882     
   132328.24874168201        92.167221899791443     
   132420.41596358179        97.697255213778931     
   132518.11321879557        103.55909052660567     
   132621.67230932217        109.77263595820202     
   132731.44494528038        116.35899411569414     
   132847.80393939608        123.34053376263580     
   132971.14447315873        130.74096578839396     
   133101.88543894712        138.58542373569762     
   133240.47086268282        146.90054915983947     
   133387.37141184267        155.71458210942984     
   133543.08599395209        165.05745703599564     
   133708.14345098808        174.96090445815540     
   133883.10435544624        185.45855872564474     
   134068.56291417190        196.58607224918342     
   134265.14898642109        200.00000000000000     
   134465.14898642109        200.00000000000000     
   134665.14898642109        200.00000000000000     
   134865.14898642109        200.00000000000000     
   135065.14898642109        200.00000000000000     
   135265.14898642109        200.00000000000000     
   135465.14898642109        200.00000000000000     
   135665.14898642109        200.00000000000000     
   135865.14898642109        200.00000000000000     
   136065.14898642109        200.00000000000000     
   136265.14898642109        200.00000000000000     
   136465.14898642109        200.00000000000000     
   136665.14898642109        200.00000000000000     
   136865.14898642109        200.00000000000000     
   137065.14898642109        200.00000000000000     
   137265.14898642109        200.00000000000000     
   137465.14898642109        200.00000000000000     
   137665.14898642109        200.00000000000000     
   137865.14898642109        200.00000000000000     
   138065.14898642109        200.00000000000000     
   138265.14898642109        200.00000000000000     
   138465.14898642109        200.00000000000000     
   138665.14898642109        200.00000000000000     
   138865.14898642109        200.00000000000000     
   139065.14898642109        200.00000000000000     
   139265.14898642109        200.00000000000000     
   139465.14898642109        200.00000000000000     
   139665.14898642109        200.00000000000000     
   139865.14898642109        200.00000000000000     
   140065.14898642109        200.00000000000000     
   140265.14898642109        200.00000000000000     
   140465.14898642109        200.00000000000000     
   140665.14898642109        200.00000000000000     
   140865.14898642109        200.00000000000000     
   141065.14898642109        200.00000000000000     
   141265.14898642109        200.00000000000000     
   141465.14898642109        200.00000000000000     
   141665.14898642109        200.00000000000000     
   141865.14898642109        200.00000000000000     
   142065.14898642109        200.00000000000000     
   142265.14898642109        200.00000000000000     
   142465.14898642109        200.00000000000000     
   142665.14898642109        200.00000000000000     
   142865.14898642109        200.00000000000000     
   143065.14898642109        200.00000000000000     
   143265.14898642109        200.00000000000000     
   143465.14898642109        200.00000000000000     
   143665.14898642109        200.00000000000000     
   143865.14898642109        200.00000000000000     
   144065.14898642109        200.00000000000000     
   144265.14898642109        200.00000000000000     
   144465.14898642109        200.00000000000000     
   144665.14898642109        200.00000000000000     
   144865.14898642109        200.00000000000000     
   145065.14898642109        200.00000000000000     
   145265.14898642109        200.00000000000000     
   145465.14898642109        200.00000000000000     
   145665.14898642109        200.00000000000000     
   145865.14898642109        200.00000000000000     
   146065.14898642109        200.00000000000000     
   146265.14898642109        200.00000000000000     
   146465.14898642109        200.00000000000000     
   146665.14898642109        200.00000000000000     
   146865.14898642109        200.00000000000000     
   147065.14898642109        200.00000000000000     
   147265.14898642109        200.00000000000000     
   147465.14898642109        200.00000000000000     
   147665.14898642109        200.00000000000000     
   147865.14898642109        200.00000000000000     
   148065.14898642109        200.00000000000000     
   148265.14898642109        200.00000000000000     
   148465.14898642109        200.00000000000000     
   148665.14898642109        200.00000000000000     
   148865.14898642109        200.00000000000000     
   149065.14898642109        200.00000000000000     
   149265.14898642109        200.00000000000000     
   149465.14898642109        200.00000000000000     
   149665.14898642109        200.00000000000000     
   149865.14898642109        200.00000000000000     
   150065.14898642109        200.00000000000000     
   150265.14898642109        200.00000000000000     
   150465.14898642109        200.00000000000000     
   150665.14898642109        200.00000000000000     
   150865.14898642109        200.00000000000000     
   151065.14898642109        200.00000000000000     
   151265.14898642109        200.00000000000000     
   151465.14898642109        200.00000000000000     
   151665.14898642109        200.00000000000000     
   151865.14898642109        200.00000000000000     
   152065.14898642109        200.00000000000000     
   152265.14898642109        200.00000000000000     
   152465.14898642109        200.00000000000000     
   152665.14898642109        200.00000000000000     
   152865.14898642109        200.00000000000000     
   153065.14898642109        200.00000000000000     
   153265.14898642109        200.00000000000000     
   153465.14898642109        200.00000000000000     
   153665.14898642109        200.00000000000000     
   153865.14898642109        200.00000000000000     
   154065.14898642109        200.00000000000000     
   154265.14898642109        200.00000000000000     
   154465.14898642109        200.00000000000000     
   154665.14898642109        200.00000000000000     
   154865.14898642109        200.00000000000000     
   155065.14898642109        200.00000000000000     
   155265.14898642109        200.00000000000000     
   155465.14898642109        200.00000000000000     
   155665.14898642109        200.00000000000000     
   155865.14898642109        200.00000000000000     
   156065.14898642109        200.00000000000000     
   156265.14898642109        200.00000000000000     
   156465.14898642109        200.00000000000000     
   156665.14898642109        200.00000000000000     
   156865.14898642109        200.00000000000000     
   157065.14898642109        200.00000000000000     
   157265.14898642109        200.00000000000000     
   157465.14898642109        200.00000000000000     
   157665.14898642109        200.00000000000000     
   157865.14898642109        200.00000000000000     
   158065.14898642109        200.00000000000000     
   158265.14898642109        200.00000000000000     
   158465.14898642109        200.00000000000000     
   158665.14898642109        200.00000000000000     
   158865.14898642109        200.00000000000000     
   159065.14898642109        200.00000000000000     
   159265.14898642109        200.00000000000000     
   159465.14898642109        200.00000000000000     
   159665.14898642109        200.00000000000000     
   159865.14898642109        200.00000000000000     
   160065.14898642109        200.00000000000000     
   160265.14898642109        200.00000000000000     
   160465.14898642109        200.00000000000000     
   160665.14898642109        200.00000000000000     
   160865.14898642109        200.00000000000000     
   161065.14898642109        200.00000000000000     
   161265.14898642109        200.00000000000000     
   161465.14898642109        200.00000000000000     
   161665.14898642109        200.00000000000000     
   161865.14898642109        200.00000000000000     
   162065.14898642109        200.00000000000000     
   162265.14898642109        200.00000000000000     
   162465.14898642109        200.00000000000000     
   162665.14898642109        200.00000000000000     
   162865.14898642109        200.00000000000000     
   163065.14898642109        200.00000000000000     
   163265.14898642109        200.00000000000000     
   163465.14898642109        200.00000000000000     
   163665.14898642109        200.00000000000000     
   163865.14898642109        200.00000000000000     
   164065.14898642109        200.00000000000000     
   164265.14898642109        200.00000000000000     
   164465.14898642109        200.00000000000000     
   164665.14898642109        200.00000000000000     
   164865.14898642109        200.00000000000000     
   165065.14898642109        200.00000000000000     
   165265.14898642109        200.00000000000000     
   165465.14898642109        200.00000000000000     
   165665.14898642109        200.00000000000000     
   165865.14898642109        200.00000000000000     
   166065.14898642109        200.00000000000000     
   166265.14898642109        200.00000000000000     
   166465.14898642109        200.00000000000000     
   166665.14898642109        200.00000000000000     
   166865.14898642109        200.00000000000000     
   167065.14898642109        200.00000000000000     
   167265.14898642109        200.00000000000000     
   167465.14898642109        200.00000000000000     
   167665.14898642109        200.00000000000000     
   167865.14898642109        200.00000000000000     
   168065.14898642109        200.00000000000000     
   168265.14898642109        200.00000000000000     
   168465.14898642109        200.00000000000000     
   168665.14898642109        200.00000000000000     
   168865.14898642109        200.00000000000000     
   169065.14898642109        200.00000000000000     
   169265.14898642109        200.00000000000000     
   169465.14898642109        200.00000000000000     
   169665.14898642109        200.00000000000000     
   169865.14898642109        200.00000000000000     
   170065.14898642109        200.00000000000000     
   170265.14898642109        200.00000000000000     
   170465.14898642109        200.00000000000000     
   170665.14898642109        200.00000000000000     
   170865.14898642109        200.00000000000000     
   171065.14898642109        200.00000000000000     
   171265.14898642109        200.00000000000000     
   171465.14898642109        200.00000000000000     
   171665.14898642109        200.00000000000000     
   171865.14898642109        200.00000000000000     
   172065.14898642109        200.00000000000000     
   172265.14898642109        200.00000000000000     
   172465.14898642109        200.00000000000000     
   172665.14898642109        200.00000000000000     
   172865.14898642109        200.00000000000000     
   173065.14898642109        200.00000000000000     
   173265.14898642109        200.00000000000000     
   173465.14898642109        200.00000000000000     
   173665.14898642109        200.00000000000000     
   173865.14898642109        200.00000000000000     
   174065.14898642109        200.00000000000000     
   174265.14898642109        200.00000000000000     
   174465.14898642109        200.00000000000000     
   174665.14898642109        200.00000000000000     
   174865.14898642109        200.00000000000000     
   175065.14898642109        200.00000000000000     
   175265.14898642109        200.00000000000000     
   175465.14898642109        200.00000000000000     
   175665.14898642109        200.00000000000000     
   175865.14898642109        200.00000000000000     
   176065.14898642109        200.00000000000000     
   176265.14898642109        200.00000000000000     
   176465.14898642109        200.00000000000000     
   176665.14898642109        200.00000000000000     
   176865.14898642109        200.00000000000000     
   177065.14898642109        200.00000000000000     
   177265.14898642109        200.00000000000000     
   177465.14898642109        200.00000000000000     
   177665.14898642109        200.00000000000000     
   177865.14898642109        200.00000000000000     
   178065.14898642109        200.00000000000000     
   178265.14898642109        200.00000000000000     
   178465.14898642109        21.474836480000011     
   178486.62382290108        22.763326668800012     
   178509.38714956987        24.129126268928015     
   178533.51627583880        25.576873845063698     
   178559.09314968387        27.111486275767522     
   178586.20463595964        28.738175452313573     
   178614.94281141195        30.462465979452389     
   178645.40527739140        32.290213938219537     
   178677.69549132962        34.227626774512714     
   178711.92311810414        36.281284380983479     
   178748.20440248513        38.458161443842492     
   178786.66256392899        40.765651130473046     
   178827.42821505945        43.211590198301430     
   178870.63980525776        45.804285610199521     
   178916.44409086797        48.552542746811497     
   178964.99663361479        51.465695311620188     
   179016.46232892640        54.553637030317404     
   179071.01596595673        57.826855252136454     
   179128.84282120888        61.296466567264645     
   179190.13928777614        64.974254561300526     
   179255.11354233744        68.872709834978565     
   179323.98625217241        73.005072425077287     
   179396.99132459750        77.385376770581928     
   179474.37670136808        82.028499376816853     
   179556.40520074489        86.950209339425868     
   179643.35541008433        92.167221899791429     
   179735.52263198412        97.697255213778917     
   179833.21988719789        103.55909052660566     
   179936.77897772449        109.77263595820200     
   180046.55161368271        116.35899411569413     
   180162.91060779840        123.34053376263579     
   180286.25114156105        130.74096578839394     
   180416.99210734945        138.58542373569759     
   180555.57753108515        146.90054915983944     
   180702.47808024500        155.71458210942981     
   180858.19266235441        165.05745703599561     
   181023.25011939040        174.96090445815537     
   181198.21102384856        185.45855872564471     
   181383.66958257422        196.58607224918339     
   181580.25565482341        200.00000000000000     
   181780.25565482341        200.00000000000000     
   181980.25565482341        200.00000000000000     
   182180.25565482341        200.00000000000000     
   182380.25565482341        200.00000000000000     
   182580.25565482341        200.00000000000000     
   182780.25565482341        200.00000000000000     
   182980.25565482341        200.00000000000000     
   183180.25565482341        200.00000000000000     
   183380.25565482341        200.00000000000000     
   183580.25565482341        200.00000000000000     
   183780.25565482341        200.00000000000000     
   183980.25565482341        200.00000000000000     
   184180.25565482341        200.00000000000000     
   184380.25565482341        200.00000000000000     
   184580.25565482341        200.00000000000000     
   184780.25565482341        200.00000000000000     
   184980.25565482341        200.00000000000000     
   185180.25565482341        200.00000000000000     
   185380.25565482341        200.00000000000000     
   185580.25565482341        200.00000000000000     
   185780.25565482341        200.00000000000000     
   185980.25565482341        200.00000000000000     
   186180.25565482341        200.00000000000000     
   186380.25565482341        200.00000000000000     
   186580.25565482341        200.00000000000000     
   186780.25565482341        200.00000000000000     
   186980.25565482341        200.00000000000000     
   187180.25565482341        200.00000000000000     
   187380.25565482341        200.00000000000000     
   187580.25565482341        200.00000000000000     
   187780.25565482341        200.00000000000000     
   187980.25565482341        200.00000000000000     
   188180.25565482341        200.00000000000000     
   188380.25565482341        200.00000000000000     
   188580.25565482341        200.00000000000000     
   188780.25565482341        200.00000000000000     
   188980.25565482341        200.00000000000000     
   189180.25565482341        200.00000000000000     
   189380.25565482341        200.00000000000000     
   189580.25565482341        200.00000000000000     
   189780.25565482341        200.00000000000000     
   189980.25565482341        200.00000000000000     
   190180.25565482341        200.00000000000000     
   190380.25565482341        200.00000000000000     
   190580.25565482341        200.00000000000000     
   190780.25565482341        200.00000000000000     
   190980.25565482341        200.00000000000000     
   191180.25565482341        200.00000000000000     
   191380.25565482341        200.00000000000000     
   191580.25565482341        200.00000000000000     
   191780.25565482341        200.00000000000000     
   191980.25565482341        200.00000000000000     
   192180.25565482341        200.00000000000000     
   192380.25565482341        200.00000000000000     
   192580.25565482341        200.00000000000000     
   192780.25565482341        200.00000000000000     
   192980.25565482341        200.00000000000000     
   193180.25565482341        200.00000000000000     
   193380.25565482341        200.00000000000000     
   193580.25565482341        200.00000000000000     
   193780.25565482341        200.00000000000000     
   193980.25565482341        200.00000000000000     
   194180.25565482341        200.00000000000000     
   194380.25565482341        200.00000000000000     
   194580.25565482341        200.00000000000000     
   194780.25565482341        200.00000000000000     
   194980.25565482341        200.00000000000000     
   195180.25565482341        200.00000000000000     
   195380.25565482341        200.00000000000000     
   195580.25565482341        200.00000000000000     
   195780.25565482341        200.00000000000000     
   195980.25565482341        200.00000000000000     
   196180.25565482341        200.00000000000000     
   196380.25565482341        200.00000000000000     
   196580.25565482341        200.00000000000000     
   196780.25565482341        200.00000000000000     
   196980.25565482341        200.00000000000000     
   197180.25565482341        200.00000000000000     
   197380.25565482341        200.00000000000000     
   197580.25565482341        200.00000000000000     
   197780.25565482341        200.00000000000000     
   197980.25565482341        200.00000000000000     
   198180.25565482341        200.00000000000000     
   198380.25565482341        200.00000000000000     
   198580.25565482341        200.00000000000000     
   198780.25565482341        200.00000000000000     
   198980.25565482341        200.00000000000000     
   199180.25565482341        200.00000000000000     
   199380.25565482341        200.00000000000000     
   199580.25565482341        200.00000000000000     
   199780.25565482341        200.00000000000000     
   199980.25565482341        200.00000000000000     
   200180.25565482341        200.00000000000000     
   200380.25565482341        200.00000000000000     
   200580.25565482341        200.00000000000000     
   200780.25565482341        200.00000000000000     
   200980.25565482341        200.00000000000000     
   201180.25565482341        200.00000000000000     
   201380.25565482341        200.00000000000000     
   201580.25565482341        200.00000000000000     
   201780.25565482341        200.00000000000000     
   201980.25565482341        200.00000000000000     
   202180.25565482341        200.00000000000000     
   202380.25565482341        200.00000000000000     
   202580.25565482341        200.00000000000000     
   202780.25565482341        200.00000000000000     
   202980.25565482341        200.00000000000000     
   203180.25565482341        200.00000000000000     
   203380.25565482341        200.00000000000000     
   203580.25565482341        200.00000000000000     
   203780.25565482341        200.00000000000000     
   203980.25565482341        200.00000000000000     
   204180.25565482341        200.00000000000000     
   204380.25565482341        200.00000000000000     
   204580.25565482341        200.00000000000000     
   204780.25565482341        200.00000000000000     
   204980.25565482341        200.00000000000000     
   205180.25565482341        200.00000000000000     
   205380.25565482341        200.00000000000000     
   205580.25565482341        200.00000000000000     
   205780.25565482341        200.00000000000000     
   205980.25565482341        200.00000000000000     
   206180.25565482341        200.00000000000000     
   206380.25565482341        200.00000000000000     
   206580.25565482341        200.00000000000000     
   206780.25565482341        200.00000000000000     
   206980.25565482341        200.00000000000000     
   207180.25565482341        200.00000000000000     
   207380.25565482341        200.00000000000000     
   207580.25565482341        200.00000000000000     
   207780.25565482341        200.00000000000000     
   207980.25565482341        200.00000000000000     
   208180.25565482341        200.00000000000000     
   208380.25565482341        200.00000000000000     
   208580.25565482341        200.00000000000000     
   208780.25565482341        200.00000000000000     
   208980.25565482341        200.00000000000000     
   209180.25565482341        200.00000000000000     
   209380.25565482341        200.00000000000000     
   209580.25565482341        200.00000000000000     
   209780.25565482341        200.00000000000000     
   209980.25565482341        200.00000000000000     
   210180.25565482341        200.00000000000000     
   210380.25565482341        200.00000000000000     
   210580.25565482341        200.00000000000000     
   210780.25565482341        200.00000000000000     
   210980.25565482341        200.00000000000000     
   211180.25565482341        200.00000000000000     
   211380.25565482341        200.00000000000000     
   211580.25565482341        200.00000000000000     
   211780.25565482341        200.00000000000000     
   211980.25565482341        200.00000000000000     
   212180.25565482341        200.00000000000000     
   212380.25565482341        200.00000000000000     
   212580.25565482341        200.00000000000000     
   212780.25565482341        200.00000000000000     
   212980.25565482341        200.00000000000000     
   213180.25565482341        200.00000000000000     
   213380.25565482341        200.00000000000000     
   213580.25565482341        200.00000000000000     
   213780.25565482341        200.00000000000000     
   213980.25565482341        200.00000000000000     
   214180.25565482341        200.00000000000000     
   214380.25565482341        200.00000000000000     
   214580.25565482341        200.00000000000000     
   214780.25565482341        200.00000000000000     
   214980.25565482341        200.00000000000000     
   215180.25565482341        200.00000000000000     
   215380.25565482341        200.00000000000000     
   215580.25565482341        200.00000000000000     
   215780.25565482341        200.00000000000000     
   215980.25565482341        200.00000000000000     
   216180.25565482341        200.00000000000000     
   216380.25565482341        200.00000000000000     
   216580.25565482341        200.00000000000000     
   216780.25565482341        200.00000000000000     
   216980.25565482341        200.00000000000000     
   217180.25565482341        200.00000000000000     
   217380.25565482341        200.00000000000000     
   217580.25565482341        200.00000000000000     
   217780.25565482341        200.00000000000000     
   217980.25565482341        200.00000000000000     
   218180.25565482341        200.00000000000000     
   218380.25565482341        200.00000000000000     
   218580.25565482341        200.00000000000000     
   218780.25565482341        200.00000000000000     
   218980.25565482341        200.00000000000000     
   219180.25565482341        200.00000000000000     
   219380.25565482341        200.00000000000000     
   219580.25565482341        200.00000000000000     
   219780.25565482341        200.00000000000000     
   219980.25565482341        200.00000000000000     
   220180.25565482341        200.00000000000000     
   220380.25565482341        200.00000000000000     
   220580.25565482341        200.00000000000000     
   220780.25565482341        200.00000000000000     
   220980.25565482341        200.00000000000000     
   221180.25565482341        200.00000000000000     
   221380.25565482341        200.00000000000000     
   221580.25565482341        200.00000000000000     
   221780.25565482341        200.00000000000000     
   221980.25565482341        200.00000000000000     
   222180.25565482341        200.00000000000000     
   222380.25565482341        200.00000000000000     
   222580.25565482341        200.00000000000000     
   222780.25565482341        200.00000000000000     
   222980.25565482341        200.00000000000000     
   223180.25565482341        200.00000000000000     
   223380.25565482341        200.00000000000000     
   223580.25565482341        200.00000000000000     
   223780.25565482341        200.00000000000000     
   223980.25565482341        200.00000000000000     
   224180.25565482341        200.00000000000000     
   224380.25565482341        200.00000000000000     
   224580.25565482341        200.00000000000000     
   224780.25565482341        200.00000000000000     
   224980.25565482341        200.00000000000000     
   225180.25565482341        200.00000000000000     
   225380.25565482341        200.00000000000000     
   225580.25565482341        200.00000000000000     
   225780.25565482341        200.00000000000000     
   225980.25565482341        200.00000000000000     
   226180.25565482341        200.00000000000000     
   226380.25565482341        200.00000000000000     
   226580.25565482341        200.00000000000000     
   226780.25565482341        200.00000000000000     
   226980.25565482341        200.00000000000000     
   227180.25565482341        200.00000000000000     
   227380.25565482341        200.00000000000000     
   227580.25565482341        200.00000000000000     
   227780.25565482341        200.00000000000000     
   227980.25565482341        200.00000000000000     
   228180.25565482341        200.00000000000000     
   228380.25565482341        200.00000000000000     
   228580.25565482341        200.00000000000000     
   228780.25565482341        200.00000000000000     
   228980.25565482341        200.00000000000000     
   229180.25565482341        200.00000000000000     
   229380.25565482341        200.00000000000000     
   229580.25565482341        200.00000000000000     
   229780.25565482341        200.00000000000000     
   229980.25565482341        200.00000000000000     
   230180.25565482341        200.00000000000000     
   230380.25565482341        200.00000000000000     
   230580.25565482341        200.00000000000000     
   230780.25565482341        200.00000000000000     
   230980.25565482341        200.00000000000000     
   231180.25565482341        200.00000000000000     
   231380.25565482341        200.00000000000000     
   231580.25565482341        200.00000000000000     
   231780.25565482341        200.00000000000000     
   231980.25565482341        200.00000000000000     
   232180.25565482341        200.00000000000000     
   232380.25565482341        200.00000000000000     
   232580.25565482341        200.00000000000000     
   232780.25565482341        200.00000000000000     
   232980.25565482341        200.00000000000000     
   233180.25565482341        200.00000000000000     
   233380.25565482341        200.00000000000000     
   233580.25565482341        200.00000000000000     
   233780.25565482341        200.00000000000000     
   233980.25565482341        200.00000000000000     
   234180.25565482341        200.00000000000000     
   234380.25565482341        200.00000000000000     
   234580.25565482341        200.00000000000000     
   234780.25565482341        200.00000000000000     
   234980.25565482341        200.00000000000000     
   235180.25565482341        200.00000000000000     
   235380.25565482341        200.00000000000000     
   235580.25565482341        200.00000000000000     
   235780.25565482341        200.00000000000000     
   235980.25565482341        200.00000000000000     
   236180.25565482341        200.00000000000000     
   236380.25565482341        200.00000000000000     
   236580.25565482341        200.00000000000000     
   236780.25565482341        200.00000000000000     
   236980.25565482341        200.00000000000000     
   237180.25565482341        200.00000000000000     
   237380.25565482341        200.00000000000000     
   237580.25565482341        200.00000000000000     
   237780.25565482341        200.00000000000000     
   237980.25565482341        200.00000000000000     
   238180.25565482341        200.00000000000000     
   238380.25565482341        200.00000000000000     
   238580.25565482341        200.00000000000000     
   238780.25565482341        200.00000000000000     
   238980.25565482341        200.00000000000000     
   239180.25565482341        200.00000000000000     
   239380.25565482341        200.00000000000000     
   239580.25565482341        200.00000000000000     
   239780.25565482341        200.00000000000000     
   239980.25565482341        200.00000000000000     
   240180.25565482341        200.00000000000000     
   240380.25565482341        200.00000000000000     
   240580.25565482341        200.00000000000000     
   240780.25565482341        200.00000000000000     
   240980.25565482341        200.00000000000000     
   241180.25565482341        200.00000000000000     
   241380.25565482341        200.00000000000000     
   241580.25565482341        200.00000000000000     
   241780.25565482341        200.00000000000000     
   241980.25565482341        200.00000000000000     
   242180.25565482341        200.00000000000000     
   242380.25565482341        200.00000000000000     
   242580.25565482341        21.474836480000011     
   242601.73049130340        22.763326668800012     
   242624.49381797219        24.129126268928015     
   242648.62294424113        25.576873845063698     
   242674.19981808620        27.111486275767522     
   242701.31130436197        28.738175452313573     
   242730.04947981428        24.369972783561913     
   242754.41945259782        25.832171150575629     
   242780.25162374839        27.382101419610169     
   242807.63372516801        29.025027504786781     
   242836.65875267278        30.766529155073989     
   242867.42528182786        26.090016723502742     
   242893.51529855136        22.124334181530330     
   242915.63963273290        23.451794232422152     
   242939.09142696531        24.858901886367484     
   242963.95032885167        26.350435999549536     
   242990.30076485121        27.931462159522511     
   243018.23222701074        29.607349889093861     
   243047.83957689983        31.383790882439495     
   243079.22336778228        21.290763734646955     
   243100.51413151692        22.568209558725773     
   243123.08234107564        23.922302132249321     
   243147.00464320788        25.357640260184283     
   243172.36228346807        26.879098675795341     
   243199.24138214387        28.491844596343061     
   243227.73322674021        30.201355272123646     
   243257.93458201233        32.013436588451064     
   243289.94801860079        33.934242783758130     
   243323.88226138454        23.020990304501517     
   243346.90325168904        24.402249722771607     
   243371.30550141181        25.866384706137904     
   243397.17188611795        27.418367788506178     
   243424.59025390647        29.063469855816550     
   243453.65372376228        30.807278047165543     
   243484.46100180945        32.655714729995474     
   243517.11671653946        34.615057613795202     
   243551.73177415325        36.691961070622916     
   243588.42373522386        38.893478734860295     
   243627.31721395871        41.227087458951914     
   243668.54430141766        43.700712706489028     
   243712.24501412414        46.322755468878370     
   243758.56776959304        49.102120797011075     
   243807.66989039004        52.048248044831745     
   243859.71813843487        55.171142927521650     
   243914.88928136238        29.942482689624555     
   243944.83176405201        31.739031651002030     
   243976.57079570301        33.643373550062151     
   244010.21416925307        35.661975963065885     
   244045.87614521614        37.801694520849843     
   244083.67783973698        25.644669562944543     
   244109.32250929993        27.183349736721215     
   244136.50585903667        28.814350720924491     
   244165.32020975760        30.543211764179961     
   244195.86342152179        32.375804470030758     
   244228.23922599183        34.318352738232605     
   244262.55757873005        36.377453902526561     
   244298.93503263258        38.560101136678156     
   244337.49513376926        26.159172611122468     
   244363.65430638040        27.728722967789817     
   244391.38302934819        29.392446345857209     
   244420.77547569404        31.155993126608642     
   244451.93146882064        33.025352714205162     
   244484.95682153484        35.006873877057473     
   244519.96369541189        37.107286309680923     
   244557.07098172157        39.333723488261782     
   244596.40470520983        41.693746897557489     
   244638.09845210740        22.628030316242405     
   244660.72648242363        23.985712135216950     
   244684.71219455884        25.424854863329969     
   244710.13704942216        26.950346155129768     
   244737.08739557728        28.567366924437557     
   244765.65476250171        30.281408939903812     
   244795.93617144163        32.098293476298046     
   244828.03446491793        34.024191084875930     
   244862.05865600280        36.065642549968487     
   244898.12429855278        38.229581102966598     
   244936.35387965574        40.523355969144596     
   244976.87723562488        42.954757327293272     
   245019.83199295218        45.532042766930871     
   245065.36403571910        48.263965332946725     
   245113.62800105204        51.159803252923531     
   245164.78780430497        54.229391448098944     
   245219.01719575308        57.483154934984881     
   245276.50035068806        60.932144231083974     
   245337.43249491914        64.588072884949014     
   245402.02056780408        68.463357258045960     
   245470.48392506212        72.571158693528716     
   245543.05508375564        76.925428215140442     
   245619.98051197079        81.540953908048877     
   245701.52146587885        86.433411142531810     
   245787.95487702137        91.619415811083726     
   245879.57429283246        97.116580759748757     
   245976.69087359222        102.94357560533369     
   246079.63444919756        109.12019014165372     
   246188.75463933923        115.66740155015295     
   246304.42204088939        122.60744564316212     
   246427.02948653256        129.96389238175186     
   246556.99337891431        137.76172592465699     
   246694.75510483896        146.02742948013642     
   246840.78253431909        154.78907524894461     
   246995.57160956803        164.07641976388129     
   247159.64802933190        173.92100494971419     
   247333.56903428162        184.35626524669703     
   247517.92529952832        195.41764116149886     
   247713.34294068982        200.00000000000000     
   247913.34294068982        200.00000000000000     
   248113.34294068982        200.00000000000000     
   248313.34294068982        200.00000000000000     
   248513.34294068982        200.00000000000000     
   248713.34294068982        200.00000000000000     
   248913.34294068982        200.00000000000000     
   249113.34294068982        200.00000000000000     
   249313.34294068982        200.00000000000000     
   249513.34294068982        200.00000000000000     
   249713.34294068982        200.00000000000000     
   249913.34294068982        200.00000000000000     
   250113.34294068982        200.00000000000000     
   250313.34294068982        200.00000000000000     
   250513.34294068982        200.00000000000000     
   250713.34294068982        200.00000000000000     
   250913.34294068982        200.00000000000000     
   251113.34294068982        200.00000000000000     
   251313.34294068982        200.00000000000000     
   251513.34294068982        200.00000000000000     
   251713.34294068982        200.00000000000000     
   251913.34294068982        200.00000000000000     
   252113.34294068982        200.00000000000000     
   252313.34294068982        200.00000000000000     
   252513.34294068982        200.00000000000000     
   252713.34294068982        200.00000000000000     
   252913.34294068982        200.00000000000000     
   253113.34294068982        200.00000000000000     
   253313.34294068982        200.00000000000000     
   253513.34294068982        200.00000000000000     
   253713.34294068982        200.00000000000000     
   253913.34294068982        200.00000000000000     
   254113.34294068982        200.00000000000000     
   254313.34294068982        200.00000000000000     
   254513.34294068982        200.00000000000000     
   254713.34294068982        200.00000000000000     
   254913.34294068982        200.00000000000000     
   255113.34294068982        200.00000000000000     
   255313.34294068982        200.00000000000000     
   255513.34294068982        200.00000000000000     
   255713.34294068982        200.00000000000000     
   255913.34294068982        200.00000000000000     
   256113.34294068982        200.00000000000000     
   256313.34294068982        200.00000000000000     
   256513.34294068982        200.00000000000000     
   256713.34294068982        200.00000000000000     
   256913.34294068982        200.00000000000000     
   257113.34294068982        200.00000000000000     
   257313.34294068982        200.00000000000000     
   257513.34294068982        200.00000000000000     
   257713.34294068982        200.00000000000000     
   257913.34294068982        200.00000000000000     
   258113.34294068982        200.00000000000000     
   258313.34294068982        200.00000000000000     
   258513.34294068982        200.00000000000000     
   258713.34294068982        200.00000000000000     
   258913.34294068982        200.00000000000000     
   259113.34294068982        200.00000000000000     
