                    1   2.5000000000000001E-003  -171.61217436079559     
                    2   7.4999999999999997E-003  -171.61149151821849     
                    3   1.2500000000000001E-002  -171.61069099146926     
                    4   1.7500000000000002E-002  -171.60975486109314     
                    5   2.2499999999999999E-002  -171.60867434852005     
                    6   2.7500000000000000E-002  -171.60744559997502     
                    7   3.2500000000000001E-002  -171.60606795793825     
                    8   3.7500000000000006E-002  -171.60453945118468     
                    9   4.2499999999999996E-002  -171.60285785542172     
                   10   4.7500000000000001E-002  -171.60101655143160     
                   11   5.2500000000000005E-002  -171.59900995804733     
                   12   5.7499999999999996E-002  -171.59682427354238     
                   13   6.2500000000000000E-002  -171.59445686128848     
                   14   6.7500000000000004E-002  -171.59189889907788     
                   15   7.2500000000000009E-002  -171.58912545048685     
                   16   7.7499999999999999E-002  -171.58611156716927     
                   17   8.2500000000000004E-002  -171.58283273689881     
                   18   8.7499999999999994E-002  -171.57925076562319     
                   19   9.2499999999999999E-002  -171.57529715277948     
                   20   9.7500000000000003E-002  -171.57086874534588     
                   21  0.10250000000000001       -171.56580895280916     
                   22  0.10750000000000000       -171.55984577061207     
                   23  0.11250000000000000       -171.55247779456602     
                   24  0.11749999999999999       -171.54269418418627     
                   25  0.12250000000000000       -171.52821233794256     
                   26  0.12750000000000000       -171.51239391100484     
                   27  0.13250000000000001       -171.42083379927396     
                   28  0.13750000000000001       -170.50859742207211     
                   29  0.14250000000000002       -169.96041301832827     
                   30  0.14749999999999999       -169.94958176933974     
                   31  0.15250000000000000       -169.93865353260136     
                   32  0.15750000000000000       -169.92764844726946     
                   33  0.16250000000000001       -169.91658895740335     
                   34  0.16750000000000001       -169.90549968762107     
                   35  0.17250000000000001       -169.89440729855406     
                   36  0.17749999999999999       -169.88334032410859     
                   37  0.18250000000000000       -169.87232899262983     
                   38  0.18750000000000000       -169.86140503415339     
                   39  0.19250000000000000       -169.85060147594334     
                   40  0.19750000000000001       -169.83995242852635     
                   41  0.20250000000000001       -169.82949286437287     
                   42  0.20750000000000002       -169.81925839135582     
                   43  0.21249999999999999       -169.80928502299867     
                   44  0.21750000000000000       -169.79960894743974     
                   45  0.22250000000000000       -169.79026629694584     
                   46  0.22750000000000001       -169.78129291967656     
                   47  0.23250000000000001       -169.77272415532073     
                   48  0.23749999999999999       -169.76459461615235     
                   49  0.24249999999999999       -169.75693797501492     
                   50  0.24750000000000000       -169.74978676174743     
                   51  0.25250000000000000       -169.74319490689334     
                   52  0.25750000000000001       -169.73714140027278     
                   53  0.26250000000000001       -169.73167814693750     
                   54  0.26750000000000002       -169.72683109227088     
                   55  0.27250000000000002       -169.72262414778510     
                   56  0.27750000000000002       -169.71907901158687     
                   57  0.28250000000000003       -169.71621500064154     
                   58  0.28749999999999998       -169.71404889416345     
                   59  0.29249999999999998       -169.71259478756079     
                   60  0.29749999999999999       -169.71186395665566     
