   0.0000000000000000                         2
   1.0000000000000000                         2
   1.9540000000000002                         2
   2.8641160000000001                         2
   3.8288389600000006                         2
   4.8514452976000007                         2
   5.9354080154560007                         2
   7.0844084963833609                         2
   8.3023490061663630                         2
   9.5933659465363448                         2
   10.961843903328527                         2
   12.412430537528239                         2
   13.950052369779934                         2
   15.579931511966731                         2
   17.307603402684734                         2
   19.138935606845820                         2
   21.080147743256571                         2
   23.137832607851966                         2
   25.318978564323086                         2
   27.630993278182473                         2
   30.081728874873424                         2
   32.679508607365833                         2
   35.433155123807786                         2
   38.352020431236255                         2
   41.446017657110431                         2
   44.725654716537058                         2
   48.202069999529286                         2
   51.887070199501046                         2
   55.793170411471110                         2
   59.933636636159378                         2
   64.322530834328944                         2
   68.974758684388689                         2
   73.906120205452012                         2
   79.133363417779137                         2
   84.674241222845893                         2
   90.547571696216650                         2
   96.773301997989648                         2
   103.37257611786903                         2
   110.36780668494117                         2
   117.78275108603765                         2
   125.64259215119992                         2
   133.97402368027193                         2
   142.80534110108826                         2
   152.16653756715357                         2
   162.08940582118279                         2
   172.60764617045376                         2
   183.75698094068099                         2
   195.57527579712186                         2
   208.10266834494917                         2
   221.38170444564611                         2
   235.45748271238489                         2
   250.37780767512800                         2
   266.19335213563568                         2
   282.95782926377382                         2
   300.72817501960026                         2
   319.56474152077629                         2
   339.53150201202288                         2
   345.07971846197330                         2
   347.48862088734694                         1
   347.83133734248474                         1
   348.19461678493082                         1
   348.57969299392363                         1
   348.98787377545602                         1
   349.42054540388034                         1
   349.87917733001012                         1
   350.36532717170769                         1
   350.88064600390709                         1
   351.42688396603847                         1
   352.00589620589773                         1
   352.61964918014854                         1
   353.27022733285440                         1
   353.62330910789092                         1
   353.99757578942967                         1
   354.39429847186074                         1
   354.81482451523766                         1
   355.26058212121717                         1
   355.73308518355549                         1
   356.23393842963407                         1
   356.76484287047737                         1
   357.32760157777130                         1
   357.92412580750283                         1
   358.55644149101829                         1
   359.22669611554466                         1
   359.93716601754261                         2
   360.32275224275492                         1
   360.73147364147997                         1
   361.16471832412856                         1
   361.62395768773604                         1
   362.11075141315996                         1
   362.62675276210933                         1
   363.17371419199566                         1
   363.75349330767517                         1
   364.36805917029545                         1
   364.70159635525675                         1
   365.05514577131572                         1
   365.42990815233821                         1
   365.82715627622207                         1
   366.24823928753892                         1
   366.69458727953480                         1
   367.16771615105046                         1
   367.66923275485703                         1
   368.20084035489202                         1
   368.76434441092908                         1
   369.36165871032836                         1
   369.68583312689833                         1
   370.02945800846254                         1
   370.39370038292060                         1
   370.77979729984611                         1
   371.18906003178716                         1
   371.62287852764467                         1
   372.08272613325363                         1
   372.57016459519912                         1
   373.08684936486134                         1
   373.63453522070330                         1
   374.21508222789578                         1
   374.53015669963929                         1
   374.86413563968739                         1
   375.21815331613840                         1
   375.59341205317645                         1
   375.99118631443679                         1
   376.41282703137279                         1
   376.85976619132492                         1
   377.33352170087420                         1
   377.83570254099641                         1
   378.36801423152593                         1
   378.93226462348724                         1
   379.53037003896623                         1
   380.16436177937396                         1
   380.83639302420613                         1
   381.12817286196241                         1
   381.43745948998406                         1
   381.76530331568699                         1
   382.11281777093211                         1
   382.48118309349195                         1
   382.87165033540538                         1
   383.28554561183358                         1
   383.72427460484749                         1
   384.18932733744225                         1
   384.68228323399268                         1
   385.20481648433611                         1
   385.75870172970019                         1
   386.34582008978612                         1
   386.96816555147717                         1
   387.62785174086969                         1
   388.32711910162578                         1
   389.06834250402721                         1
   389.85403931057272                         1
   390.68687792551100                         1
   391.56968685734557                         1
   392.50546432509020                         1
   393.49738844089950                         1
   394.54882800365738                         1
   395.66335394018068                         1
   396.84475143289541                         1
   398.09703277517303                         1
   399.42445099798732                         1
   400.83151431417048                         1
   402.32300142932462                         1
   403.90397777138799                         1
   405.57981269397516                         1
   407.35619771191756                         1
   409.23916583093649                         1
   411.23511203709654                         1
   413.35081501562621                         1
   415.59346017286765                         1
   417.97066403954358                         1
   420.49050013822011                         1
   423.16152640281723                         2
   425.99281424329013                         2
   428.99397935419142                         2
   432.17521437174679                         2
   435.54732349035550                         2
   439.12175915608071                         2
   442.91066096174944                         2
   446.92689687575830                         2
   451.18410694460772                         2
   455.69674961758807                         2
   460.48015085094727                         2
   465.55055615830798                         2
   470.92518578411034                         2
   476.62229318746085                         2
   482.66122703501242                         2
   489.06249691341708                         2
   495.84784298452598                         3
   503.04030981990144                         3
   510.23277665527689                         3
   517.42524349065229                         3
   524.61771032602769                         3
   531.81017716140309                         3
   539.00264399677849                         3
   546.19511083215389                         2
   553.38757766752929                         2
   561.01159251302727                         2
   569.09304824925516                         2
   577.65939132965673                         2
   586.73971499488232                         2
   596.36485808002146                         2
   606.56750975026898                         2
   617.38232052073135                         2
   628.84601993742149                         2
   640.99754131911300                         2
   653.87815398370606                         2
   667.53160340817465                         2
   668.77479512579509                         1
   670.09257834647281                         2
   671.48942856039116                         2
   672.97008978714462                         2
   674.53959068750328                         2
   676.20326164188350                         2
   677.96675285352649                         2
   679.83605353786811                         2
   681.81751226327015                         2
   683.91785851219640                         2
   686.14422553605823                         2
   688.50417458135166                         2
   691.00572056936278                         2
   693.65735931665449                         2
   696.46809638878381                         2
   699.44747768524087                         2
   702.60562185948527                         2
   705.95325468418434                         2
   709.50174547836536                         2
   713.26314572019726                         2
   717.25022997653912                         2
   721.47653928826151                         2
   725.95642715868723                         2
   730.70510830133844                         3
   735.73871031254873                         2
   740.77231232375902                         3
   746.10793045564196                         2
   751.44354858752490                         2
   757.09930380732078                         2
   763.09440434030444                         2
   769.44921090526714                         2
   776.18530586412760                         2
   783.32556652051960                         2
   790.89424281629522                         2
   798.91703968981733                         2
   807.42120437575079                         3
   816.43561894284028                         3
   825.45003350992977                         3
   834.46444807701926                         3
   843.47886264410874                         3
   852.49327721119823                         3
   861.50769177828772                         2
   870.52210634537721                         2
   880.07738578649207                         2
   890.20598199407380                         2
   900.94229397411038                         2
   912.32278467294918                         2
   924.38610481371836                         2
   937.17322416293359                         2
   950.72757067310181                         2
   965.09517797388014                         2
   980.32484171270517                         2
   996.46828527585967                         2
   1013.5803354528034                         5
   1031.7191086403639                         3
   1048.0440045091682                         3
   1064.3689003779725                         3
   1080.6937962467769                         2
   1097.0186921155812                         2
   1114.3230817365138                         3
   1132.6657347347025                         3
   1151.0083877328912                         3
   1169.3510407310798                         3
   1187.6936937292685                         3
   1206.0363467274572                         3
   1224.3789997256458                         3
   1242.7216527238345                         3
   1261.0643057220232                         2
   1279.4069587202118                         2
   1298.8501708982917                         3
   1319.4599758070565                         3
   1340.0697807158213                         3
   1360.6795856245860                         2
   1381.2893905333508                         2
   1403.1357837366413                         2
   1426.2929605321292                         2
   1450.8395679353464                         2
   1476.8589717827567                         5
   1494.5105353528400                         3
   1510.3969425659147                         3
   1526.2833497789895                         3
   1542.1697569920643                         3
   1558.0561642051391                         3
   1573.9425714182139                         3
   1589.8289786312887                         2
   1605.7153858443635                         2
   1622.5549774902229                         3
   1640.4049446348338                         3
   1658.2549117794447                         3
   1676.1048789240556                         3
   1693.9548460686665                         2
   1711.8048132132774                         2
   1730.7257783865650                         2
   1750.7820014702497                         2
   1772.0415979389556                         2
   1794.5767701957839                         2
   1813.6865962695742                         3
   1833.9430119077920                         3
   1854.1994275460097                         3
   1874.4558431842274                         2
   1894.7122588224452                         2
   1916.1840593989559                         2
   1938.9441680100574                         2
   1963.0698831378249                         3
   1988.6431411732585                         3
   2014.2163992086921                         3
   2039.7896572441257                         3
   2065.3629152795593                         3
   2090.9361733149931                         3
   2116.5094313504269                         2
   2142.0826893858607                         2
   2169.1903429034205                         3
   2197.9244556320336                         3
   2226.6585683606468                         3
   2255.3926810892599                         2
   2284.1267938178730                         2
   2314.5849533102032                         2
   2335.2477687097999                         4
   2357.1503530333725                         3
   2379.0529373569452                         3
   2400.9555216805179                         3
   2422.8581060040906                         3
   2444.7606903276633                         3
   2466.6632746512360                         2
   2488.5658589748086                         2
   2511.7825983577955                         3
   2536.3923421037616                         3
   2561.0020858497278                         4
   2585.6118295956940                         2
   2610.2215733416601                         2
   2636.3079017123841                         2
   2663.9594097853515                         2
   2693.2700083426971                         4
   2724.3392428134835                         3
   2755.4084772842698                         3
   2786.4777117550561                         3
   2817.5469462258425                         2
   2848.6161806966288                         2
   2881.5495692356621                         3
   2916.4589610870376                         3
   2951.3683529384130                         3
   2986.2777447897884                         3
   3021.1871366411638                         3
   3056.0965284925392                         2
   3091.0059203439146                         3
   3128.0098757063724                         3
   3165.0138310688303                         3
   3202.0177864312882                         2
   3239.0217417937461                         4
   3278.2459344779513                         3
   3317.4701271621566                         3
   3356.6943198463619                         3
   3395.9185125305671                         3
   3435.1427052147724                         3
   3474.3668978989776                         3
   3513.5910905831829                         4
   3552.8152832673882                         4
   3592.0394759515934                         2
   3631.2636686357987                         2
   3672.8413128810566                         2
   3716.9136157810299                         3
   3763.6302568550013                         3
   3810.3468979289728                         3
   3857.0635390029443                         3
   3903.7801800769157                         2
   3950.4968211508872                         3
   4000.0164606892972                         4
   4049.5361002277073                         3
   4099.0557397661169                         3
   4148.5753793045269                         2
   4198.0950188429370                         3
   4250.5858367536512                         3
   4303.0766546643654                         2
   4355.5674725750796                         4
   4411.2077395604374                         3
   4466.8480065457952                         3
   4522.4882735311530                         3
   4578.1285405165108                         2
   4633.7688075018687                         4
   4692.7474905063473                         4
   4751.7261735108259                         4
   4798.9091199144086                         2
   4846.0920663179913                         3
   4896.1059895057897                         3
   4946.1199126935880                         3
   4996.1338358813864                         3
   5046.1477590691848                         3
   5096.1616822569831                         2
   5146.1756054447815                         3
   5199.1903640238479                         3
   5252.2051226029143                         3
   5305.2198811819808                         2
   5358.2346397610472                         3
   5414.4302838548574                         3
   5470.6259279486676                         3
   5526.8215720424778                         3
   5583.0172161362880                         4
   5639.2128602300982                         4
   5695.4085043239083                         3
   5751.6041484177185                         3
   5807.7997925115287                         3
   5863.9954366053389                         2
   5920.1910806991491                         3
   5979.7584634385876                         4
   6039.3258461780260                         3
   6098.8932289174645                         4
   6158.4606116569030                         3
   6218.0279943963415                         3
   6277.5953771357799                         3
   6337.1627598752184                         3
   6396.7301426146569                         2
   6456.2975253540953                         3
   6519.4389510579003                         3
   6582.5803767617053                         3
   6645.7218024655103                         2
   6708.8632281693153                         3
   6775.7931394153484                         3
   6842.7230506613814                         3
   6909.6529619074145                         3
   6976.5828731534475                         3
   7043.5127843994806                         3
   7110.4426956455136                         3
   7177.3726068915466                         3
   7244.3025181375797                         2
   7311.2324293836127                         3
   7382.1781353044080                         4
   7453.1238412252033                         3
   7524.0695471459985                         4
   7595.0152530667938                         3
   7665.9609589875890                         3
   7736.9066649083843                         3
   7807.8523708291796                         3
   7878.7980767499748                         3
   7949.7437826707701                         3
   8020.6894885915654                         3
   8091.6351945123606                         3
   8162.5809004331559                         2
   8233.5266063539511                         3
   8308.7290546299937                         3
   8383.9315029060363                         3
   8459.1339511820788                         3
   8534.3363994581214                         3
   8609.5388477341639                         3
   8684.7412960102065                         3
   8759.9437442862491                         2
   8835.1461925622916                         3
   8914.8607877348968                         5
   8994.5753829075020                         3
   9066.3185185628463                         3
   9138.0616542181906                         4
   9209.8047898735349                         3
   9281.5479255288792                         3
   9353.2910611842235                         3
   9425.0341968395678                         3
   9496.7773324949121                         2
   9568.5204681502564                         3
   9644.5681919449216                         3
   9720.6159157395869                         3
   9796.6636395342521                         2
   9872.7113633289173                         3
   9953.3219505512625                         3
   10033.932537773608                         3
   10114.543124995953                         3
   10195.153712218298                         3
   10275.764299440643                         3
   10356.374886662989                         2
   10436.985473885334                         2
   10522.432696341020                         3
   10613.006752144049                         2
   10703.580807947077                         3
   10799.589307098286                         3
   10895.597806249494                         4
   10991.606305400703                         3
   11087.614804551911                         3
   11183.623303703120                         2
   11279.631802854328                         3
   11381.400811954611                         4
   11483.169821054893                         3
   11584.938830155175                         3
   11686.707839255458                         3
   11788.476848355740                         2
   11890.245857456022                         3
   11998.121007102322                         3
   12105.996156748621                         3
   12213.871306394920                         2
   12321.746456041219                         3
   12436.094114666295                         3
   12550.441773291372                         3
   12664.789431916448                         3
   12779.137090541524                         6
   12893.484749166601                         3
   12996.397641929170                         2
   13099.310534691740                         2
   13208.398201020063                         3
   13324.031127328086                         3
   13439.664053636108                         2
   13555.296979944131                         3
   13677.867881830634                         2
   13800.438783717138                         3
   13930.363939716832                         3
   14060.289095716525                         2
   14190.214251716219                         3
   14327.934917075894                         3
   14465.655582435569                         3
   14603.376247795244                         3
   14741.096913154919                         2
   14851.273445442659                         3
   14968.060569667665                         2
   15084.847693892671                         2
   15208.642045571176                         3
   15339.864058350391                         3
   15471.086071129606                         3
   15576.063681352978                         3
   15681.041291576350                         2
   15786.018901799722                         2
   15897.295168636496                         3
   16015.248011483478                         3
   16133.200854330460                         2
   16251.153697177442                         3
   16376.183710595242                         3
   16501.213724013043                         2
   16626.243737430843                         2
   16758.775551653711                         3
   16871.162530114703                         2
   16961.072112883496                         3
   17056.376270618417                         2
   17151.680428353338                         2
   17252.702835552354                         2
   17359.786587183313                         3
   17473.295363912130                         3
   17586.804140640947                         3
   17700.312917369763                         3
   17813.821694098580                         2
   17927.330470827397                         2
   18047.649774159941                         2
   18175.188235692440                         3
   18310.379004916886                         2
   18445.569774141331                         4
   18588.871989519244                         3
   18732.174204897157                         2
   18875.476420275070                         3
   19027.376768575657                         3
   19148.897047216127                         3
   19270.417325856597                         3
   19391.937604497067                         3
   19513.457883137537                         2
   19634.978161778006                         2
   19763.789657136906                         3
   19900.329842217339                         3
   20036.870027297773                         3
   20173.410212378207                         2
   20309.950397458641                         2
   20454.682993643899                         2
   20608.099545600275                         3
   20770.721090674033                         2
   20933.342635747791                         3
   21105.721473525973                         2
   21278.100311304155                         3
   21460.821879349027                         3
   21643.543447393899                         3
   21826.265015438770                         3
   22008.986583483642                         2
   22191.708151528514                         3
   22385.393013656078                         3
   22579.077875783642                         3
   22772.762737911205                         3
   22966.447600038769                         2
   23160.132462166333                         3
   23360.132462166333                         5
   23560.132462166333                         3
   23740.132462166333                         2
   23920.132462166333                         3
   24110.932462166333                         3
   24301.732462166332                         3
   24492.532462166331                         3
   24683.332462166331                         2
   24874.132462166330                         2
   25074.132462166330                         3
   25274.132462166330                         3
   25474.132462166330                         3
   25674.132462166330                         2
   25874.132462166330                         3
   26074.132462166330                         2
   26274.132462166330                         3
   26474.132462166330                         3
   26674.132462166330                         2
   26874.132462166330                         3
   27074.132462166330                         3
   27274.132462166330                         3
   27474.132462166330                         3
   27674.132462166330                         2
   27874.132462166330                         2
   28074.132462166330                         3
   28234.132462166330                         3
   28394.132462166330                         2
   28554.132462166330                         2
   28723.732462166328                         2
   28903.508462166330                         2
   29094.071022166328                         3
   29294.071022166328                         3
   29494.071022166328                         3
   29694.071022166328                         2
   29894.071022166328                         2
   30094.071022166328                         3
   30294.071022166328                         3
   30494.071022166328                         3
   30694.071022166328                         2
   30854.071022166328                         3
   31023.671022166327                         2
   31193.271022166326                         2
   31373.047022166327                         2
   31563.609582166326                         3
   31763.609582166326                         3
   31963.609582166326                         2
   32163.609582166326                         2
   32363.609582166326                         2
   32563.609582166326                         2
   32763.609582166326                         3
   32963.609582166326                         3
   33163.609582166326                         2
   33363.609582166326                         2
   33563.609582166326                         2
   33763.609582166326                         3
   33963.609582166326                         3
   34163.609582166326                         3
   34363.609582166326                         2
   34523.609582166326                         2
   34693.209582166324                         2
   34872.985582166322                         2
   35063.548142166321                         3
   35263.548142166321                         3
   35463.548142166321                         2
   35663.548142166321                         2
   35863.548142166321                         2
   36063.548142166321                         2
   36263.548142166321                         2
   36463.548142166321                         4
   36623.548142166321                         3
   36783.548142166321                         3
   36943.548142166321                         2
   37103.548142166321                         2
   37273.148142166319                         2
   37452.924142166317                         2
   37643.486702166316                         3
   37843.486702166316                         3
   38043.486702166316                         3
   38243.486702166316                         3
   38443.486702166316                         3
   38643.486702166316                         2
   38843.486702166316                         2
   39043.486702166316                         2
   39243.486702166316                         3
   39443.486702166316                         3
   39643.486702166316                         2
   39843.486702166316                         2
   40043.486702166316                         2
   40243.486702166316                         2
   40443.486702166316                         2
   40643.486702166316                         2
   40843.486702166316                         3
   41043.486702166316                         3
   41243.486702166316                         3
   41443.486702166316                         2
   41643.486702166316                         2
   41843.486702166316                         2
   42043.486702166316                         3
   42243.486702166316                         2
   42443.486702166316                         3
   42643.486702166316                         3
   42843.486702166316                         3
   43043.486702166316                         3
   43243.486702166316                         3
   43443.486702166316                         2
   43643.486702166316                         2
   43843.486702166316                         2
   44043.486702166316                         3
   44243.486702166316                         3
   44443.486702166316                         2
   44643.486702166316                         2
   44843.486702166316                         2
   45043.486702166316                         2
   45243.486702166316                         2
   45443.486702166316                         2
   45643.486702166316                         2
   45843.486702166316                         2
   45971.486702166316                         3
   46107.166702166316                         2
   46242.846702166316                         2
   46386.667502166318                         2
   46539.117550166317                         2
   46700.714601046318                         2
   46872.007474979117                         2
   47053.577921347882                         2
   47246.042594498773                         3
   47446.042594498773                         3
   47646.042594498773                         3
   47846.042594498773                         3
   48046.042594498773                         3
   48246.042594498773                         3
   48446.042594498773                         3
   48646.042594498773                         3
   48846.042594498773                         2
   49046.042594498773                         2
   49246.042594498773                         2
   49446.042594498773                         2
   49646.042594498773                         3
   49846.042594498773                         3
   50046.042594498773                         3
   50246.042594498773                         2
   50446.042594498773                         2
   50646.042594498773                         2
   50846.042594498773                         2
   51046.042594498773                         2
   51246.042594498773                         2
   51446.042594498773                         2
   51646.042594498773                         2
   51846.042594498773                         3
   52046.042594498773                         3
   52246.042594498773                         2
   52446.042594498773                         3
   52646.042594498773                         2
   52846.042594498773                         2
   53046.042594498773                         2
   53246.042594498773                         2
   53446.042594498773                         2
   53646.042594498773                         3
   53846.042594498773                         2
   54046.042594498773                         3
   54246.042594498773                         3
   54446.042594498773                         3
   54646.042594498773                         3
   54846.042594498773                         3
   55046.042594498773                         2
   55246.042594498773                         3
   55446.042594498773                         2
   55646.042594498773                         2
   55846.042594498773                         2
   56046.042594498773                         2
   56246.042594498773                         2
   56446.042594498773                         2
   56646.042594498773                         3
   56846.042594498773                         2
   57046.042594498773                         2
   57246.042594498773                         2
   57446.042594498773                         2
   57646.042594498773                         2
   57846.042594498773                         2
   58046.042594498773                         2
   58246.042594498773                         2
   58446.042594498773                         2
   58646.042594498773                         2
   58846.042594498773                         2
   59046.042594498773                         4
   59206.042594498773                         1
   59366.042594498773                         2
   59535.642594498771                         2
   59715.418594498769                         2
   59905.981154498768                         2
   60105.981154498768                         2
   60305.981154498768                         2
   60505.981154498768                         2
   60705.981154498768                         2
   60905.981154498768                         2
   61105.981154498768                         2
   61305.981154498768                         3
   61505.981154498768                         3
   61705.981154498768                         2
   61905.981154498768                         1
   62105.981154498768                         3
   62305.981154498768                         3
   62505.981154498768                         2
   62705.981154498768                         2
   62905.981154498768                         2
   63105.981154498768                         2
   63305.981154498768                         3
   63505.981154498768                         2
   63705.981154498768                         2
   63905.981154498768                         2
   64105.981154498768                         2
   64305.981154498768                         2
   64505.981154498768                         2
   64705.981154498768                         3
   64905.981154498768                         2
   65105.981154498768                         3
   65305.981154498768                         2
   65505.981154498768                         2
   65705.981154498761                         2
   65905.981154498761                         2
   66105.981154498761                         2
   66305.981154498761                         2
   66505.981154498761                         2
   66705.981154498761                         2
   66905.981154498761                         2
   67105.981154498761                         1
   67305.981154498761                         1
   67505.981154498761                         1
   67705.981154498761                         1
   67905.981154498761                         1
   68105.981154498761                         1
   68305.981154498761                         1
   68505.981154498761                         2
   68705.981154498761                         2
   68905.981154498761                         2
   69105.981154498761                         2
   69305.981154498761                         2
   69505.981154498761                         2
   69705.981154498761                         2
   69905.981154498761                         1
   70105.981154498761                         1
   70305.981154498761                         1
   70505.981154498761                         1
   70705.981154498761                         1
   70905.981154498761                         1
   71105.981154498761                         1
   71305.981154498761                         3
   71505.981154498761                         1
   71705.981154498761                         1
   71905.981154498761                         1
   72105.981154498761                         2
   72305.981154498761                         2
   72505.981154498761                         2
   72705.981154498761                         2
   72905.981154498761                         2
   73105.981154498761                         2
   73305.981154498761                         2
   73505.981154498761                         2
   73705.981154498761                         2
   73905.981154498761                         2
   74105.981154498761                         2
   74305.981154498761                         2
   74505.981154498761                         2
   74705.981154498761                         2
   74905.981154498761                         2
   75105.981154498761                         2
   75305.981154498761                         2
   75505.981154498761                         2
   75705.981154498761                         3
   75905.981154498761                         2
   76105.981154498761                         3
   76305.981154498761                         2
   76505.981154498761                         2
   76705.981154498761                         2
   76905.981154498761                         2
   77105.981154498761                         2
   77305.981154498761                         1
   77505.981154498761                         1
   77705.981154498761                         1
   77905.981154498761                         1
   78105.981154498761                         1
   78305.981154498761                         1
   78505.981154498761                         1
   78705.981154498761                         1
   78905.981154498761                         1
   79105.981154498761                         1
   79305.981154498761                         1
   79505.981154498761                         1
   79705.981154498761                         1
   79905.981154498761                         1
   80105.981154498761                         1
   80305.981154498761                         1
   80505.981154498761                         1
   80705.981154498761                         1
   80905.981154498761                         2
   81105.981154498761                         2
   81305.981154498761                         2
   81505.981154498761                         2
   81705.981154498761                         1
   81905.981154498761                         1
   82105.981154498761                         2
   82305.981154498761                         1
   82505.981154498761                         1
   82705.981154498761                         1
   82905.981154498761                         1
   83105.981154498761                         1
   83305.981154498761                         1
   83505.981154498761                         1
   83705.981154498761                         1
   83905.981154498761                         1
   84105.981154498761                         1
   84305.981154498761                         1
   84505.981154498761                         1
   84705.981154498761                         3
   84905.981154498761                         1
   85105.981154498761                         1
   85305.981154498761                         1
   85505.981154498761                         1
   85705.981154498761                         1
   85905.981154498761                         1
   86105.981154498761                         2
   86305.981154498761                         2
   86505.981154498761                         2
   86705.981154498761                         2
   86905.981154498761                         2
   87105.981154498761                         2
   87305.981154498761                         2
   87505.981154498761                         2
   87705.981154498761                         2
   87905.981154498761                         2
   88105.981154498761                         2
   88305.981154498761                         2
   88505.981154498761                         2
   88705.981154498761                         2
   88905.981154498761                         2
   89105.981154498761                         2
   89305.981154498761                         2
   89505.981154498761                         2
   89705.981154498761                         2
   89905.981154498761                         2
   90105.981154498761                         2
   90305.981154498761                         2
   90505.981154498761                         2
   90705.981154498761                         2
   90905.981154498761                         2
   91105.981154498761                         2
   91305.981154498761                         3
   91505.981154498761                         2
   91705.981154498761                         2
   91905.981154498761                         2
   92105.981154498761                         2
   92305.981154498761                         1
   92505.981154498761                         1
   92705.981154498761                         1
   92905.981154498761                         1
   93105.981154498761                         1
   93305.981154498761                         1
   93505.981154498761                         1
   93705.981154498761                         1
   93905.981154498761                         1
   94105.981154498761                         1
   94305.981154498761                         1
   94505.981154498761                         1
   94705.981154498761                         1
   94905.981154498761                         1
   95105.981154498761                         1
   95305.981154498761                         1
   95505.981154498761                         1
   95705.981154498761                         1
   95905.981154498761                         1
   96105.981154498761                         1
   96305.981154498761                         1
   96505.981154498761                         1
   96705.981154498761                         1
   96905.981154498761                         1
   97105.981154498761                         1
   97305.981154498761                         1
   97505.981154498761                         1
   97705.981154498761                         1
   97905.981154498761                         1
   98105.981154498761                         1
   98305.981154498761                         1
   98505.981154498761                         1
   98705.981154498761                         1
   98905.981154498761                         2
   99105.981154498761                         2
   99305.981154498761                         2
   99505.981154498761                         1
   99705.981154498761                         1
   99905.981154498761                         1
   100105.98115449876                         1
   100305.98115449876                         1
   100505.98115449876                         1
   100705.98115449876                         1
   100905.98115449876                         1
   101105.98115449876                         1
   101305.98115449876                         1
   101505.98115449876                         1
   101705.98115449876                         1
   101905.98115449876                         1
   102105.98115449876                         1
   102305.98115449876                         1
   102505.98115449876                         1
   102705.98115449876                         1
   102905.98115449876                         1
   103105.98115449876                         1
   103305.98115449876                         1
   103505.98115449876                         1
   103705.98115449876                         1
   103905.98115449876                         1
   104105.98115449876                         1
   104305.98115449876                         1
   104505.98115449876                         1
   104705.98115449876                         1
   104905.98115449876                         1
   105105.98115449876                         2
   105305.98115449876                         1
   105505.98115449876                         1
   105705.98115449876                         1
   105905.98115449876                         1
   106105.98115449876                         1
   106305.98115449876                         1
   106505.98115449876                         1
   106705.98115449876                         1
   106905.98115449876                         1
   107105.98115449876                         1
   107305.98115449876                         1
   107505.98115449876                         1
   107705.98115449876                         1
   107905.98115449876                         1
   108105.98115449876                         1
   108305.98115449876                         1
   108505.98115449876                         2
   108705.98115449876                         1
   108905.98115449876                         2
   109105.98115449876                         2
   109305.98115449876                         2
   109505.98115449876                         2
   109705.98115449876                         2
   109905.98115449876                         2
   110105.98115449876                         2
   110305.98115449876                         2
   110505.98115449876                         2
   110705.98115449876                         2
   110905.98115449876                         2
   111105.98115449876                         2
   111305.98115449876                         2
   111505.98115449876                         2
   111705.98115449876                         2
   111905.98115449876                         2
   112105.98115449876                         2
   112305.98115449876                         2
   112505.98115449876                         2
   112705.98115449876                         2
   112905.98115449876                         2
   113105.98115449876                         2
   113305.98115449876                         2
   113505.98115449876                         2
   113705.98115449876                         2
   113905.98115449876                         2
   114105.98115449876                         2
   114305.98115449876                         2
   114505.98115449876                         2
   114705.98115449876                         2
   114905.98115449876                         2
   115105.98115449876                         2
   115305.98115449876                         2
   115505.98115449876                         1
   115705.98115449876                         1
   115905.98115449876                         1
   116105.98115449876                         1
   116305.98115449876                         1
   116505.98115449876                         1
   116705.98115449876                         2
   116905.98115449876                         2
   117105.98115449876                         2
   117305.98115449876                         1
   117505.98115449876                         1
   117705.98115449876                         1
   117905.98115449876                         1
   118105.98115449876                         1
   118305.98115449876                         1
   118505.98115449876                         1
   118705.98115449876                         1
   118905.98115449876                         1
   119105.98115449876                         1
   119305.98115449876                         1
   119505.98115449876                         1
   119705.98115449876                         1
   119905.98115449876                         1
   120105.98115449876                         1
   120305.98115449876                         1
   120505.98115449876                         1
   120705.98115449876                         1
   120905.98115449876                         1
   121105.98115449876                         1
   121305.98115449876                         1
   121505.98115449876                         1
   121705.98115449876                         1
   121905.98115449876                         1
   122105.98115449876                         1
   122305.98115449876                         1
   122505.98115449876                         1
   122705.98115449876                         1
   122905.98115449876                         1
   123105.98115449876                         1
   123305.98115449876                         1
   123505.98115449876                         1
   123705.98115449876                         1
   123905.98115449876                         1
   124105.98115449876                         1
   124305.98115449876                         1
   124505.98115449876                         1
   124705.98115449876                         1
   124905.98115449876                         1
   125105.98115449876                         1
   125305.98115449876                         1
   125505.98115449876                         1
   125705.98115449876                         1
   125905.98115449876                         1
   126105.98115449876                         1
   126305.98115449876                         1
   126505.98115449876                         1
   126705.98115449876                         1
   126905.98115449876                         1
   127105.98115449876                         1
   127305.98115449876                         1
   127505.98115449876                         1
   127705.98115449876                         1
   127905.98115449876                         1
   128105.98115449876                         1
   128305.98115449876                         1
   128505.98115449876                         1
   128705.98115449876                         1
   128905.98115449876                         1
   129105.98115449876                         1
   129305.98115449876                         1
   129505.98115449876                         1
   129705.98115449876                         1
   129905.98115449876                         1
   130105.98115449876                         1
   130305.98115449876                         1
   130505.98115449876                         1
   130705.98115449876                         1
   130905.98115449876                         1
   131105.98115449876                         2
   131171.51715449875                         2
   131194.28048116755                         1
   131218.40960743648                         1
   131243.98648128155                         1
   131271.09796755732                         1
   131299.83614300963                         1
   131330.29860898908                         1
   131362.58882292730                         1
   131396.81644970182                         1
   131433.09773408281                         1
   131471.55589552666                         1
   131512.32154665713                         1
   131555.53313685543                         1
   131601.33742246564                         1
   131649.88996521247                         1
   131701.35566052407                         1
   131755.90929755440                         1
   131813.73615280655                         1
   131875.03261937381                         1
   131940.00687393511                         1
   132008.87958377009                         1
   132081.88465619518                         1
   132159.27003296575                         1
   132241.29853234257                         1
   132328.24874168201                         1
   132420.41596358179                         1
   132518.11321879557                         1
   132621.67230932217                         1
   132731.44494528038                         1
   132847.80393939608                         1
   132971.14447315873                         1
   133101.88543894712                         1
   133240.47086268282                         1
   133387.37141184267                         1
   133543.08599395209                         1
   133708.14345098808                         1
   133883.10435544624                         1
   134068.56291417190                         1
   134265.14898642109                         1
   134465.14898642109                         1
   134665.14898642109                         1
   134865.14898642109                         1
   135065.14898642109                         1
   135265.14898642109                         1
   135465.14898642109                         1
   135665.14898642109                         1
   135865.14898642109                         1
   136065.14898642109                         1
   136265.14898642109                         1
   136465.14898642109                         1
   136665.14898642109                         1
   136865.14898642109                         1
   137065.14898642109                         1
   137265.14898642109                         1
   137465.14898642109                         1
   137665.14898642109                         1
   137865.14898642109                         1
   138065.14898642109                         1
   138265.14898642109                         1
   138465.14898642109                         1
   138665.14898642109                         1
   138865.14898642109                         1
   139065.14898642109                         1
   139265.14898642109                         1
   139465.14898642109                         1
   139665.14898642109                         1
   139865.14898642109                         1
   140065.14898642109                         1
   140265.14898642109                         1
   140465.14898642109                         1
   140665.14898642109                         1
   140865.14898642109                         1
   141065.14898642109                         1
   141265.14898642109                         1
   141465.14898642109                         1
   141665.14898642109                         1
   141865.14898642109                         1
   142065.14898642109                         1
   142265.14898642109                         1
   142465.14898642109                         1
   142665.14898642109                         1
   142865.14898642109                         1
   143065.14898642109                         1
   143265.14898642109                         1
   143465.14898642109                         1
   143665.14898642109                         1
   143865.14898642109                         1
   144065.14898642109                         1
   144265.14898642109                         1
   144465.14898642109                         1
   144665.14898642109                         1
   144865.14898642109                         1
   145065.14898642109                         1
   145265.14898642109                         2
   145465.14898642109                         1
   145665.14898642109                         1
   145865.14898642109                         1
   146065.14898642109                         1
   146265.14898642109                         1
   146465.14898642109                         1
   146665.14898642109                         1
   146865.14898642109                         1
   147065.14898642109                         1
   147265.14898642109                         1
   147465.14898642109                         1
   147665.14898642109                         1
   147865.14898642109                         1
   148065.14898642109                         1
   148265.14898642109                         1
   148465.14898642109                         1
   148665.14898642109                         1
   148865.14898642109                         1
   149065.14898642109                         1
   149265.14898642109                         1
   149465.14898642109                         1
   149665.14898642109                         1
   149865.14898642109                         1
   150065.14898642109                         1
   150265.14898642109                         1
   150465.14898642109                         1
   150665.14898642109                         1
   150865.14898642109                         1
   151065.14898642109                         1
   151265.14898642109                         1
   151465.14898642109                         1
   151665.14898642109                         1
   151865.14898642109                         1
   152065.14898642109                         1
   152265.14898642109                         1
   152465.14898642109                         1
   152665.14898642109                         1
   152865.14898642109                         1
   153065.14898642109                         1
   153265.14898642109                         1
   153465.14898642109                         1
   153665.14898642109                         1
   153865.14898642109                         1
   154065.14898642109                         1
   154265.14898642109                         1
   154465.14898642109                         1
   154665.14898642109                         1
   154865.14898642109                         1
   155065.14898642109                         1
   155265.14898642109                         1
   155465.14898642109                         1
   155665.14898642109                         1
   155865.14898642109                         1
   156065.14898642109                         1
   156265.14898642109                         1
   156465.14898642109                         1
   156665.14898642109                         1
   156865.14898642109                         1
   157065.14898642109                         1
   157265.14898642109                         1
   157465.14898642109                         1
   157665.14898642109                         1
   157865.14898642109                         1
   158065.14898642109                         1
   158265.14898642109                         1
   158465.14898642109                         1
   158665.14898642109                         1
   158865.14898642109                         1
   159065.14898642109                         1
   159265.14898642109                         1
   159465.14898642109                         1
   159665.14898642109                         1
   159865.14898642109                         1
   160065.14898642109                         1
   160265.14898642109                         1
   160465.14898642109                         1
   160665.14898642109                         1
   160865.14898642109                         1
   161065.14898642109                         1
   161265.14898642109                         1
   161465.14898642109                         1
   161665.14898642109                         1
   161865.14898642109                         1
   162065.14898642109                         1
   162265.14898642109                         1
   162465.14898642109                         1
   162665.14898642109                         1
   162865.14898642109                         1
   163065.14898642109                         1
   163265.14898642109                         1
   163465.14898642109                         1
   163665.14898642109                         1
   163865.14898642109                         1
   164065.14898642109                         1
   164265.14898642109                         1
   164465.14898642109                         1
   164665.14898642109                         1
   164865.14898642109                         1
   165065.14898642109                         1
   165265.14898642109                         1
   165465.14898642109                         1
   165665.14898642109                         1
   165865.14898642109                         1
   166065.14898642109                         1
   166265.14898642109                         1
   166465.14898642109                         1
   166665.14898642109                         1
   166865.14898642109                         1
   167065.14898642109                         1
   167265.14898642109                         1
   167465.14898642109                         1
   167665.14898642109                         1
   167865.14898642109                         1
   168065.14898642109                         1
   168265.14898642109                         1
   168465.14898642109                         1
   168665.14898642109                         1
   168865.14898642109                         1
   169065.14898642109                         1
   169265.14898642109                         1
   169465.14898642109                         1
   169665.14898642109                         1
   169865.14898642109                         1
   170065.14898642109                         1
   170265.14898642109                         1
   170465.14898642109                         1
   170665.14898642109                         1
   170865.14898642109                         1
   171065.14898642109                         1
   171265.14898642109                         1
   171465.14898642109                         1
   171665.14898642109                         1
   171865.14898642109                         1
   172065.14898642109                         1
   172265.14898642109                         1
   172465.14898642109                         1
   172665.14898642109                         1
   172865.14898642109                         1
   173065.14898642109                         1
   173265.14898642109                         1
   173465.14898642109                         1
   173665.14898642109                         1
   173865.14898642109                         1
   174065.14898642109                         1
   174265.14898642109                         1
   174465.14898642109                         1
   174665.14898642109                         1
   174865.14898642109                         1
   175065.14898642109                         1
   175265.14898642109                         1
   175465.14898642109                         1
   175665.14898642109                         1
   175865.14898642109                         1
   176065.14898642109                         1
   176265.14898642109                         1
   176465.14898642109                         1
   176665.14898642109                         1
   176865.14898642109                         1
   177065.14898642109                         1
   177265.14898642109                         1
   177465.14898642109                         1
   177665.14898642109                         1
   177865.14898642109                         1
   178065.14898642109                         1
   178265.14898642109                         1
   178465.14898642109                         2
   178486.62382290108                         1
   178509.38714956987                         1
   178533.51627583880                         2
   178559.09314968387                         1
   178586.20463595964                         1
   178614.94281141195                         1
   178645.40527739140                         1
   178677.69549132962                         1
   178711.92311810414                         1
   178748.20440248513                         1
   178786.66256392899                         1
   178827.42821505945                         1
   178870.63980525776                         1
   178916.44409086797                         1
   178964.99663361479                         1
   179016.46232892640                         1
   179071.01596595673                         1
   179128.84282120888                         1
   179190.13928777614                         1
   179255.11354233744                         1
   179323.98625217241                         1
   179396.99132459750                         1
   179474.37670136808                         1
   179556.40520074489                         1
   179643.35541008433                         1
   179735.52263198412                         1
   179833.21988719789                         1
   179936.77897772449                         1
   180046.55161368271                         1
   180162.91060779840                         1
   180286.25114156105                         1
   180416.99210734945                         1
   180555.57753108515                         1
   180702.47808024500                         1
   180858.19266235441                         1
   181023.25011939040                         1
   181198.21102384856                         1
   181383.66958257422                         1
   181580.25565482341                         1
   181780.25565482341                         1
   181980.25565482341                         1
   182180.25565482341                         1
   182380.25565482341                         1
   182580.25565482341                         1
   182780.25565482341                         1
   182980.25565482341                         1
   183180.25565482341                         1
   183380.25565482341                         1
   183580.25565482341                         1
   183780.25565482341                         1
   183980.25565482341                         1
   184180.25565482341                         1
   184380.25565482341                         1
   184580.25565482341                         1
   184780.25565482341                         1
   184980.25565482341                         1
   185180.25565482341                         1
   185380.25565482341                         1
   185580.25565482341                         1
   185780.25565482341                         1
   185980.25565482341                         1
   186180.25565482341                         1
   186380.25565482341                         1
   186580.25565482341                         1
   186780.25565482341                         1
   186980.25565482341                         1
   187180.25565482341                         1
   187380.25565482341                         1
   187580.25565482341                         1
   187780.25565482341                         1
   187980.25565482341                         1
   188180.25565482341                         1
   188380.25565482341                         1
   188580.25565482341                         1
   188780.25565482341                         1
   188980.25565482341                         1
   189180.25565482341                         1
   189380.25565482341                         1
   189580.25565482341                         1
   189780.25565482341                         1
   189980.25565482341                         1
   190180.25565482341                         1
   190380.25565482341                         1
   190580.25565482341                         1
   190780.25565482341                         1
   190980.25565482341                         1
   191180.25565482341                         1
   191380.25565482341                         1
   191580.25565482341                         1
   191780.25565482341                         1
   191980.25565482341                         1
   192180.25565482341                         1
   192380.25565482341                         1
   192580.25565482341                         1
   192780.25565482341                         1
   192980.25565482341                         1
   193180.25565482341                         1
   193380.25565482341                         1
   193580.25565482341                         1
   193780.25565482341                         1
   193980.25565482341                         1
   194180.25565482341                         1
   194380.25565482341                         1
   194580.25565482341                         1
   194780.25565482341                         1
   194980.25565482341                         1
   195180.25565482341                         1
   195380.25565482341                         1
   195580.25565482341                         1
   195780.25565482341                         1
   195980.25565482341                         1
   196180.25565482341                         1
   196380.25565482341                         1
   196580.25565482341                         1
   196780.25565482341                         1
   196980.25565482341                         1
   197180.25565482341                         1
   197380.25565482341                         1
   197580.25565482341                         1
   197780.25565482341                         1
   197980.25565482341                         1
   198180.25565482341                         1
   198380.25565482341                         1
   198580.25565482341                         1
   198780.25565482341                         1
   198980.25565482341                         1
   199180.25565482341                         1
   199380.25565482341                         1
   199580.25565482341                         1
   199780.25565482341                         1
   199980.25565482341                         1
   200180.25565482341                         1
   200380.25565482341                         1
   200580.25565482341                         1
   200780.25565482341                         1
   200980.25565482341                         1
   201180.25565482341                         1
   201380.25565482341                         1
   201580.25565482341                         1
   201780.25565482341                         1
   201980.25565482341                         1
   202180.25565482341                         1
   202380.25565482341                         1
   202580.25565482341                         1
   202780.25565482341                         1
   202980.25565482341                         1
   203180.25565482341                         1
   203380.25565482341                         1
   203580.25565482341                         1
   203780.25565482341                         1
   203980.25565482341                         1
   204180.25565482341                         1
   204380.25565482341                         1
   204580.25565482341                         1
   204780.25565482341                         1
   204980.25565482341                         1
   205180.25565482341                         1
   205380.25565482341                         1
   205580.25565482341                         1
   205780.25565482341                         1
   205980.25565482341                         1
   206180.25565482341                         1
   206380.25565482341                         1
   206580.25565482341                         1
   206780.25565482341                         1
   206980.25565482341                         1
   207180.25565482341                         1
   207380.25565482341                         1
   207580.25565482341                         1
   207780.25565482341                         1
   207980.25565482341                         1
   208180.25565482341                         1
   208380.25565482341                         1
   208580.25565482341                         1
   208780.25565482341                         1
   208980.25565482341                         1
   209180.25565482341                         1
   209380.25565482341                         1
   209580.25565482341                         1
   209780.25565482341                         1
   209980.25565482341                         1
   210180.25565482341                         1
   210380.25565482341                         1
   210580.25565482341                         1
   210780.25565482341                         1
   210980.25565482341                         1
   211180.25565482341                         1
   211380.25565482341                         1
   211580.25565482341                         1
   211780.25565482341                         1
   211980.25565482341                         1
   212180.25565482341                         1
   212380.25565482341                         1
   212580.25565482341                         1
   212780.25565482341                         1
   212980.25565482341                         1
   213180.25565482341                         1
   213380.25565482341                         1
   213580.25565482341                         1
   213780.25565482341                         1
   213980.25565482341                         1
   214180.25565482341                         1
   214380.25565482341                         1
   214580.25565482341                         1
   214780.25565482341                         1
   214980.25565482341                         1
   215180.25565482341                         1
   215380.25565482341                         1
   215580.25565482341                         1
   215780.25565482341                         1
   215980.25565482341                         1
   216180.25565482341                         1
   216380.25565482341                         1
   216580.25565482341                         1
   216780.25565482341                         1
   216980.25565482341                         1
   217180.25565482341                         1
   217380.25565482341                         1
   217580.25565482341                         1
   217780.25565482341                         1
   217980.25565482341                         1
   218180.25565482341                         1
   218380.25565482341                         1
   218580.25565482341                         1
   218780.25565482341                         1
   218980.25565482341                         1
   219180.25565482341                         1
   219380.25565482341                         1
   219580.25565482341                         1
   219780.25565482341                         1
   219980.25565482341                         1
   220180.25565482341                         1
   220380.25565482341                         1
   220580.25565482341                         1
   220780.25565482341                         1
   220980.25565482341                         1
   221180.25565482341                         1
   221380.25565482341                         1
   221580.25565482341                         1
   221780.25565482341                         1
   221980.25565482341                         1
   222180.25565482341                         1
   222380.25565482341                         1
   222580.25565482341                         1
   222780.25565482341                         1
   222980.25565482341                         1
   223180.25565482341                         1
   223380.25565482341                         1
   223580.25565482341                         1
   223780.25565482341                         1
   223980.25565482341                         1
   224180.25565482341                         1
   224380.25565482341                         1
   224580.25565482341                         1
   224780.25565482341                         1
   224980.25565482341                         1
   225180.25565482341                         1
   225380.25565482341                         1
   225580.25565482341                         1
   225780.25565482341                         1
   225980.25565482341                         1
   226180.25565482341                         1
   226380.25565482341                         1
   226580.25565482341                         1
   226780.25565482341                         1
   226980.25565482341                         1
   227180.25565482341                         1
   227380.25565482341                         1
   227580.25565482341                         1
   227780.25565482341                         1
   227980.25565482341                         1
   228180.25565482341                         1
   228380.25565482341                         1
   228580.25565482341                         1
   228780.25565482341                         1
   228980.25565482341                         1
   229180.25565482341                         1
   229380.25565482341                         1
   229580.25565482341                         1
   229780.25565482341                         1
   229980.25565482341                         1
   230180.25565482341                         1
   230380.25565482341                         1
   230580.25565482341                         1
   230780.25565482341                         1
   230980.25565482341                         1
   231180.25565482341                         1
   231380.25565482341                         1
   231580.25565482341                         1
   231780.25565482341                         1
   231980.25565482341                         1
   232180.25565482341                         1
   232380.25565482341                         1
   232580.25565482341                         1
   232780.25565482341                         1
   232980.25565482341                         1
   233180.25565482341                         1
   233380.25565482341                         1
   233580.25565482341                         1
   233780.25565482341                         1
   233980.25565482341                         1
   234180.25565482341                         1
   234380.25565482341                         1
   234580.25565482341                         1
   234780.25565482341                         1
   234980.25565482341                         1
   235180.25565482341                         1
   235380.25565482341                         1
   235580.25565482341                         1
   235780.25565482341                         1
   235980.25565482341                         1
   236180.25565482341                         1
   236380.25565482341                         1
   236580.25565482341                         1
   236780.25565482341                         1
   236980.25565482341                         1
   237180.25565482341                         1
   237380.25565482341                         1
   237580.25565482341                         1
   237780.25565482341                         1
   237980.25565482341                         1
   238180.25565482341                         1
   238380.25565482341                         1
   238580.25565482341                         1
   238780.25565482341                         1
   238980.25565482341                         1
   239180.25565482341                         1
   239380.25565482341                         1
   239580.25565482341                         1
   239780.25565482341                         1
   239980.25565482341                         1
   240180.25565482341                         1
   240380.25565482341                         1
   240580.25565482341                         1
   240780.25565482341                         1
   240980.25565482341                         1
   241180.25565482341                         1
   241380.25565482341                         1
   241580.25565482341                         1
   241780.25565482341                         1
   241980.25565482341                         1
   242180.25565482341                         1
   242380.25565482341                         1
   242580.25565482341                         1
   242601.73049130340                         1
   242624.49381797219                         1
   242648.62294424113                         1
   242674.19981808620                         1
   242701.31130436197                         1
   242730.04947981428                         1
   242754.41945259782                         1
   242780.25162374839                         1
   242807.63372516801                         1
   242836.65875267278                         1
   242867.42528182786                         2
   242893.51529855136                         1
   242915.63963273290                         1
   242939.09142696531                         1
   242963.95032885167                         1
   242990.30076485121                         1
   243018.23222701074                         1
   243047.83957689983                         1
   243079.22336778228                         1
   243100.51413151692                         1
   243123.08234107564                         1
   243147.00464320788                         1
   243172.36228346807                         1
   243199.24138214387                         1
   243227.73322674021                         1
   243257.93458201233                         1
   243289.94801860079                         1
   243323.88226138454                         1
   243346.90325168904                         1
   243371.30550141181                         1
   243397.17188611795                         1
   243424.59025390647                         1
   243453.65372376228                         1
   243484.46100180945                         1
   243517.11671653946                         1
   243551.73177415325                         1
   243588.42373522386                         1
   243627.31721395871                         1
   243668.54430141766                         1
   243712.24501412414                         1
   243758.56776959304                         1
   243807.66989039004                         2
   243859.71813843487                         1
   243914.88928136238                         2
   243944.83176405201                         1
   243976.57079570301                         1
   244010.21416925307                         1
   244045.87614521614                         1
   244083.67783973698                         1
   244109.32250929993                         1
   244136.50585903667                         1
   244165.32020975760                         1
   244195.86342152179                         1
   244228.23922599183                         1
   244262.55757873005                         1
   244298.93503263258                         1
   244337.49513376926                         2
   244363.65430638040                         1
   244391.38302934819                         1
   244420.77547569404                         1
   244451.93146882064                         1
   244484.95682153484                         1
   244519.96369541189                         1
   244557.07098172157                         1
   244596.40470520983                         1
   244638.09845210740                         1
   244660.72648242363                         1
   244684.71219455884                         1
   244710.13704942216                         1
   244737.08739557728                         1
   244765.65476250171                         1
   244795.93617144163                         1
   244828.03446491793                         1
   244862.05865600280                         1
   244898.12429855278                         1
   244936.35387965574                         1
   244976.87723562488                         1
   245019.83199295218                         1
   245065.36403571910                         1
   245113.62800105204                         1
   245164.78780430497                         1
   245219.01719575308                         1
   245276.50035068806                         1
   245337.43249491914                         1
   245402.02056780408                         1
   245470.48392506212                         1
   245543.05508375564                         1
   245619.98051197079                         1
   245701.52146587885                         1
   245787.95487702137                         1
   245879.57429283246                         1
   245976.69087359222                         1
   246079.63444919756                         1
   246188.75463933923                         1
   246304.42204088939                         1
   246427.02948653256                         1
   246556.99337891431                         1
   246694.75510483896                         1
   246840.78253431909                         1
   246995.57160956803                         1
   247159.64802933190                         1
   247333.56903428162                         1
   247517.92529952832                         1
   247713.34294068982                         1
   247913.34294068982                         1
   248113.34294068982                         1
   248313.34294068982                         1
   248513.34294068982                         1
   248713.34294068982                         1
   248913.34294068982                         1
   249113.34294068982                         1
   249313.34294068982                         1
   249513.34294068982                         1
   249713.34294068982                         1
   249913.34294068982                         1
   250113.34294068982                         1
   250313.34294068982                         1
   250513.34294068982                         1
   250713.34294068982                         1
   250913.34294068982                         1
   251113.34294068982                         1
   251313.34294068982                         1
   251513.34294068982                         1
   251713.34294068982                         1
   251913.34294068982                         1
   252113.34294068982                         1
   252313.34294068982                         1
   252513.34294068982                         1
   252713.34294068982                         1
   252913.34294068982                         1
   253113.34294068982                         1
   253313.34294068982                         1
   253513.34294068982                         1
   253713.34294068982                         1
   253913.34294068982                         1
   254113.34294068982                         1
   254313.34294068982                         1
   254513.34294068982                         1
   254713.34294068982                         1
   254913.34294068982                         1
   255113.34294068982                         1
   255313.34294068982                         1
   255513.34294068982                         1
   255713.34294068982                         1
   255913.34294068982                         1
   256113.34294068982                         1
   256313.34294068982                         1
   256513.34294068982                         1
   256713.34294068982                         1
   256913.34294068982                         1
   257113.34294068982                         1
   257313.34294068982                         1
   257513.34294068982                         1
   257713.34294068982                         1
   257913.34294068982                         1
   258113.34294068982                         1
   258313.34294068982                         1
   258513.34294068982                         1
   258713.34294068982                         1
   258913.34294068982                         1
   259113.34294068982                         1
