                    1   2.5000000000000001E-003  -7.3052955783985851     
                    2   7.4999999999999997E-003  -9.4932961402672706     
                    3   1.2500000000000001E-002  -9.9457518944158796     
                    4   1.7500000000000002E-002  -10.164821872877905     
                    5   2.2499999999999999E-002  -10.175599144895674     
                    6   2.7500000000000000E-002  -10.190845589326386     
                    7   3.2500000000000001E-002  -10.256157692434748     
                    8   3.7500000000000006E-002  -10.388822462767326     
                    9   4.2499999999999996E-002  -10.525093164758818     
                   10   4.7500000000000001E-002  -10.678691571267738     
                   11   5.2500000000000005E-002  -10.732182573078116     
                   12   5.7499999999999996E-002  -10.726068388217469     
                   13   6.2500000000000000E-002  -10.924811311583454     
                   14   6.7500000000000004E-002  -11.068013382322926     
                   15   7.2500000000000009E-002  -11.021855805437465     
                   16   7.7499999999999999E-002  -10.972622742654945     
                   17   8.2500000000000004E-002  -11.038345689634745     
                   18   8.7499999999999994E-002  -11.112295862008214     
                   19   9.2499999999999999E-002  -11.065476895265258     
                   20   9.7500000000000003E-002  -10.980298328474987     
                   21  0.10250000000000001       -10.896523100283385     
                   22  0.10750000000000000       -10.770328824491896     
                   23  0.11250000000000000       -10.578029755946368     
                   24  0.11749999999999999       -13.086825510548810     
                   25  0.12250000000000000       -18.246417000346799     
                   26  0.12750000000000000       -21.057647696031935     
                   27  0.13250000000000001       -21.357363441067484     
                   28  0.13750000000000001       -21.401164821621538     
                   29  0.14250000000000002       -21.454158612234014     
                   30  0.14749999999999999       -21.514173515725304     
                   31  0.15250000000000000       -21.579649879589894     
                   32  0.15750000000000000       -21.649504251558493     
                   33  0.16250000000000001       -21.723014482154596     
                   34  0.16750000000000001       -21.799726299382783     
                   35  0.17250000000000001       -21.879379690571096     
                   36  0.17749999999999999       -21.961852446863308     
                   37  0.18250000000000000       -22.047117964035930     
                   38  0.18750000000000000       -22.135214487353686     
                   39  0.19250000000000000       -22.226223268719160     
                   40  0.19750000000000001       -22.320253473232288     
                   41  0.20250000000000001       -22.417432064680014     
                   42  0.20750000000000002       -22.517897273100388     
                   43  0.21249999999999999       -22.621794577867931     
                   44  0.21750000000000000       -22.729274415909785     
                   45  0.22250000000000000       -22.840491045448324     
                   46  0.22750000000000001       -22.955602165674023     
                   47  0.23250000000000001       -23.074769019470388     
                   48  0.23749999999999999       -23.198156798074130     
                   49  0.24249999999999999       -23.325935231296803     
                   50  0.24750000000000000       -23.458279291569660     
                   51  0.25250000000000000       -23.595369970265430     
                   52  0.25750000000000001       -23.737395104937313     
                   53  0.26250000000000001       -23.884550249662468     
                   54  0.26750000000000002       -24.037039590064701     
                   55  0.27250000000000002       -24.195076911594100     
                   56  0.27750000000000002       -24.358886635446950     
                   57  0.28250000000000003       -24.528704941723454     
                   58  0.28749999999999998       -24.704781003864554     
                   59  0.29249999999999998       -24.887378360510894     
                   60  0.29749999999999999       -25.076775837713296     
