                    1   2.5000000000000001E-003   2.0983409611202021E-002
                    2   7.4999999999999997E-003   2.1020840542459059E-002
                    3   1.2500000000000001E-002   2.1068271007691243E-002
                    4   1.7500000000000002E-002   2.1121839614598573E-002
                    5   2.2499999999999999E-002   2.1181113962024385E-002
                    6   2.7500000000000000E-002   2.1246232188830795E-002
                    7   3.2500000000000001E-002   2.1318295434626450E-002
                    8   3.7500000000000006E-002   2.1398975203335030E-002
                    9   4.2499999999999996E-002   2.1490201080551358E-002
                   10   4.7500000000000001E-002   2.1594189270064852E-002
                   11   5.2500000000000005E-002   2.1713089635181926E-002
                   12   5.7499999999999996E-002   2.1848970947932183E-002
                   13   6.2500000000000000E-002   2.2006896587343207E-002
                   14   6.7500000000000004E-002   2.2193904063689839E-002
                   15   7.2500000000000009E-002   2.2415310954994459E-002
                   16   7.7499999999999999E-002   2.2678296268043595E-002
                   17   8.2500000000000004E-002   2.2997168958315734E-002
                   18   8.7499999999999994E-002   2.3393534396801283E-002
                   19   9.2499999999999999E-002   2.3894556055541197E-002
                   20   9.7500000000000003E-002   2.4539608045802380E-002
                   21  0.10250000000000001        2.5395263973391910E-002
                   22  0.10750000000000000        2.6574192150535830E-002
                   23  0.11250000000000000        2.8275124778032203E-002
                   24  0.11749999999999999        3.0881886904548912E-002
                   25  0.12250000000000000        3.5208738999517528E-002
                   26  0.12750000000000000        4.2960433856790228E-002
                   27  0.13250000000000001        6.9568727502875127E-002
                   28  0.13750000000000001       0.12881584962055959     
                   29  0.14250000000000002       0.14693679189155315     
                   30  0.14749999999999999       0.14630065475979614     
                   31  0.15250000000000000       0.14565245180417474     
                   32  0.15750000000000000       0.14499206604214804     
                   33  0.16250000000000001       0.14431938150973173     
                   34  0.16750000000000001       0.14363428372364695     
                   35  0.17250000000000001       0.14293666015367093     
                   36  0.17749999999999999       0.14222640070252546     
                   37  0.18250000000000000       0.14150339819093891     
                   38  0.18750000000000000       0.14076754884582024     
                   39  0.19250000000000000       0.14001875278978571     
                   40  0.19750000000000001       0.13925691453057681     
                   41  0.20250000000000001       0.13848194344919762     
                   42  0.20750000000000002       0.13769375428587771     
                   43  0.21249999999999999       0.13689226762323017     
                   44  0.21750000000000000       0.13607741036622217     
                   45  0.22250000000000000       0.13524911621880203     
                   46  0.22750000000000001       0.13440732615723316     
                   47  0.23250000000000001       0.13355198890036327     
                   48  0.23749999999999999       0.13268306137720931     
                   49  0.24249999999999999       0.13180050919235253     
                   50  0.24750000000000000       0.13090430708970563     
                   51  0.25250000000000000       0.12999443948995126     
                   52  0.25750000000000001       0.12907090131777563     
                   53  0.26250000000000001       0.12813369803844027     
                   54  0.26750000000000002       0.12718284577131855     
                   55  0.27250000000000002       0.12621837211065304     
                   56  0.27750000000000002       0.12524031659713530     
                   57  0.28250000000000003       0.12424873119467719     
                   58  0.28749999999999998       0.12324368077287040     
                   59  0.29249999999999998       0.12222524359556669     
                   60  0.29749999999999999       0.12119351181587795     
