                    1   0.0000000000000000       -5.3799368343250134     
                    2   5.0000000000000001E-003  -9.2305153362919121     
                    3   1.0000000000000000E-002  -9.7558908571503089     
                    4   1.4999999999999999E-002  -10.135363151775204     
                    5   2.0000000000000000E-002  -10.193957461049127     
                    6   2.5000000000000001E-002  -10.156833607213807     
                    7   2.9999999999999999E-002  -10.224350592384415     
                    8   3.5000000000000003E-002  -10.287335663592263     
                    9   4.0000000000000001E-002  -10.489527157067929     
                   10   4.4999999999999998E-002  -10.559685769034074     
                   11   5.0000000000000003E-002  -10.796482944737804     
                   12   5.5000000000000000E-002  -10.666372974379041     
                   13   5.9999999999999998E-002  -10.783881410833809     
                   14   6.5000000000000002E-002  -11.063350929276293     
                   15   7.0000000000000007E-002  -11.069620052078379     
                   16   7.4999999999999997E-002  -10.970185146009808     
                   17   8.0000000000000002E-002  -10.970002561078433     
                   18   8.5000000000000006E-002  -11.099971668561302     
                   19   8.9999999999999997E-002  -11.115477591452731     
                   20   9.5000000000000001E-002  -11.002736538721376     
                   21  0.10000000000000001       -10.939439630636917     
                   22  0.10500000000000000       -10.825461999193188     
                   23  0.11000000000000000       -10.668526041778344     
                   24  0.11500000000000000       -10.397088669330239     
                   25  0.12000000000000000       -10.020489609976385     
                   26  0.12500000000000000       -9.3282459114095762     
                   27  0.13000000000000000       -7.6190636085511594     
                   28  0.13500000000000001       -18.742670282792087     
                   29  0.14000000000000001       -22.939872953097481     
                   30  0.14499999999999999       -23.037942637995826     
                   31  0.14999999999999999       -23.138722513635262     
                   32  0.15500000000000000       -23.242291394730710     
                   33  0.16000000000000000       -23.348731189897567     
                   34  0.16500000000000001       -23.458126998242193     
                   35  0.17000000000000001       -23.570567210834515     
                   36  0.17500000000000002       -23.686143617740939     
                   37  0.17999999999999999       -23.804951521286039     
                   38  0.18500000000000000       -23.927089856200688     
                   39  0.19000000000000000       -24.052661317303492     
                   40  0.19500000000000001       -24.181772495351609     
                   41  0.20000000000000001       -24.314534021686740     
                   42  0.20500000000000002       -24.451060722292940     
                   43  0.20999999999999999       -24.591471781874656     
                   44  0.21500000000000000       -24.735890918556809     
                   45  0.22000000000000000       -24.884446569803906     
                   46  0.22500000000000001       -25.037272090152261     
                   47  0.23000000000000001       -25.194505961349066     
                   48  0.23500000000000001       -25.356292015494638     
                   49  0.23999999999999999       -25.522779671790591     
                   50  0.24500000000000000       -25.694124187508507     
                   51  0.25000000000000000       -25.870486923813566     
                   52  0.25500000000000000       -26.052035597440593     
                   53  0.26000000000000001       -26.238944458899581     
                   54  0.26500000000000001       -26.431394887655753     
                   55  0.27000000000000002       -26.629575585589883     
                   56  0.27500000000000002       -26.833682926092667     
                   57  0.28000000000000003       -27.043921321595693     
                   58  0.28500000000000003       -27.260503610249039     
                   59  0.28999999999999998       -27.483651462455292     
                   60  0.29499999999999998       -27.713595807976532     
                   61  0.29999999999999999       -27.950577284345858     
