                    1   2.5000000000000001E-003  0.37295095116170396     
                    2   7.4999999999999997E-003  0.32044708986012826     
                    3   1.2500000000000001E-002  0.31045710168890678     
                    4   1.7500000000000002E-002  0.30573712430109379     
                    5   2.2499999999999999E-002  0.30550821661445438     
                    6   2.7500000000000000E-002  0.30518494851978833     
                    7   3.2500000000000001E-002  0.30380037192326032     
                    8   3.7500000000000006E-002  0.30101218911486255     
                    9   4.2499999999999996E-002  0.29817483357262631     
                   10   4.7500000000000001E-002  0.29502212104637782     
                   11   5.2500000000000005E-002  0.29393181576925120     
                   12   5.7499999999999996E-002  0.29405977869400435     
                   13   6.2500000000000000E-002  0.29005946486520184     
                   14   6.7500000000000004E-002  0.28721364073169603     
                   15   7.2500000000000009E-002  0.28813647351075200     
                   16   7.7499999999999999E-002  0.28912592094449419     
                   17   8.2500000000000004E-002  0.28783796804190476     
                   18   8.7499999999999994E-002  0.28640048490162434     
                   19   9.2499999999999999E-002  0.28736036775847357     
                   20   9.7500000000000003E-002  0.28910640556255046     
                   21  0.10250000000000001       0.29087968207134723     
                   22  0.10750000000000000       0.29361597929670297     
                   23  0.11250000000000000       0.29801010799998850     
                   24  0.11749999999999999       0.30480787395652770     
                   25  0.12250000000000000       0.31642412079970184     
                   26  0.12750000000000000       0.34422576283393425     
                   27  0.13250000000000001       0.25722083710635191     
                   28  0.13750000000000001       0.16260447926098701     
                   29  0.14250000000000002       0.14693679189155315     
                   30  0.14749999999999999       0.14630065475979614     
                   31  0.15250000000000000       0.14565245180417474     
                   32  0.15750000000000000       0.14499206604214804     
                   33  0.16250000000000001       0.14431938150973173     
                   34  0.16750000000000001       0.14363428372364695     
                   35  0.17250000000000001       0.14293666015367093     
                   36  0.17749999999999999       0.14222640070252546     
                   37  0.18250000000000000       0.14150339819093891     
                   38  0.18750000000000000       0.14076754884582024     
                   39  0.19250000000000000       0.14001875278978571     
                   40  0.19750000000000001       0.13925691453057681     
                   41  0.20250000000000001       0.13848194344919762     
                   42  0.20750000000000002       0.13769375428587771     
                   43  0.21249999999999999       0.13689226762323017     
                   44  0.21750000000000000       0.13607741036622217     
                   45  0.22250000000000000       0.13524911621880203     
                   46  0.22750000000000001       0.13440732615723316     
                   47  0.23250000000000001       0.13355198890036327     
                   48  0.23749999999999999       0.13268306137720931     
                   49  0.24249999999999999       0.13180050919235253     
                   50  0.24750000000000000       0.13090430708970563     
                   51  0.25250000000000000       0.12999443948995126     
                   52  0.25750000000000001       0.12907090131777563     
                   53  0.26250000000000001       0.12813369803844027     
                   54  0.26750000000000002       0.12718284577131855     
                   55  0.27250000000000002       0.12621837211065304     
                   56  0.27750000000000002       0.12524031659713530     
                   57  0.28250000000000003       0.12424873119467719     
                   58  0.28749999999999998       0.12324368077287040     
                   59  0.29249999999999998       0.12222524359556669     
                   60  0.29749999999999999       0.12119351181587795     
