                    1   2.5000000000000001E-003  0.37293108977964962     
                    2   7.4999999999999997E-003  0.32042180298804690     
                    3   1.2500000000000001E-002  0.31042269610434875     
                    4   1.7500000000000002E-002  0.30569086287137925     
                    5   2.2499999999999999E-002  0.30544610931323268     
                    6   2.7500000000000000E-002  0.30510174618311858     
                    7   3.2500000000000001E-002  0.30368812498185604     
                    8   3.7500000000000006E-002  0.30085835714376630     
                    9   4.2499999999999996E-002  0.29795764475476827     
                   10   4.7500000000000001E-002  0.29470164066692106     
                   11   5.2500000000000005E-002  0.29342028509281060     
                   12   5.7499999999999996E-002  0.29309248621116479     
                   13   6.2500000000000000E-002  0.25855002132338972     
                   14   6.7500000000000004E-002  0.20293092124088488     
                   15   7.2500000000000009E-002  0.17883053189778275     
                   16   7.7499999999999999E-002  0.17775852353450630     
                   17   8.2500000000000004E-002  0.17802425608715605     
                   18   8.7499999999999994E-002  0.17821611320894737     
                   19   9.2499999999999999E-002  0.17836772568363168     
                   20   9.7500000000000003E-002  0.17849440830741670     
                   21  0.10250000000000001       0.17860253462852255     
                   22  0.10750000000000000       0.17869422352332273     
                   23  0.11250000000000000       0.17876968008301444     
                   24  0.11749999999999999       0.17882835479011966     
                   25  0.12250000000000000       0.17886950602952159     
                   26  0.12750000000000000       0.17889246115877092     
                   27  0.13250000000000001       0.17889672522513389     
                   28  0.13750000000000001       0.17888201273572518     
                   29  0.14250000000000002       0.17884824085478565     
                   30  0.14749999999999999       0.17879550383013437     
                   31  0.15250000000000000       0.17872403910625612     
                   32  0.15750000000000000       0.17863419081323439     
                   33  0.16250000000000001       0.17852637381287445     
                   34  0.16750000000000001       0.17840104009804830     
                   35  0.17250000000000001       0.17825864852647114     
                   36  0.17749999999999999       0.17809963835987608     
                   37  0.18250000000000000       0.17792440674506188     
                   38  0.18750000000000000       0.17773329005009436     
                   39  0.19250000000000000       0.17752654882237892     
                   40  0.19750000000000001       0.17730435604449196     
                   41  0.20250000000000001       0.17706678831428518     
                   42  0.20750000000000002       0.17681381955709907     
                   43  0.21249999999999999       0.17654531688140523     
                   44  0.21750000000000000       0.17626103820796379     
                   45  0.22250000000000000       0.17596063133112627     
                   46  0.22750000000000001       0.17564363410494443     
                   47  0.23250000000000001       0.17530947548297771     
                   48  0.23749999999999999       0.17495747717673876     
                   49  0.24249999999999999       0.17458685573190405     
                   50  0.24750000000000000       0.17419672485265206     
                   51  0.25250000000000000       0.17378609783213914     
                   52  0.25750000000000001       0.17335388997086659     
                   53  0.26250000000000001       0.17289892088445830     
                   54  0.26750000000000002       0.17241991661821754     
                   55  0.27250000000000002       0.17191551149790885     
                   56  0.27750000000000002       0.17138424965468380     
                   57  0.28250000000000003       0.17082458616712126     
                   58  0.28749999999999998       0.17023488776523704     
                   59  0.29249999999999998       0.16961343304051901     
                   60  0.29749999999999999       0.16895841210375651     
