                    1   2.5000000000000001E-003   2.2631908960238464E-002
                    2   7.4999999999999997E-003   2.4000051540067319E-002
                    3   1.2500000000000001E-002   2.9708056239260483E-002
                    4   1.7500000000000002E-002  0.11556810508668111     
                    5   2.2499999999999999E-002  0.19492569522175243     
                    6   2.7500000000000000E-002  0.19127541691937910     
                    7   3.2500000000000001E-002  0.19007327590928724     
                    8   3.7500000000000006E-002  0.18990811842372610     
                    9   4.2499999999999996E-002  0.19006588459243251     
                   10   4.7500000000000001E-002  0.19024857125841282     
                   11   5.2500000000000005E-002  0.19035921850883669     
                   12   5.7499999999999996E-002  0.19038643001354105     
                   13   6.2500000000000000E-002  0.19034983932150645     
                   14   6.7500000000000004E-002  0.19027636569302758     
                   15   7.2500000000000009E-002  0.19019091347131334     
                   16   7.7499999999999999E-002  0.19011348178411902     
                   17   8.2500000000000004E-002  0.19005890072399567     
                   18   8.7499999999999994E-002  0.19003748124552927     
                   19   9.2499999999999999E-002  0.19005585477768908     
                   20   9.7500000000000003E-002  0.19011773705554008     
                   21  0.10250000000000001       0.19022455056010407     
                   22  0.10750000000000000       0.19037591628780251     
                   23  0.11250000000000000       0.19057004607453842     
                   24  0.11749999999999999       0.19080406486156029     
                   25  0.12250000000000000       0.19107428387097092     
                   26  0.12750000000000000       0.19137643731747306     
                   27  0.13250000000000001       0.19170588920643566     
                   28  0.13750000000000001       0.19205781314190065     
                   29  0.14250000000000002       0.19242734634457676     
                   30  0.14749999999999999       0.19280971858051912     
                   31  0.15250000000000000       0.19320035685817660     
                   32  0.15750000000000000       0.19359496717082830     
                   33  0.16250000000000001       0.19398959500765092     
                   34  0.16750000000000001       0.19438066671175450     
                   35  0.17250000000000001       0.19476501398524657     
                   36  0.17749999999999999       0.19513988393024961     
                   37  0.18250000000000000       0.19550293699155791     
                   38  0.18750000000000000       0.19585223505860866     
                   39  0.19250000000000000       0.19618622181824971     
                   40  0.19750000000000001       0.19650369724806091     
                   41  0.20250000000000001       0.19680378792049363     
                   42  0.20750000000000002       0.19708591456401495     
                   43  0.21249999999999999       0.19734975810807526     
                   44  0.21750000000000000       0.19759522523030726     
                   45  0.22250000000000000       0.19782241423085570     
                   46  0.22750000000000001       0.19803158188238196     
                   47  0.23250000000000001       0.19822311174612098     
                   48  0.23749999999999999       0.19839748430455750     
                   49  0.24249999999999999       0.19855524913938793     
                   50  0.24750000000000000       0.19869699927859344     
                   51  0.25250000000000000       0.19882334774750027     
                   52  0.25750000000000001       0.19893490628432670     
                   53  0.26250000000000001       0.19903226611944141     
                   54  0.26750000000000002       0.19911598066787700     
                   55  0.27250000000000002       0.19918654994501800     
                   56  0.27750000000000002       0.19924440648428288     
                   57  0.28250000000000003       0.19928990251157266     
                   58  0.28749999999999998       0.19932329811282895     
                   59  0.29249999999999998       0.19934475011690100     
                   60  0.29749999999999999       0.19935430140481517     
