                    1     2.5000000000000001E-003    -8.3881128343837652     
                    2     7.4999999999999997E-003    -8.1050600427476365     
                    3     1.2500000000000001E-002    -7.7250633555629173     
                    4     1.7500000000000002E-002    -7.3390388846258992     
                    5     2.2499999999999999E-002    -6.9494842526078440     
                    6     2.7500000000000000E-002    -6.5580968508078454     
                    7     3.2500000000000001E-002    -6.1657162280375006     
                    8     3.7500000000000006E-002    -5.7730870372989989     
                    9     4.2499999999999996E-002    -5.3808958986478359     
                   10     4.7500000000000001E-002    -4.9891941588832527     
                   11     5.2500000000000005E-002    -4.5986206523533948     
                   12     5.7499999999999996E-002    -4.2106431268579456     
                   13     6.2500000000000000E-002    -3.8267437462746057     
                   14     6.7500000000000004E-002    -3.4484694290653821     
                   15     7.2500000000000009E-002    -3.0778888733828125     
                   16     7.7499999999999999E-002    -2.7176923306997418     
                   17     8.2500000000000004E-002    -2.3708042211297640     
                   18     8.7499999999999994E-002    -2.0400277514267895     
                   19     9.2499999999999999E-002    -1.7282124787915651     
                   20     9.7500000000000003E-002    -1.4377317516600598     
                   21    0.10250000000000001         -1.1658437876968759     
                   22    0.10750000000000000        -0.83541287633647232     
                   23    0.11250000000000000        -0.35473558554657392     
                   24    0.11749999999999999         0.22534203777739037     
                   25    0.12250000000000000         0.81688232852790432     
                   26    0.12750000000000000          1.4013508549788449     
                   27    0.13250000000000001          1.9794221364103350     
                   28    0.13750000000000001          2.5517210251037659     
                   29    0.14250000000000002          3.1188165026735266     
                   30    0.14749999999999999          3.6812216744420008     
                   31    0.15250000000000000          4.2393971254417719     
                   32    0.15750000000000000          4.7937559202254194     
                   33    0.16250000000000001          5.3446691750286881     
                   34    0.16750000000000001          5.8924715659207632     
                   35    0.17250000000000001          6.4374664322178710     
                   36    0.17749999999999999          6.9799303254701250     
                   37    0.18250000000000000          7.5201169691049090     
                   38    0.18750000000000000          8.0582606565208401     
                   39    0.19250000000000000          8.5945791449786224     
                   40    0.19750000000000001          9.1292761125373119     
                   41    0.20250000000000001          9.6625432444920065     
                   42    0.20750000000000002          10.194562009837121     
                   43    0.21249999999999999          10.725505180434155     
                   44    0.21750000000000000          11.255538137537561     
                   45    0.22250000000000000          11.784820002960700     
                   46    0.22750000000000001          12.313504625768811     
                   47    0.23250000000000001          12.841741450021011     
                   48    0.23749999999999999          13.369676284674792     
                   49    0.24249999999999999          13.897451993191378     
                   50    0.24750000000000000          14.425209117507322     
                   51    0.25250000000000000          14.953086448745848     
                   52    0.25750000000000001          15.481221555227574     
                   53    0.26250000000000001          16.009751276919761     
                   54    0.26750000000000002          16.538812194369982     
                   55    0.27250000000000002          17.068541079352478     
                   56    0.27750000000000002          17.599075333876634     
                   57    0.28250000000000003          18.130553423840691     
                   58    0.28749999999999998          18.663115313445523     
                   59    0.29249999999999998          19.196902906506978     
                   60    0.29749999999999999          19.732060501026005     
