                    1     0.0000000000000000         -3.7868532173915068     
                    2     5.0000000000000001E-003    -3.0108978672874942     
                    3     1.0000000000000000E-002    -2.1449688626571777     
                    4     1.4999999999999999E-002    -1.3013912909642174     
                    5     2.0000000000000000E-002   -0.48638158793903113     
                    6     2.5000000000000001E-002     3.2642344261381129E-002
                    7     2.9999999999999999E-002    0.43417335599922890     
                    8     3.5000000000000003E-002    0.81691487063933721     
                    9     4.0000000000000001E-002     1.1822030830294521     
                   10     4.4999999999999998E-002     1.5302729670228277     
                   11     5.0000000000000003E-002     1.8610567521891952     
                   12     5.5000000000000000E-002     2.1744154006010095     
                   13     5.9999999999999998E-002     2.4702266008715390     
                   14     6.5000000000000002E-002     2.7484268923472506     
                   15     7.0000000000000007E-002     3.0090354426303407     
                   16     7.4999999999999997E-002     3.2521675456787293     
                   17     8.0000000000000002E-002     3.4780404851864275     
                   18     8.5000000000000006E-002     3.6869732356196376     
                   19     8.9999999999999997E-002     3.8793813636067584     
                   20     9.5000000000000001E-002     4.0557684676099717     
                   21    0.10000000000000001          4.2167153562001642     
                   22    0.10500000000000000          4.3628679478536672     
                   23    0.11000000000000000          4.4949246437122348     
                   24    0.11500000000000000          4.6136237220971639     
                   25    0.12000000000000000          4.7197311455215161     
                   26    0.12500000000000000          4.8140290556613126     
                   27    0.13000000000000000          4.8973051496396423     
                   28    0.13500000000000001          4.9703430712881262     
                   29    0.14000000000000001          5.0339139050793760     
                   30    0.14499999999999999          5.0887688224487215     
                   31    0.14999999999999999          5.1356328971656255     
                   32    0.15500000000000000          5.1752000770517972     
                   33    0.16000000000000000          5.2081292735099032     
                   34    0.16500000000000001          5.2350415083043824     
                   35    0.17000000000000001          5.2565180391655630     
                   36    0.17500000000000002          5.2730993722713242     
                   37    0.17999999999999999          5.2852850604903718     
                   38    0.18500000000000000          5.2935341812375842     
                   39    0.19000000000000000          5.2982663865210737     
                   40    0.19500000000000001          5.2998634197662886     
                   41    0.20000000000000001          5.2986709987349982     
                   42    0.20500000000000002          5.2950009774795248     
                   43    0.20999999999999999          5.2891336841499887     
                   44    0.21500000000000000          5.2813203662257191     
                   45    0.22000000000000000          5.2717856910166656     
                   46    0.22500000000000001          5.2607302343159947     
                   47    0.23000000000000001          5.2483329125684488     
                   48    0.23500000000000001          5.2347533224940310     
                   49    0.23999999999999999          5.2201339609656019     
                   50    0.24500000000000000          5.2046023059845057     
                   51    0.25000000000000000          5.1882727467412879     
                   52    0.25500000000000000          5.1712483569498264     
                   53    0.26000000000000001          5.1536225109078817     
                   54    0.26500000000000001          5.1354803461104765     
                   55    0.27000000000000002          5.1169000798041075     
                   56    0.27500000000000002          5.0979541897259484     
                   57    0.28000000000000003          5.0787104715445368     
                   58    0.28500000000000003          5.0592329873283592     
                   59    0.28999999999999998          5.0395829208202843     
                   60    0.29499999999999998          5.0198193564598110     
                   61    0.29999999999999999          5.0000000000000000     
