                    1     2.5000000000000001E-003    0.16599370590579579     
                    2     7.4999999999999997E-003    0.13507291724239279     
                    3     1.2500000000000001E-002    0.13516665235466008     
                    4     1.7500000000000002E-002    0.13464091634493658     
                    5     2.2499999999999999E-002    0.13421887622620629     
                    6     2.7500000000000000E-002    0.13358410492423911     
                    7     3.2500000000000001E-002    0.13285538709675562     
                    8     3.7500000000000006E-002    0.13191419744525854     
                    9     4.2499999999999996E-002    0.13056237305255722     
                   10     4.7500000000000001E-002    0.12863322929112550     
                   11     5.2500000000000005E-002    0.12564976687124549     
                   12     5.7499999999999996E-002    0.12033582480350070     
                   13     6.2500000000000000E-002    0.10790568057211435     
                   14     6.7500000000000004E-002     6.9403037658990446E-002
                   15     7.2500000000000009E-002     1.7308697430900688E-002
                   16     7.7499999999999999E-002     6.3807685479521346E-004
                   17     8.2500000000000004E-002     0.0000000000000000     
                   18     8.7499999999999994E-002     0.0000000000000000     
                   19     9.2499999999999999E-002     0.0000000000000000     
                   20     9.7500000000000003E-002     0.0000000000000000     
                   21    0.10250000000000001          0.0000000000000000     
                   22    0.10750000000000000          0.0000000000000000     
                   23    0.11250000000000000          0.0000000000000000     
                   24    0.11749999999999999          0.0000000000000000     
                   25    0.12250000000000000          0.0000000000000000     
                   26    0.12750000000000000          0.0000000000000000     
                   27    0.13250000000000001          0.0000000000000000     
                   28    0.13750000000000001          0.0000000000000000     
                   29    0.14250000000000002          0.0000000000000000     
                   30    0.14749999999999999          0.0000000000000000     
                   31    0.15250000000000000          0.0000000000000000     
                   32    0.15750000000000000          0.0000000000000000     
                   33    0.16250000000000001          0.0000000000000000     
                   34    0.16750000000000001          0.0000000000000000     
                   35    0.17250000000000001          0.0000000000000000     
                   36    0.17749999999999999          0.0000000000000000     
                   37    0.18250000000000000          0.0000000000000000     
                   38    0.18750000000000000          0.0000000000000000     
                   39    0.19250000000000000          0.0000000000000000     
                   40    0.19750000000000001          0.0000000000000000     
                   41    0.20250000000000001          0.0000000000000000     
                   42    0.20750000000000002          0.0000000000000000     
                   43    0.21249999999999999          0.0000000000000000     
                   44    0.21750000000000000          0.0000000000000000     
                   45    0.22250000000000000          0.0000000000000000     
                   46    0.22750000000000001          0.0000000000000000     
                   47    0.23250000000000001          0.0000000000000000     
                   48    0.23749999999999999          0.0000000000000000     
                   49    0.24249999999999999          0.0000000000000000     
                   50    0.24750000000000000          0.0000000000000000     
                   51    0.25250000000000000          0.0000000000000000     
                   52    0.25750000000000001          0.0000000000000000     
                   53    0.26250000000000001          0.0000000000000000     
                   54    0.26750000000000002          0.0000000000000000     
                   55    0.27250000000000002          0.0000000000000000     
                   56    0.27750000000000002          0.0000000000000000     
                   57    0.28250000000000003          0.0000000000000000     
                   58    0.28749999999999998          0.0000000000000000     
                   59    0.29249999999999998          0.0000000000000000     
                   60    0.29749999999999999          0.0000000000000000     
