                    1     2.5000000000000001E-003    0.18799381466350346     
                    2     7.4999999999999997E-003    0.15725993737156951     
                    3     1.2500000000000001E-002    0.15761260512341815     
                    4     1.7500000000000002E-002    0.15740127647718510     
                    5     2.2499999999999999E-002    0.15737049132916187     
                    6     2.7500000000000000E-002    0.15723251129862248     
                    7     3.2500000000000001E-002    0.15715173926829412     
                    8     3.7500000000000006E-002    0.15708338031147087     
                    9     4.2499999999999996E-002    0.15695725325408358     
                   10     4.7500000000000001E-002    0.15684827584468050     
                   11     5.2500000000000005E-002    0.15678593768544616     
                   12     5.7499999999999996E-002    0.15675438186040111     
                   13     6.2500000000000000E-002    0.15680458503424877     
                   14     6.7500000000000004E-002    0.15700157291525990     
                   15     7.2500000000000009E-002    0.15738304012500556     
                   16     7.7499999999999999E-002    0.15790491111551486     
                   17     8.2500000000000004E-002    0.15849843247157111     
                   18     8.7499999999999994E-002    0.15903254426410929     
                   19     9.2499999999999999E-002    0.15863327984767170     
                   20     9.7500000000000003E-002    0.14923636060987139     
                   21    0.10250000000000001         0.12475577308006944     
                   22    0.10750000000000000         0.10840623483977635     
                   23    0.11250000000000000         0.10784794721049160     
                   24    0.11749999999999999         0.11150275230769935     
                   25    0.12250000000000000         0.11474910094164142     
                   26    0.12750000000000000         0.11741963832886373     
                   27    0.13250000000000001         0.11965001372750636     
                   28    0.13750000000000001         0.12153422522038607     
                   29    0.14250000000000002         0.12314001694085161     
                   30    0.14749999999999999         0.12451771828067715     
                   31    0.15250000000000000         0.12570570579863755     
                   32    0.15750000000000000         0.12673392053096982     
                   33    0.16250000000000001         0.12762619545332476     
                   34    0.16750000000000001         0.12840183127225349     
                   35    0.17250000000000001         0.12907668745492798     
                   36    0.17749999999999999         0.12966395481006049     
                   37    0.18250000000000000         0.13017471474947151     
                   38    0.18750000000000000         0.13061835264702892     
                   39    0.19250000000000000         0.13100286927831201     
                   40    0.19750000000000001         0.13133511961417924     
                   41    0.20250000000000001         0.13162099886963902     
                   42    0.20750000000000002         0.13186558962379014     
                   43    0.21249999999999999         0.13207327978802214     
                   44    0.21750000000000000         0.13224785845881110     
                   45    0.22250000000000000         0.13239259479110571     
                   46    0.22750000000000001         0.13251030368507766     
                   47    0.23250000000000001         0.13260340111356253     
                   48    0.23749999999999999         0.13267395121364814     
                   49    0.24249999999999999         0.13272370674648137     
                   50    0.24750000000000000         0.13275414414217113     
                   51    0.25250000000000000         0.13276649405546298     
                   52    0.25750000000000001         0.13276176813717594     
                   53    0.26250000000000001         0.13274078255799626     
                   54    0.26750000000000002         0.13270417869191695     
                   55    0.27250000000000002         0.13265244126670411     
                   56    0.27750000000000002         0.13258591421107929     
                   57    0.28250000000000003         0.13250481436743436     
                   58    0.28749999999999998         0.13240924319076122     
                   59    0.29249999999999998         0.13229919651592401     
                   60    0.29749999999999999         0.13217457244392375     
