                    1   2.5000000000000001E-003  -5.3922042873319791     
                    2   7.4999999999999997E-003  -5.2674261530889614     
                    3   1.2500000000000001E-002  -5.1120337847071262     
                    4   1.7500000000000002E-002  -4.9524004374489579     
                    5   2.2499999999999999E-002  -4.7892204368584377     
                    6   2.7500000000000000E-002  -4.6226603944262159     
                    7   3.2500000000000001E-002  -4.4555817925629011     
                    8   3.7500000000000006E-002  -4.2885472339238095     
                    9   4.2499999999999996E-002  -4.1208026564302331     
                   10   4.7500000000000001E-002  -3.9530437807562411     
                   11   5.2500000000000005E-002  -3.7856915503019382     
                   12   5.7499999999999996E-002  -3.6185298498850500     
                   13   6.2500000000000000E-002  -3.4503392326621807     
                   14   6.7500000000000004E-002  -3.2813533539469062     
                   15   7.2500000000000009E-002  -3.1134916204066636     
                   16   7.7499999999999999E-002  -2.9468239721908618     
                   17   8.2500000000000004E-002  -2.7812036263973550     
                   18   8.7499999999999994E-002  -2.6177183029947768     
                   19   9.2499999999999999E-002  -2.4561340375873515     
                   20   9.7500000000000003E-002  -2.2954663097098327     
                   21  0.10250000000000001       -2.1356634395145337     
                   22  0.10750000000000000       -1.9770138823847214     
                   23  0.11250000000000000       -1.8192877988251936     
                   24  0.11749999999999999       -1.6616012396276851     
                   25  0.12250000000000000       -1.5040784018729361     
                   26  0.12750000000000000       -1.3468397953713720     
                   27  0.13250000000000001       -1.1880864190014830     
                   28  0.13750000000000001       -1.0226795670951381     
                   29  0.14250000000000002      -0.83951221764651551     
                   30  0.14749999999999999      -0.64418538942752090     
                   31  0.15250000000000000      -0.45359970737189226     
                   32  0.15750000000000000      -0.26885177658762893     
                   33  0.16250000000000001       -8.6431943798350730E-002
                   34  0.16750000000000001        9.4160136085433291E-002
                   35  0.17250000000000001       0.27288578748950698     
                   36  0.17749999999999999       0.44989428652789043     
                   37  0.18250000000000000       0.62531976069859607     
                   38  0.18750000000000000       0.79928260716152721     
                   39  0.19250000000000000       0.97189163605153606     
                   40  0.19750000000000001        1.1432461527089592     
                   41  0.20250000000000001        1.3134377286429837     
                   42  0.20750000000000002        1.4825516236105365     
                   43  0.21249999999999999        1.6506678986531687     
                   44  0.21750000000000000        1.8178622805947295     
                   45  0.22250000000000000        1.9842068364667003     
                   46  0.22750000000000001        2.1497705066261790     
                   47  0.23250000000000001        2.3146195343816522     
                   48  0.23749999999999999        2.4788178202190916     
                   49  0.24249999999999999        2.6424272209336088     
                   50  0.24750000000000000        2.8055078080873219     
                   51  0.25250000000000000        2.9681180959355329     
                   52  0.25750000000000001        3.1303152459410093     
                   53  0.26250000000000001        3.2921552529113134     
                   54  0.26750000000000002        3.4536931163849505     
                   55  0.27250000000000002        3.6149829999543801     
                   56  0.27750000000000002        3.7760783805911613     
                   57  0.28250000000000003        3.9370321896083329     
                   58  0.28749999999999998        4.0978969465523409     
                   59  0.29249999999999998        4.2587248869508487     
                   60  0.29749999999999999        4.4195680843026377     
