                    1   2.5000000000000001E-003  -63.531677648356968     
                    2   7.4999999999999997E-003  -63.529714145500193     
                    3   1.2500000000000001E-002  -63.527361217039854     
                    4   1.7500000000000002E-002  -63.524541213397058     
                    5   2.2499999999999999E-002  -63.521245217342944     
                    6   2.7500000000000000E-002  -63.517454714179081     
                    7   3.2500000000000001E-002  -63.513141504637147     
                    8   3.7500000000000006E-002  -63.508293245588135     
                    9   4.2499999999999996E-002  -63.502905982054131     
                   10   4.7500000000000001E-002  -63.496950632154736     
                   11   5.2500000000000005E-002  -63.490417953035838     
                   12   5.7499999999999996E-002  -63.483280888241374     
                   13   6.2500000000000000E-002  -63.475533511631639     
                   14   6.7500000000000004E-002  -63.467138619422059     
                   15   7.2500000000000009E-002  -63.458047726513129     
                   16   7.7499999999999999E-002  -63.448226914167094     
                   17   8.2500000000000004E-002  -63.437640245124484     
                   18   8.7499999999999994E-002  -63.426223588292146     
                   19   9.2499999999999999E-002  -63.413928230767127     
                   20   9.7500000000000003E-002  -63.400696381914031     
                   21  0.10250000000000001       -63.386440381031676     
                   22  0.10750000000000000       -63.371054065901816     
                   23  0.11250000000000000       -63.354409028620225     
                   24  0.11749999999999999       -63.336351373074947     
                   25  0.12250000000000000       -63.316668746158868     
                   26  0.12750000000000000       -63.295090927282523     
                   27  0.13250000000000001       -63.271271656810228     
                   28  0.13750000000000001       -63.244729604914625     
                   29  0.14250000000000002       -63.214791952742615     
                   30  0.14749999999999999       -63.180498023865511     
                   31  0.15250000000000000       -63.140450445111952     
                   32  0.15750000000000000       -63.092525636362780     
                   33  0.16250000000000001       -63.033281085726379     
                   34  0.16750000000000001       -62.956861478601553     
                   35  0.17250000000000001       -62.852621189991368     
                   36  0.17749999999999999       -62.699449695474883     
                   37  0.18250000000000000       -62.437285878744163     
                   38  0.18750000000000000       -61.437460732719416     
                   39  0.19250000000000000       -60.069047751999939     
                   40  0.19750000000000001       -59.524414237565310     
                   41  0.20250000000000001       -59.432047716210533     
                   42  0.20750000000000002       -59.398088216550121     
                   43  0.21249999999999999       -59.365052358167517     
                   44  0.21750000000000000       -59.333438538287460     
                   45  0.22250000000000000       -59.303360463263502     
                   46  0.22750000000000001       -59.274910232615674     
                   47  0.23250000000000001       -59.248160511484301     
                   48  0.23749999999999999       -59.223167806102609     
                   49  0.24249999999999999       -59.199976008231687     
                   50  0.24750000000000000       -59.178619629476955     
                   51  0.25250000000000000       -59.159126427489895     
                   52  0.25750000000000001       -59.141519352272439     
                   53  0.26250000000000001       -59.125817882689915     
                   54  0.26750000000000002       -59.112038887005319     
                   55  0.27250000000000002       -59.100197149605535     
                   56  0.27750000000000002       -59.090305684074110     
                   57  0.28250000000000003       -59.082375920049955     
                   58  0.28749999999999998       -59.076417819929205     
                   59  0.29249999999999998       -59.072439956994145     
                   60  0.29749999999999999       -59.070449570022049     
