   0.0000000000000000                         2
   1.0000000000000000                         2
   1.9540000000000002                         2
   2.8641160000000001                         2
   3.8288389600000006                         2
   4.8514452976000007                         2
   5.9354080154560007                         2
   7.0844084963833609                         2
   8.3023490061663630                         2
   9.5933659465363448                         2
   10.961843903328527                         2
   12.412430537528239                         2
   13.950052369779934                         2
   15.579931511966731                         2
   17.307603402684734                         2
   19.138935606845820                         2
   21.080147743256571                         2
   23.137832607851966                         2
   25.318978564323086                         2
   27.630993278182473                         2
   30.081728874873424                         2
   32.679508607365833                         2
   35.433155123807786                         2
   38.352020431236255                         2
   41.446017657110431                         2
   44.725654716537058                         2
   48.202069999529286                         2
   51.887070199501046                         2
   55.793170411471110                         2
   59.933636636159378                         2
   64.322530834328944                         2
   68.974758684388689                         4
   73.906120205452012                         2
   78.837481726515335                         2
   84.064724938842460                         3
   89.605602743909216                         3
   95.146480548975973                         3
   100.68735835404273                         3
   106.22823615910949                         2
   111.76911396417624                         2
   117.64244443754700                         2
   123.86817473932000                         2
   130.46744885919938                         2
   137.46267942627154                         2
   144.87762382736801                         2
   152.73746489253028                         2
   161.06889642160229                         2
   169.90021384241862                         3
   179.26141030848393                         3
   188.62260677454924                         2
   197.98380324061455                         4
   207.90667149464377                         3
   217.82953974867300                         2
   227.75240800270223                         2
   238.27064835197319                         3
   249.41998312220042                         3
   260.56931789242765                         3
   271.71865266265490                         3
   282.86798743288216                         3
   294.01732220310942                         3
   305.16665697333667                         3
   316.31599174356393                         3
   327.46532651379118                         3
   338.61466128401844                         3
   349.76399605424569                         3
   360.91333082447295                         2
   372.06266559470021                         2
   383.88096045114105                         4
   396.40835299896838                         3
   408.93574554679572                         3
   421.46313809462305                         2
   433.99053064245038                         4
   447.26956674314732                         2
   460.54860284384426                         2
   474.62438111058304                         2
   489.54470607332615                         2
   505.36025053383383                         2
   522.12472766197197                         3
   539.89507341779847                         3
   557.66541917362497                         3
   575.43576492945147                         3
   593.20611068527796                         2
   610.97645644110446                         2
   629.81302294228044                         3
   649.77978343352709                         3
   669.74654392477373                         3
   689.71330441602038                         2
   709.68006490726702                         4
   730.84483102798845                         3
   752.00959714870987                         2
   773.17436326943130                         3
   795.60901535739595                         2
   818.04366744536060                         3
   841.82439865860317                         3
   865.60512987184575                         2
   889.38586108508832                         2
   914.59343617112540                         3
   941.31346576232477                         2
   968.03349535352413                         2
   996.35672672019541                         2
   1026.3793519688670                         3
   1058.2033347324589                         2
   1090.0273174960507                         3
   1123.7607392254581                         2
   1157.4941609548655                         2
   1193.2515879880373                         2
   1231.1544606431994                         2
   1271.3315056576712                         2
   1313.9191733730113                         3
   1359.0621011512719                         3
   1404.2050289295325                         3
   1449.3479567077932                         3
   1494.4908844860538                         2
   1539.6338122643144                         3
   1587.4853157092707                         4
   1635.3368191542270                         3
   1683.1883225991833                         3
   1731.0398260441395                         4
   1778.8913294890958                         3
   1826.7428329340521                         2
   1857.3677951388240                         3
   1889.8302550758824                         2
   1922.2927150129408                         2
   1956.7029225462227                         2
   1993.1777425315015                         2
   2031.8410517158970                         2
   2072.8241594513561                         3
   2116.2662536509429                         3
   2159.7083478505297                         3
   2203.1504420501165                         2
   2230.9533823378520                         3
   2260.4244990428515                         2
   2289.8956157478510                         2
   2321.1349994551506                         2
   2354.2487461848882                         3
   2389.3493177184100                         3
   2424.4498892519318                         3
   2459.5504607854537                         2
   2494.6510323189755                         2
   2531.8576381445087                         2
   2571.2966403195737                         3
   2613.1019826251427                         3
   2654.9073249307116                         2
   2696.7126672362806                         2
   2741.0263300801839                         3
   2787.9988126947214                         2
   2834.9712953092589                         2
   2884.7621268806688                         3
   2937.5404083463632                         2
   2990.3186898120575                         3
   3046.2636681656936                         3
   3102.2086465193297                         3
   3158.1536248729658                         3
   3214.0986032266019                         2
   3270.0435815802380                         3
   3329.3452586350923                         3
   3388.6469356899465                         3
   3447.9486127448008                         3
   3507.2502897996551                         2
   3566.5519668545094                         3
   3629.4117445326547                         3
   3692.2715222108000                         2
   3755.1312998889453                         4
   3821.7626642277792                         3
   3888.3940285666131                         2
   3955.0253929054470                         2
   4025.6546391046113                         3
   4100.5216400757254                         3
   4175.3886410468394                         3
   4250.2556420179535                         3
   4325.1226429890676                         3
   4399.9896439601816                         3
   4474.8566449312957                         3
   4549.7236459024098                         3
   4624.5906468735238                         2
   4699.4576478446379                         3
   4778.8166688740184                         2
   4858.1756899033990                         3
   4942.2962521945428                         3
   5026.4168144856867                         2
   5110.5373767768306                         3
   5199.7051728054430                         3
   5288.8729688340554                         3
   5378.0407648626679                         3
   5467.2085608912803                         3
   5556.3763569198927                         3
   5645.5441529485051                         3
   5734.7119489771176                         3
   5823.8797450057300                         3
   5913.0475410343424                         3
   6002.2153370629549                         3
   6091.3831330915673                         2
   6180.5509291201797                         2
   6256.1652201524430                         3
   6336.3163686466423                         2
   6416.4675171408417                         3
   6501.4277345446926                         3
   6586.3879519485436                         3
   6671.3481693523945                         3
   6756.3083867562455                         2
   6841.2686041600964                         3
   6931.3264346081787                         3
   7021.3842650562610                         3
   7111.4420955043433                         2
   7183.4883598628094                         3
   7259.8574000827830                         3
   7336.2264403027566                         3
   7412.5954805227302                         2
   7488.9645207427038                         2
   7569.9157033758756                         2
   7655.7239569670382                         3
   7746.6807057736705                         2
   7837.6374545803028                         3
   7934.0516083153325                         3
   8030.4657620503622                         3
   8126.8799157853919                         3
   8223.2940695204215                         2
   8319.7082232554512                         3
   8421.9072262145837                         3
   8524.1062291737162                         3
   8626.3052321328487                         2
   8708.0644345001547                         3
   8794.7291890094984                         3
   8881.3939435188422                         2
   8968.0586980281860                         2
   9059.9233378080899                         3
   9157.2998559747884                         2
   9254.6763741414870                         3
   9357.8954833981879                         3
   9461.1145926548888                         3
   9564.3337019115897                         3
   9667.5528111682906                         3
   9770.7719204249915                         2
   9873.9910296816925                         2
   9983.4032854937959                         3
   10099.380276654625                         3
   10215.357267815454                         3
   10331.334258976283                         3
   10447.311250137112                         3
   10563.288241297942                         3
   10679.265232458771                         2
   10795.242223619600                         2
   10918.177834250078                         3
   11048.489581518386                         3
   11178.801328786694                         3
   11309.113076055002                         3
   11439.424823323310                         3
   11569.736570591618                         3
   11700.048317859926                         3
   11830.360065128234                         3
   11960.671812396542                         3
   12090.983559664850                         3
   12221.295306933158                         3
   12351.607054201466                         2
   12481.918801469774                         3
   12620.049253574180                         2
   12758.179705678585                         3
   12904.597984909255                         3
   13051.016264139924                         3
   13197.434543370593                         3
   13343.852822601262                         3
   13490.271101831931                         3
   13636.689381062601                         3
   13783.107660293270                         3
   13929.525939523939                         3
   14075.944218754608                         3
   14222.362497985278                         3
   14368.780777215947                         2
   14515.199056446616                         3
   14670.402432431127                         3
   14825.605808415638                         3
   14980.809184400148                         3
   15136.012560384659                         3
   15291.215936369170                         3
   15446.419312353681                         3
   15601.622688338191                         3
   15756.826064322702                         3
   15912.029440307213                         3
   16067.232816291724                         3
   16222.436192276235                         3
   16377.639568260745                         2
   16532.842944245254                         2
   16697.358522788836                         3
   16871.745036045031                         3
   17046.131549301226                         3
   17220.518062557421                         3
   17394.904575813616                         3
   17569.291089069811                         3
   17743.677602326006                         3
   17918.064115582201                         3
   18092.450628838396                         3
   18266.837142094591                         3
   18441.223655350786                         3
   18615.610168606981                         3
   18789.996681863176                         2
   18964.383195119372                         3
   19149.232899170940                         3
   19334.082603222509                         3
   19518.932307274077                         3
   19703.782011325646                         3
   19888.631715377214                         3
   20073.481419428783                         3
   20258.331123480351                         3
   20443.180827531920                         3
   20628.030531583488                         3
   20812.880235635057                         3
   20997.729939686626                         2
   21182.579643738194                         3
   21378.520330032854                         2
   21535.272879068583                         3
   21701.430581046458                         3
   21867.588283024332                         3
   22033.745985002206                         3
   22199.903686980080                         3
   22366.061388957954                         3
   22532.219090935829                         3
   22698.376792913703                         2
   22864.534494891577                         3
   23040.661658988123                         3
   23216.788823084669                         2
   23392.915987181215                         2
   23579.610781123552                         2
   23777.507262702431                         3
   23977.507262702431                         3
   24177.507262702431                         3
   24377.507262702431                         3
   24577.507262702431                         3
   24777.507262702431                         3
   24977.507262702431                         3
   25177.507262702431                         3
   25377.507262702431                         3
   25577.507262702431                         3
   25777.507262702431                         3
   25977.507262702431                         2
   26177.507262702431                         2
   26377.507262702431                         3
   26577.507262702431                         3
   26777.507262702431                         3
   26977.507262702431                         3
   27177.507262702431                         3
   27377.507262702431                         3
   27577.507262702431                         3
   27777.507262702431                         3
   27977.507262702431                         3
   28177.507262702431                         3
   28377.507262702431                         3
   28577.507262702431                         3
   28777.507262702431                         2
   28977.507262702431                         3
   29177.507262702431                         3
   29377.507262702431                         3
   29577.507262702431                         3
   29777.507262702431                         3
   29977.507262702431                         2
   30177.507262702431                         2
   30377.507262702431                         3
   30577.507262702431                         3
   30777.507262702431                         2
   30937.507262702431                         3
   31107.107262702430                         2
   31276.707262702428                         2
   31456.483262702430                         2
   31647.045822702428                         3
   31847.045822702428                         2
   32047.045822702428                         2
   32247.045822702428                         3
   32447.045822702428                         3
   32647.045822702428                         3
   32847.045822702428                         2
   33047.045822702428                         2
   33247.045822702428                         2
   33447.045822702428                         2
   33647.045822702428                         2
   33847.045822702428                         3
   34047.045822702428                         3
   34247.045822702428                         3
   34447.045822702428                         2
   34647.045822702428                         2
   34847.045822702428                         3
   35047.045822702428                         2
   35247.045822702428                         2
   35447.045822702428                         2
   35647.045822702428                         3
   35847.045822702428                         3
   36047.045822702428                         3
   36247.045822702428                         2
   36447.045822702428                         2
   36647.045822702428                         2
   36847.045822702428                         2
   37047.045822702428                         2
   37247.045822702428                         3
   37447.045822702428                         3
   37647.045822702428                         2
   37847.045822702428                         2
   38047.045822702428                         2
   38247.045822702428                         3
   38447.045822702428                         2
   38647.045822702428                         2
   38847.045822702428                         2
   39047.045822702428                         3
   39247.045822702428                         3
   39447.045822702428                         3
   39647.045822702428                         3
   39847.045822702428                         2
   40047.045822702428                         2
   40247.045822702428                         2
   40447.045822702428                         2
   40647.045822702428                         2
   40847.045822702428                         3
   41047.045822702428                         3
   41247.045822702428                         2
   41447.045822702428                         2
   41647.045822702428                         2
   41847.045822702428                         2
   42047.045822702428                         3
   42247.045822702428                         2
   42447.045822702428                         2
   42647.045822702428                         2
   42847.045822702428                         2
   43047.045822702428                         2
   43247.045822702428                         3
   43447.045822702428                         3
   43647.045822702428                         2
   43847.045822702428                         2
   44047.045822702428                         2
   44247.045822702428                         2
   44447.045822702428                         2
   44647.045822702428                         3
   44847.045822702428                         2
   45047.045822702428                         3
   45247.045822702428                         2
   45447.045822702428                         2
   45647.045822702428                         2
   45847.045822702428                         2
   46047.045822702428                         3
   46247.045822702428                         2
   46447.045822702428                         2
   46647.045822702428                         2
   46847.045822702428                         2
   47047.045822702428                         2
   47247.045822702428                         3
   47447.045822702428                         3
   47647.045822702428                         2
   47847.045822702428                         2
   48047.045822702428                         2
   48247.045822702428                         2
   48447.045822702428                         2
   48647.045822702428                         2
   48847.045822702428                         2
   49047.045822702428                         2
   49247.045822702428                         3
   49447.045822702428                         2
   49647.045822702428                         2
   49847.045822702428                         2
   50047.045822702428                         2
   50247.045822702428                         3
   50447.045822702428                         2
   50647.045822702428                         2
   50847.045822702428                         2
   51047.045822702428                         2
   51247.045822702428                         2
   51447.045822702428                         2
   51647.045822702428                         2
   51847.045822702428                         2
   52007.045822702428                         3
   52176.645822702427                         2
   52346.245822702425                         2
   52526.021822702423                         2
   52716.584382702422                         2
   52916.584382702422                         2
   53116.584382702422                         2
   53316.584382702422                         2
   53516.584382702422                         2
   53716.584382702422                         2
   53876.584382702422                         3
   54046.184382702420                         2
   54215.784382702419                         2
   54395.560382702417                         2
   54586.122942702415                         2
   54786.122942702415                         2
   54986.122942702415                         3
   55186.122942702415                         2
   55386.122942702415                         2
   55586.122942702415                         2
   55786.122942702415                         2
   55986.122942702415                         2
   56186.122942702415                         2
   56386.122942702415                         2
   56586.122942702415                         2
   56786.122942702415                         3
   56986.122942702415                         2
   57186.122942702415                         2
   57386.122942702415                         2
   57586.122942702415                         2
   57786.122942702415                         2
   57986.122942702415                         2
   58186.122942702415                         2
   58386.122942702415                         2
   58586.122942702415                         2
   58786.122942702415                         3
   58986.122942702415                         2
   59186.122942702415                         2
   59386.122942702415                         2
   59586.122942702415                         2
   59786.122942702415                         2
   59986.122942702415                         3
   60186.122942702415                         2
   60386.122942702415                         2
   60586.122942702415                         2
   60786.122942702415                         2
   60986.122942702415                         2
   61186.122942702415                         2
   61386.122942702415                         2
   61586.122942702415                         2
   61786.122942702415                         3
   61986.122942702415                         2
   62186.122942702415                         2
   62386.122942702415                         2
   62586.122942702415                         2
   62786.122942702415                         2
   62986.122942702415                         2
   63186.122942702415                         2
   63386.122942702415                         2
   63586.122942702415                         2
   63786.122942702415                         2
   63986.122942702415                         3
   64186.122942702415                         2
   64386.122942702415                         2
   64586.122942702415                         2
   64786.122942702415                         2
   64986.122942702415                         2
   65186.122942702415                         2
   65386.122942702415                         3
   65586.122942702408                         2
   65786.122942702408                         2
   65986.122942702408                         2
   66186.122942702408                         2
   66386.122942702408                         2
   66586.122942702408                         2
   66786.122942702408                         2
   66986.122942702408                         2
   67186.122942702408                         2
   67386.122942702408                         3
   67586.122942702408                         2
   67786.122942702408                         2
   67986.122942702408                         2
   68186.122942702408                         2
   68386.122942702408                         2
   68586.122942702408                         2
   68786.122942702408                         2
   68986.122942702408                         2
   69186.122942702408                         2
   69386.122942702408                         2
   69586.122942702408                         2
   69786.122942702408                         3
   69986.122942702408                         2
   70186.122942702408                         2
   70386.122942702408                         2
   70586.122942702408                         2
   70786.122942702408                         2
   70986.122942702408                         2
   71186.122942702408                         3
   71386.122942702408                         2
   71586.122942702408                         2
   71786.122942702408                         2
   71986.122942702408                         2
   72186.122942702408                         2
   72386.122942702408                         2
   72586.122942702408                         2
   72786.122942702408                         2
   72986.122942702408                         2
   73186.122942702408                         2
   73386.122942702408                         2
   73586.122942702408                         3
   73786.122942702408                         2
   73986.122942702408                         2
   74186.122942702408                         2
   74386.122942702408                         2
   74586.122942702408                         2
   74786.122942702408                         2
   74986.122942702408                         2
   75186.122942702408                         2
   75386.122942702408                         2
   75586.122942702408                         2
   75786.122942702408                         2
   75986.122942702408                         2
   76186.122942702408                         3
   76386.122942702408                         2
   76586.122942702408                         2
   76786.122942702408                         2
   76986.122942702408                         2
   77186.122942702408                         2
   77386.122942702408                         2
   77586.122942702408                         2
   77746.122942702408                         3
   77915.722942702414                         2
   78085.322942702420                         2
   78265.098942702418                         2
   78455.661502702424                         2
   78655.661502702424                         2
   78855.661502702424                         2
   79055.661502702424                         2
   79255.661502702424                         2
   79455.661502702424                         2
   79655.661502702424                         2
   79855.661502702424                         2
   80055.661502702424                         2
   80255.661502702424                         3
   80455.661502702424                         2
   80655.661502702424                         2
   80855.661502702424                         2
   81055.661502702424                         2
   81255.661502702424                         2
   81455.661502702424                         2
   81655.661502702424                         2
   81855.661502702424                         2
   82055.661502702424                         2
   82255.661502702424                         2
   82455.661502702424                         2
   82655.661502702424                         2
   82855.661502702424                         2
   83055.661502702424                         3
   83255.661502702424                         2
   83455.661502702424                         2
   83655.661502702424                         2
   83855.661502702424                         2
   84055.661502702424                         2
   84255.661502702424                         2
   84455.661502702424                         2
   84655.661502702424                         2
   84815.661502702424                         3
   84985.261502702429                         2
   85154.861502702435                         2
   85334.637502702433                         2
   85525.200062702439                         2
   85725.200062702439                         2
   85925.200062702439                         2
   86125.200062702439                         2
   86325.200062702439                         2
   86525.200062702439                         2
   86725.200062702439                         2
   86925.200062702439                         2
   87125.200062702439                         2
   87325.200062702439                         2
   87525.200062702439                         3
   87725.200062702439                         2
   87925.200062702439                         2
   88125.200062702439                         2
   88325.200062702439                         2
   88525.200062702439                         2
   88725.200062702439                         2
   88925.200062702439                         2
   89125.200062702439                         2
   89325.200062702439                         2
   89525.200062702439                         2
   89725.200062702439                         2
   89925.200062702439                         2
   90125.200062702439                         2
   90325.200062702439                         2
   90525.200062702439                         2
   90725.200062702439                         3
   90925.200062702439                         2
   91125.200062702439                         2
   91325.200062702439                         2
   91525.200062702439                         2
   91725.200062702439                         2
   91925.200062702439                         2
   92125.200062702439                         2
   92325.200062702439                         2
   92525.200062702439                         3
   92725.200062702439                         2
   92925.200062702439                         2
   93125.200062702439                         2
   93325.200062702439                         2
   93525.200062702439                         2
   93725.200062702439                         2
   93925.200062702439                         2
   94125.200062702439                         2
   94325.200062702439                         2
   94525.200062702439                         2
   94725.200062702439                         2
   94925.200062702439                         2
   95125.200062702439                         2
   95325.200062702439                         2
   95525.200062702439                         2
   95725.200062702439                         3
   95925.200062702439                         2
   96125.200062702439                         2
   96325.200062702439                         2
   96525.200062702439                         2
   96725.200062702439                         2
   96925.200062702439                         2
   97125.200062702439                         2
   97325.200062702439                         2
   97525.200062702439                         2
   97725.200062702439                         2
   97925.200062702439                         2
   98125.200062702439                         2
   98325.200062702439                         2
   98525.200062702439                         2
   98725.200062702439                         2
   98925.200062702439                         2
   99125.200062702439                         3
   99325.200062702439                         2
   99525.200062702439                         2
   99725.200062702439                         2
   99925.200062702439                         2
   100125.20006270244                         2
   100325.20006270244                         2
   100525.20006270244                         2
   100725.20006270244                         2
   100925.20006270244                         2
   101125.20006270244                         2
   101325.20006270244                         3
   101525.20006270244                         2
   101725.20006270244                         2
   101925.20006270244                         2
   102125.20006270244                         2
   102325.20006270244                         2
   102525.20006270244                         2
   102725.20006270244                         2
   102925.20006270244                         2
   103125.20006270244                         2
   103325.20006270244                         2
   103525.20006270244                         2
   103725.20006270244                         2
   103925.20006270244                         2
   104125.20006270244                         2
   104325.20006270244                         2
   104525.20006270244                         2
   104725.20006270244                         3
   104925.20006270244                         2
   105125.20006270244                         2
   105325.20006270244                         2
   105525.20006270244                         2
   105725.20006270244                         2
   105925.20006270244                         2
   106125.20006270244                         2
   106325.20006270244                         2
   106525.20006270244                         2
   106725.20006270244                         2
   106925.20006270244                         2
   107125.20006270244                         2
   107325.20006270244                         2
   107525.20006270244                         2
   107725.20006270244                         2
   107925.20006270244                         2
   108125.20006270244                         2
   108325.20006270244                         2
   108525.20006270244                         2
   108725.20006270244                         2
   108925.20006270244                         2
   109125.20006270244                         2
   109325.20006270244                         2
   109525.20006270244                         2
   109725.20006270244                         2
   109925.20006270244                         2
   110125.20006270244                         2
   110325.20006270244                         2
   110525.20006270244                         2
   110725.20006270244                         2
   110925.20006270244                         2
   111125.20006270244                         3
   111325.20006270244                         2
   111525.20006270244                         2
   111725.20006270244                         2
   111925.20006270244                         2
   112125.20006270244                         2
   112325.20006270244                         2
   112525.20006270244                         2
   112725.20006270244                         2
   112925.20006270244                         2
   113125.20006270244                         2
   113325.20006270244                         2
   113525.20006270244                         2
   113725.20006270244                         2
   113925.20006270244                         2
   114125.20006270244                         2
   114325.20006270244                         2
   114525.20006270244                         2
   114725.20006270244                         2
   114925.20006270244                         2
   115125.20006270244                         3
   115325.20006270244                         2
   115525.20006270244                         2
   115725.20006270244                         2
   115925.20006270244                         2
   116125.20006270244                         2
   116325.20006270244                         2
   116525.20006270244                         2
   116725.20006270244                         2
   116925.20006270244                         2
   117125.20006270244                         2
   117325.20006270244                         2
   117525.20006270244                         2
   117725.20006270244                         2
   117925.20006270244                         2
   118125.20006270244                         2
   118325.20006270244                         2
   118525.20006270244                         2
   118725.20006270244                         2
   118925.20006270244                         2
   119125.20006270244                         2
   119325.20006270244                         2
   119525.20006270244                         2
   119725.20006270244                         2
   119925.20006270244                         2
   120125.20006270244                         2
   120325.20006270244                         2
   120525.20006270244                         2
   120725.20006270244                         2
   120925.20006270244                         2
   121125.20006270244                         2
   121325.20006270244                         2
   121525.20006270244                         2
   121725.20006270244                         2
   121925.20006270244                         2
   122125.20006270244                         2
   122325.20006270244                         2
   122525.20006270244                         3
   122725.20006270244                         2
   122925.20006270244                         2
   123125.20006270244                         2
   123325.20006270244                         2
   123525.20006270244                         2
   123725.20006270244                         2
   123925.20006270244                         2
   124125.20006270244                         2
   124325.20006270244                         2
   124525.20006270244                         2
   124725.20006270244                         2
   124925.20006270244                         2
   125125.20006270244                         2
   125325.20006270244                         2
   125525.20006270244                         2
   125725.20006270244                         2
   125925.20006270244                         2
   126125.20006270244                         2
   126325.20006270244                         2
   126525.20006270244                         2
   126725.20006270244                         2
   126925.20006270244                         2
   127125.20006270244                         3
   127325.20006270244                         2
   127525.20006270244                         2
   127725.20006270244                         2
   127925.20006270244                         2
   128125.20006270244                         2
   128325.20006270244                         2
   128525.20006270244                         2
   128725.20006270244                         2
   128925.20006270244                         2
   129125.20006270244                         2
   129325.20006270244                         2
   129525.20006270244                         2
   129725.20006270244                         2
   129925.20006270244                         2
   130125.20006270244                         2
   130325.20006270244                         2
   130525.20006270244                         2
   130725.20006270244                         2
   130925.20006270244                         2
   131125.20006270244                         2
   131325.20006270244                         2
   131525.20006270244                         2
   131725.20006270244                         2
   131925.20006270244                         2
   132125.20006270244                         2
   132325.20006270244                         2
   132525.20006270244                         2
   132725.20006270244                         2
   132925.20006270244                         2
   133125.20006270244                         2
   133325.20006270244                         2
   133525.20006270244                         2
   133725.20006270244                         2
   133925.20006270244                         2
   134125.20006270244                         2
   134325.20006270244                         2
   134525.20006270244                         2
   134725.20006270244                         2
   134925.20006270244                         2
   135125.20006270244                         2
   135325.20006270244                         2
   135525.20006270244                         2
   135725.20006270244                         2
   135925.20006270244                         3
   136125.20006270244                         2
   136325.20006270244                         2
   136525.20006270244                         2
   136725.20006270244                         2
   136925.20006270244                         2
   137125.20006270244                         2
   137325.20006270244                         2
   137525.20006270244                         2
   137725.20006270244                         2
   137925.20006270244                         2
   138125.20006270244                         2
   138325.20006270244                         2
   138525.20006270244                         2
   138725.20006270244                         2
   138925.20006270244                         2
   139125.20006270244                         2
   139325.20006270244                         2
   139525.20006270244                         2
   139725.20006270244                         2
   139925.20006270244                         2
   140125.20006270244                         2
   140325.20006270244                         2
   140525.20006270244                         2
   140725.20006270244                         2
   140925.20006270244                         2
   141125.20006270244                         2
   141325.20006270244                         2
   141525.20006270244                         3
   141725.20006270244                         2
   141925.20006270244                         2
   142125.20006270244                         2
   142325.20006270244                         2
   142525.20006270244                         2
   142725.20006270244                         2
   142925.20006270244                         2
   143125.20006270244                         2
   143325.20006270244                         2
   143525.20006270244                         2
   143725.20006270244                         2
   143925.20006270244                         2
   144125.20006270244                         2
   144325.20006270244                         2
   144525.20006270244                         2
   144725.20006270244                         2
   144925.20006270244                         2
   145125.20006270244                         2
   145325.20006270244                         2
   145525.20006270244                         2
   145725.20006270244                         2
   145925.20006270244                         2
   146125.20006270244                         2
   146325.20006270244                         2
   146525.20006270244                         2
   146725.20006270244                         2
   146925.20006270244                         2
   147125.20006270244                         2
   147325.20006270244                         2
   147525.20006270244                         2
   147725.20006270244                         2
   147925.20006270244                         2
   148125.20006270244                         2
   148325.20006270244                         2
   148525.20006270244                         2
   148725.20006270244                         2
   148925.20006270244                         2
   149125.20006270244                         2
   149325.20006270244                         2
   149525.20006270244                         2
   149725.20006270244                         2
   149925.20006270244                         2
   150125.20006270244                         2
   150325.20006270244                         2
   150525.20006270244                         2
   150725.20006270244                         2
   150925.20006270244                         2
   151125.20006270244                         1
   151325.20006270244                         1
   151525.20006270244                         1
   151725.20006270244                         1
   151925.20006270244                         1
   152125.20006270244                         1
   152325.20006270244                         2
   152525.20006270244                         2
   152725.20006270244                         2
   152925.20006270244                         2
   153125.20006270244                         2
   153325.20006270244                         2
   153525.20006270244                         2
   153725.20006270244                         2
   153925.20006270244                         2
   154125.20006270244                         2
   154325.20006270244                         2
   154525.20006270244                         2
   154725.20006270244                         2
   154925.20006270244                         2
   155125.20006270244                         2
   155325.20006270244                         2
   155525.20006270244                         2
   155725.20006270244                         2
   155925.20006270244                         2
   156125.20006270244                         2
   156325.20006270244                         2
   156525.20006270244                         2
   156725.20006270244                         2
   156925.20006270244                         2
   157125.20006270244                         2
   157325.20006270244                         1
   157525.20006270244                         1
   157725.20006270244                         1
   157925.20006270244                         2
   158125.20006270244                         2
   158325.20006270244                         2
   158525.20006270244                         2
   158725.20006270244                         2
   158925.20006270244                         2
   159125.20006270244                         3
   159325.20006270244                         2
   159525.20006270244                         2
   159725.20006270244                         2
   159925.20006270244                         2
   160125.20006270244                         2
   160325.20006270244                         2
   160525.20006270244                         2
   160725.20006270244                         2
   160925.20006270244                         2
   161125.20006270244                         2
   161325.20006270244                         2
   161525.20006270244                         2
   161725.20006270244                         2
   161925.20006270244                         2
   162125.20006270244                         2
   162325.20006270244                         2
   162525.20006270244                         2
   162725.20006270244                         2
   162925.20006270244                         2
   163125.20006270244                         2
   163325.20006270244                         2
   163525.20006270244                         2
   163725.20006270244                         2
   163925.20006270244                         2
   164125.20006270244                         2
   164325.20006270244                         2
   164525.20006270244                         2
   164725.20006270244                         1
   164925.20006270244                         1
   165125.20006270244                         1
   165325.20006270244                         1
   165525.20006270244                         1
   165725.20006270244                         1
   165925.20006270244                         1
   166125.20006270244                         1
   166325.20006270244                         1
   166525.20006270244                         1
   166725.20006270244                         2
   166925.20006270244                         2
   167125.20006270244                         2
   167325.20006270244                         1
   167525.20006270244                         1
   167725.20006270244                         1
   167925.20006270244                         1
   168125.20006270244                         1
   168325.20006270244                         1
   168525.20006270244                         1
   168725.20006270244                         1
   168925.20006270244                         1
   169125.20006270244                         1
   169325.20006270244                         1
   169525.20006270244                         1
   169725.20006270244                         1
   169925.20006270244                         1
   170125.20006270244                         1
   170325.20006270244                         1
   170525.20006270244                         1
   170725.20006270244                         1
   170925.20006270244                         1
   171125.20006270244                         1
   171325.20006270244                         1
   171525.20006270244                         1
   171725.20006270244                         1
   171925.20006270244                         1
   172125.20006270244                         1
   172325.20006270244                         1
   172525.20006270244                         1
   172725.20006270244                         1
   172925.20006270244                         1
   173125.20006270244                         2
   173325.20006270244                         2
   173525.20006270244                         2
   173725.20006270244                         2
   173925.20006270244                         2
   174125.20006270244                         2
   174325.20006270244                         2
   174525.20006270244                         2
   174725.20006270244                         2
   174925.20006270244                         1
   175125.20006270244                         1
   175325.20006270244                         1
   175525.20006270244                         1
   175725.20006270244                         1
   175925.20006270244                         1
   176125.20006270244                         1
   176325.20006270244                         1
   176525.20006270244                         1
   176725.20006270244                         1
   176925.20006270244                         1
   177125.20006270244                         1
   177325.20006270244                         1
   177525.20006270244                         1
   177725.20006270244                         1
   177925.20006270244                         1
   178125.20006270244                         1
   178325.20006270244                         1
   178525.20006270244                         1
   178725.20006270244                         1
   178925.20006270244                         1
   179125.20006270244                         1
   179325.20006270244                         1
   179525.20006270244                         1
   179725.20006270244                         1
   179925.20006270244                         1
   180125.20006270244                         1
   180325.20006270244                         1
   180525.20006270244                         1
   180725.20006270244                         1
   180925.20006270244                         1
   181125.20006270244                         1
   181325.20006270244                         1
   181525.20006270244                         1
   181725.20006270244                         1
   181925.20006270244                         1
   182125.20006270244                         2
   182325.20006270244                         2
   182525.20006270244                         2
   182725.20006270244                         2
   182925.20006270244                         2
   183125.20006270244                         2
   183325.20006270244                         2
   183525.20006270244                         2
   183725.20006270244                         2
   183925.20006270244                         2
   184125.20006270244                         2
   184325.20006270244                         2
   184525.20006270244                         2
   184725.20006270244                         2
   184925.20006270244                         2
   185125.20006270244                         2
   185325.20006270244                         2
   185525.20006270244                         2
   185725.20006270244                         2
   185925.20006270244                         2
   186125.20006270244                         2
   186325.20006270244                         2
   186525.20006270244                         1
   186725.20006270244                         1
   186925.20006270244                         1
   187125.20006270244                         1
   187325.20006270244                         1
   187525.20006270244                         1
   187725.20006270244                         1
   187925.20006270244                         1
   188125.20006270244                         1
   188325.20006270244                         1
   188525.20006270244                         1
   188725.20006270244                         1
   188925.20006270244                         1
   189125.20006270244                         1
   189325.20006270244                         1
   189525.20006270244                         1
   189725.20006270244                         1
   189925.20006270244                         1
   190125.20006270244                         1
   190325.20006270244                         1
   190525.20006270244                         1
   190725.20006270244                         1
   190925.20006270244                         1
   191125.20006270244                         1
   191325.20006270244                         1
   191525.20006270244                         1
   191725.20006270244                         1
   191925.20006270244                         1
   192125.20006270244                         1
   192325.20006270244                         1
   192525.20006270244                         1
   192725.20006270244                         1
   192925.20006270244                         1
   193125.20006270244                         1
   193325.20006270244                         1
   193525.20006270244                         1
   193725.20006270244                         1
   193925.20006270244                         1
   194125.20006270244                         1
   194325.20006270244                         1
   194525.20006270244                         1
   194725.20006270244                         1
   194925.20006270244                         1
   195125.20006270244                         1
   195325.20006270244                         1
   195525.20006270244                         1
   195725.20006270244                         1
   195925.20006270244                         1
   196125.20006270244                         1
   196325.20006270244                         1
   196525.20006270244                         1
   196725.20006270244                         1
   196925.20006270244                         1
   197125.20006270244                         1
   197325.20006270244                         1
   197525.20006270244                         1
   197725.20006270244                         1
   197925.20006270244                         1
   198125.20006270244                         1
   198325.20006270244                         1
   198525.20006270244                         1
   198725.20006270244                         1
   198925.20006270244                         1
   199125.20006270244                         1
   199325.20006270244                         1
   199525.20006270244                         1
   199725.20006270244                         1
   199925.20006270244                         1
   200125.20006270244                         1
   200325.20006270244                         1
   200525.20006270244                         1
   200725.20006270244                         1
   200925.20006270244                         1
   201125.20006270244                         1
   201325.20006270244                         2
   201525.20006270244                         2
   201725.20006270244                         2
   201925.20006270244                         2
   202125.20006270244                         2
   202325.20006270244                         1
   202525.20006270244                         1
   202725.20006270244                         1
   202925.20006270244                         1
   203125.20006270244                         1
   203325.20006270244                         1
   203525.20006270244                         1
   203725.20006270244                         1
   203925.20006270244                         1
   204125.20006270244                         1
   204325.20006270244                         1
   204525.20006270244                         1
   204725.20006270244                         1
   204925.20006270244                         1
   205125.20006270244                         1
   205325.20006270244                         1
   205525.20006270244                         1
   205725.20006270244                         1
   205925.20006270244                         1
   206125.20006270244                         1
   206325.20006270244                         1
   206525.20006270244                         1
   206725.20006270244                         1
   206925.20006270244                         1
   207125.20006270244                         1
   207325.20006270244                         1
   207525.20006270244                         1
   207725.20006270244                         1
   207925.20006270244                         1
   208125.20006270244                         1
   208325.20006270244                         1
   208525.20006270244                         1
   208725.20006270244                         1
   208925.20006270244                         1
   209125.20006270244                         1
   209325.20006270244                         1
   209525.20006270244                         1
   209725.20006270244                         1
   209925.20006270244                         1
   210125.20006270244                         1
   210325.20006270244                         1
   210525.20006270244                         1
   210725.20006270244                         1
   210925.20006270244                         1
   211125.20006270244                         1
   211325.20006270244                         1
   211525.20006270244                         1
   211725.20006270244                         1
   211925.20006270244                         1
   212125.20006270244                         1
   212325.20006270244                         1
   212525.20006270244                         1
   212725.20006270244                         1
   212925.20006270244                         1
   213125.20006270244                         1
   213325.20006270244                         1
   213525.20006270244                         1
   213725.20006270244                         1
   213925.20006270244                         1
   214125.20006270244                         1
   214325.20006270244                         1
   214525.20006270244                         1
   214725.20006270244                         2
   214925.20006270244                         2
   215125.20006270244                         2
   215325.20006270244                         2
   215525.20006270244                         2
   215725.20006270244                         2
   215925.20006270244                         2
   216125.20006270244                         2
   216325.20006270244                         2
   216525.20006270244                         2
   216725.20006270244                         2
   216925.20006270244                         2
   217125.20006270244                         2
   217325.20006270244                         1
   217525.20006270244                         1
   217725.20006270244                         1
   217925.20006270244                         1
   218125.20006270244                         1
   218325.20006270244                         1
   218525.20006270244                         1
   218725.20006270244                         1
   218925.20006270244                         1
   219125.20006270244                         1
   219325.20006270244                         2
   219525.20006270244                         1
   219725.20006270244                         1
   219925.20006270244                         1
   220125.20006270244                         1
   220325.20006270244                         1
   220525.20006270244                         1
   220725.20006270244                         1
   220925.20006270244                         1
   221125.20006270244                         1
   221325.20006270244                         1
   221525.20006270244                         1
   221725.20006270244                         1
   221925.20006270244                         1
   222125.20006270244                         1
   222325.20006270244                         1
   222525.20006270244                         1
   222725.20006270244                         1
   222925.20006270244                         1
   223125.20006270244                         1
   223325.20006270244                         1
   223525.20006270244                         1
   223725.20006270244                         1
   223925.20006270244                         1
   224125.20006270244                         1
   224325.20006270244                         1
   224525.20006270244                         1
   224725.20006270244                         1
   224925.20006270244                         1
   225125.20006270244                         1
   225325.20006270244                         1
   225525.20006270244                         1
   225725.20006270244                         1
   225925.20006270244                         1
   226125.20006270244                         1
   226325.20006270244                         1
   226525.20006270244                         1
   226725.20006270244                         1
   226925.20006270244                         1
   227125.20006270244                         1
   227325.20006270244                         1
   227525.20006270244                         1
   227725.20006270244                         1
   227925.20006270244                         1
   228125.20006270244                         1
   228325.20006270244                         1
   228525.20006270244                         1
   228725.20006270244                         1
   228925.20006270244                         1
   229125.20006270244                         1
   229325.20006270244                         1
   229525.20006270244                         1
   229725.20006270244                         1
   229925.20006270244                         1
   230125.20006270244                         1
   230325.20006270244                         1
   230525.20006270244                         1
   230725.20006270244                         1
   230925.20006270244                         1
   231125.20006270244                         1
   231325.20006270244                         1
   231525.20006270244                         1
   231725.20006270244                         1
   231925.20006270244                         1
   232125.20006270244                         1
   232325.20006270244                         1
   232525.20006270244                         1
   232725.20006270244                         1
   232925.20006270244                         1
   233125.20006270244                         1
   233325.20006270244                         1
   233525.20006270244                         1
   233725.20006270244                         1
   233925.20006270244                         1
   234125.20006270244                         1
   234325.20006270244                         1
   234525.20006270244                         1
   234725.20006270244                         1
   234925.20006270244                         1
   235125.20006270244                         1
   235325.20006270244                         1
   235525.20006270244                         1
   235725.20006270244                         1
   235925.20006270244                         1
   236125.20006270244                         1
   236325.20006270244                         1
   236525.20006270244                         1
   236725.20006270244                         1
   236925.20006270244                         1
   237125.20006270244                         1
   237325.20006270244                         1
   237525.20006270244                         1
   237725.20006270244                         1
   237925.20006270244                         1
   238125.20006270244                         1
   238325.20006270244                         1
   238525.20006270244                         1
   238725.20006270244                         1
   238925.20006270244                         1
   239125.20006270244                         1
   239325.20006270244                         1
   239525.20006270244                         1
   239725.20006270244                         1
   239925.20006270244                         1
   240125.20006270244                         1
   240325.20006270244                         1
   240525.20006270244                         1
   240725.20006270244                         1
   240925.20006270244                         1
   241125.20006270244                         1
   241325.20006270244                         1
   241525.20006270244                         1
   241725.20006270244                         1
   241925.20006270244                         1
   242125.20006270244                         1
   242325.20006270244                         1
   242525.20006270244                         1
   242725.20006270244                         1
   242925.20006270244                         1
   243125.20006270244                         1
   243325.20006270244                         1
   243525.20006270244                         1
   243725.20006270244                         1
   243925.20006270244                         1
   244125.20006270244                         1
   244325.20006270244                         1
   244525.20006270244                         1
   244725.20006270244                         1
   244925.20006270244                         1
   245125.20006270244                         2
   245325.20006270244                         2
   245525.20006270244                         2
   245725.20006270244                         2
   245925.20006270244                         1
   246125.20006270244                         1
   246325.20006270244                         1
   246525.20006270244                         1
   246725.20006270244                         1
   246925.20006270244                         1
   247125.20006270244                         1
   247325.20006270244                         1
   247525.20006270244                         1
   247725.20006270244                         1
   247925.20006270244                         1
   248125.20006270244                         1
   248325.20006270244                         1
   248525.20006270244                         1
   248725.20006270244                         1
   248925.20006270244                         1
   249125.20006270244                         1
   249325.20006270244                         1
   249525.20006270244                         1
   249725.20006270244                         1
   249925.20006270244                         1
   250125.20006270244                         1
   250325.20006270244                         1
   250525.20006270244                         1
   250725.20006270244                         1
   250925.20006270244                         1
   251125.20006270244                         1
   251325.20006270244                         1
   251525.20006270244                         1
   251725.20006270244                         1
   251925.20006270244                         1
   252125.20006270244                         1
   252325.20006270244                         1
   252525.20006270244                         1
   252725.20006270244                         1
   252925.20006270244                         1
   253125.20006270244                         1
   253325.20006270244                         1
   253525.20006270244                         1
   253725.20006270244                         1
   253925.20006270244                         1
   254125.20006270244                         1
   254325.20006270244                         1
   254525.20006270244                         1
   254725.20006270244                         1
   254925.20006270244                         1
   255125.20006270244                         1
   255325.20006270244                         1
   255525.20006270244                         1
   255725.20006270244                         1
   255925.20006270244                         1
   256125.20006270244                         1
   256325.20006270244                         1
   256525.20006270244                         1
   256725.20006270244                         1
   256925.20006270244                         1
   257125.20006270244                         1
   257325.20006270244                         1
   257525.20006270244                         1
   257725.20006270244                         1
   257925.20006270244                         1
   258125.20006270244                         1
   258325.20006270244                         1
   258525.20006270244                         1
   258725.20006270244                         1
   258925.20006270244                         1
   259125.20006270244                         1
