                    1   2.5000000000000001E-003   2.4365270504451145E-002
                    2   7.4999999999999997E-003   2.5947993137863733E-002
                    3   1.2500000000000001E-002   3.0023131415607463E-002
                    4   1.7500000000000002E-002   5.0041781114801974E-002
                    5   2.2499999999999999E-002  0.13262760522945530     
                    6   2.7500000000000000E-002  0.15810687271065271     
                    7   3.2500000000000001E-002  0.16512797309986396     
                    8   3.7500000000000006E-002  0.17117883081617818     
                    9   4.2499999999999996E-002  0.17587268969259801     
                   10   4.7500000000000001E-002  0.17962154630378258     
                   11   5.2500000000000005E-002  0.18268181104094761     
                   12   5.7499999999999996E-002  0.18521739901051090     
                   13   6.2500000000000000E-002  0.18733957497583692     
                   14   6.7500000000000004E-002  0.18912839141758325     
                   15   7.2500000000000009E-002  0.19064412977428197     
                   16   7.7499999999999999E-002  0.19193368690694096     
                   17   8.2500000000000004E-002  0.19303438575123966     
                   18   8.7499999999999994E-002  0.19397641235874108     
                   19   9.2499999999999999E-002  0.19478447126297649     
                   20   9.7500000000000003E-002  0.19547896403118131     
                   21  0.10250000000000001       0.19607685835717473     
                   22  0.10750000000000000       0.19659234623652205     
                   23  0.11250000000000000       0.19703735306528755     
                   24  0.11749999999999999       0.19742193845225731     
                   25  0.12250000000000000       0.19775461660583155     
                   26  0.12750000000000000       0.19804261578229440     
                   27  0.13250000000000001       0.19829209066306885     
                   28  0.13750000000000001       0.19850829768154682     
                   29  0.14250000000000002       0.19869574065912987     
                   30  0.14749999999999999       0.19885829225944673     
                   31  0.15250000000000000       0.19899929547615933     
                   32  0.15750000000000000       0.19912164845828684     
                   33  0.16250000000000001       0.19922787532564379     
                   34  0.16750000000000001       0.19932018515121996     
                   35  0.17250000000000001       0.19940052092921651     
                   36  0.17749999999999999       0.19947060006808612     
                   37  0.18250000000000000       0.19953194772180849     
                   38  0.18750000000000000       0.19958592408358983     
                   39  0.19250000000000000       0.19963374660432465     
                   40  0.19750000000000001       0.19967650795774461     
                   41  0.20250000000000001       0.19971519045198394     
                   42  0.20750000000000002       0.19975067748153669     
                   43  0.21249999999999999       0.19978376252315289     
                   44  0.21750000000000000       0.19981515610319051     
                   45  0.22250000000000000       0.19984549110122385     
                   46  0.22750000000000001       0.19987532670398975     
                   47  0.23250000000000001       0.19990515128331149     
                   48  0.23749999999999999       0.19993538442670725     
                   49  0.24249999999999999       0.19996637836077899     
                   50  0.24750000000000000       0.19999841898976189     
                   51  0.25250000000000000       0.20003172663150903     
                   52  0.25750000000000001       0.20006645660089761     
                   53  0.26250000000000001       0.20010269985144197     
                   54  0.26750000000000002       0.20014048375785318     
                   55  0.27250000000000002       0.20017977308867216     
                   56  0.27750000000000002       0.20022047120205380     
                   57  0.28250000000000003       0.20026242145635725     
                   58  0.28749999999999998       0.20030540878176931     
                   59  0.29249999999999998       0.20034916131062036     
                   60  0.29749999999999999       0.20039335191013813     
