                    1   2.5000000000000001E-003  0.31675925159345897     
                    2   7.4999999999999997E-003  0.24536318868475948     
                    3   1.2500000000000001E-002  0.23842321636362757     
                    4   1.7500000000000002E-002  0.23553962939449472     
                    5   2.2499999999999999E-002  0.23026254214490877     
                    6   2.7500000000000000E-002  0.22779300929565643     
                    7   3.2500000000000001E-002  0.22879408561519959     
                    8   3.7500000000000006E-002  0.22749949534673153     
                    9   4.2499999999999996E-002  0.22681278622158801     
                   10   4.7500000000000001E-002  0.22699410444039092     
                   11   5.2500000000000005E-002  0.22717059361003061     
                   12   5.7499999999999996E-002  0.22682094737065861     
                   13   6.2500000000000000E-002  0.22427131032321859     
                   14   6.7500000000000004E-002  0.22435764178764389     
                   15   7.2500000000000009E-002  0.22592332803952681     
                   16   7.7499999999999999E-002  0.22607815325853992     
                   17   8.2500000000000004E-002  0.22723063599835674     
                   18   8.7499999999999994E-002  0.22971086747272146     
                   19   9.2499999999999999E-002  0.23022302637932107     
                   20   9.7500000000000003E-002  0.23031959092638338     
                   21  0.10250000000000001       0.23048298243491733     
                   22  0.10750000000000000       0.23093614628217632     
                   23  0.11250000000000000       0.23013932283785787     
                   24  0.11749999999999999       0.22790317870664040     
                   25  0.12250000000000000       0.22642271698067715     
                   26  0.12750000000000000       0.22283556011466821     
                   27  0.13250000000000001       0.21394798871004739     
                   28  0.13750000000000001       0.18994242179798662     
                   29  0.14250000000000002       0.11738906355526381     
                   30  0.14749999999999999        5.3434845838157510E-002
                   31  0.15250000000000000        8.2034048422757501E-003
                   32  0.15750000000000000        8.8940987034709243E-004
                   33  0.16250000000000001        0.0000000000000000     
                   34  0.16750000000000001        0.0000000000000000     
                   35  0.17250000000000001        0.0000000000000000     
                   36  0.17749999999999999        0.0000000000000000     
                   37  0.18250000000000000        0.0000000000000000     
                   38  0.18750000000000000        0.0000000000000000     
                   39  0.19250000000000000        0.0000000000000000     
                   40  0.19750000000000001        0.0000000000000000     
                   41  0.20250000000000001        0.0000000000000000     
                   42  0.20750000000000002        0.0000000000000000     
                   43  0.21249999999999999        0.0000000000000000     
                   44  0.21750000000000000        0.0000000000000000     
                   45  0.22250000000000000        0.0000000000000000     
                   46  0.22750000000000001        0.0000000000000000     
                   47  0.23250000000000001        0.0000000000000000     
                   48  0.23749999999999999        0.0000000000000000     
                   49  0.24249999999999999        0.0000000000000000     
                   50  0.24750000000000000        0.0000000000000000     
                   51  0.25250000000000000        0.0000000000000000     
                   52  0.25750000000000001        0.0000000000000000     
                   53  0.26250000000000001        0.0000000000000000     
                   54  0.26750000000000002        0.0000000000000000     
                   55  0.27250000000000002        0.0000000000000000     
                   56  0.27750000000000002        0.0000000000000000     
                   57  0.28250000000000003        0.0000000000000000     
                   58  0.28749999999999998        0.0000000000000000     
                   59  0.29249999999999998        0.0000000000000000     
                   60  0.29749999999999999        0.0000000000000000     
