                    1   2.5000000000000001E-003   2.2176593954668040E-002
                    2   7.4999999999999997E-003   2.2281670654054231E-002
                    3   1.2500000000000001E-002   2.2425151743110727E-002
                    4   1.7500000000000002E-002   2.2589876342503083E-002
                    5   2.2499999999999999E-002   2.2779744361838220E-002
                    6   2.7500000000000000E-002   2.3000252645779817E-002
                    7   3.2500000000000001E-002   2.3254255120147515E-002
                    8   3.7500000000000006E-002   2.3548614922353106E-002
                    9   4.2499999999999996E-002   2.3894805723144525E-002
                   10   4.7500000000000001E-002   2.4305149097131624E-002
                   11   5.2500000000000005E-002   2.4796858686265712E-002
                   12   5.7499999999999996E-002   2.5396102737316212E-002
                   13   6.2500000000000000E-002   2.6146374770807782E-002
                   14   6.7500000000000004E-002   2.7107156535479390E-002
                   15   7.2500000000000009E-002   2.8358972245220344E-002
                   16   7.7499999999999999E-002   3.0047077318186989E-002
                   17   8.2500000000000004E-002   3.2429900496378998E-002
                   18   8.7499999999999994E-002   3.5977919194056351E-002
                   19   9.2499999999999999E-002   4.1746696379481821E-002
                   20   9.7500000000000003E-002   5.2622225510248234E-002
                   21  0.10250000000000001        7.7339441333749120E-002
                   22  0.10750000000000000        9.6408305882226514E-002
                   23  0.11250000000000000       0.13877947743442204     
                   24  0.11749999999999999       0.14318126680095369     
                   25  0.12250000000000000       0.14657484613339966     
                   26  0.12750000000000000       0.14966101142691540     
                   27  0.13250000000000001       0.15245219827215101     
                   28  0.13750000000000001       0.15497983601452020     
                   29  0.14250000000000002       0.15727567983016841     
                   30  0.14749999999999999       0.15936814595070756     
                   31  0.15250000000000000       0.16128141924345329     
                   32  0.15750000000000000       0.16303568086011624     
                   33  0.16250000000000001       0.16464769587502431     
                   34  0.16750000000000001       0.16613143985803569     
                   35  0.17250000000000001       0.16749864816048621     
                   36  0.17749999999999999       0.16875926080971679     
                   37  0.18250000000000000       0.16992177041733247     
                   38  0.18750000000000000       0.17099349073691816     
                   39  0.19250000000000000       0.17198076390890865     
                   40  0.19750000000000001       0.17288912153834535     
                   41  0.20250000000000001       0.17372341129706120     
                   42  0.20750000000000002       0.17448789771338671     
                   43  0.21249999999999999       0.17518634345050588     
                   44  0.21750000000000000       0.17582207563490221     
                   45  0.22250000000000000       0.17639804055185490     
                   46  0.22750000000000001       0.17691684914592762     
                   47  0.23250000000000001       0.17738081514440751     
                   48  0.23749999999999999       0.17779198718138964     
                   49  0.24249999999999999       0.17815217598353558     
                   50  0.24750000000000000       0.17846297744689324     
                   51  0.25250000000000000       0.17872579226144991     
                   52  0.25750000000000001       0.17894184260874049     
                   53  0.26250000000000001       0.17911218635601087     
                   54  0.26750000000000002       0.17923772909007829     
                   55  0.27250000000000002       0.17931923426959029     
                   56  0.27750000000000002       0.17935733172196427     
                   57  0.28250000000000003       0.17935252466815388     
                   58  0.28749999999999998       0.17930519542262707     
                   59  0.29249999999999998       0.17921560988635718     
                   60  0.29749999999999999       0.17908392092676578     
