                    1   2.5000000000000001E-003  -3.4093130471833524E-014
                    2   7.4999999999999997E-003  -8.3811252216109783E-014
                    3   1.2500000000000001E-002  -1.3224361006632775E-013
                    4   1.7500000000000002E-002  -2.0954059753481313E-013
                    5   2.2499999999999999E-002  -3.5475567260343469E-013
                    6   2.7500000000000000E-002  -6.2921483760710441E-013
                    7   3.2500000000000001E-002  -1.1597032594655369E-012
                    8   3.7500000000000006E-002  -2.3219672920251203E-012
                    9   4.2499999999999996E-002  -5.1819885147151579E-012
                   10   4.7500000000000001E-002  -1.3020252144920629E-011
                   11   5.2500000000000005E-002  -3.9827639858882756E-011
                   12   5.7499999999999996E-002  -1.6247416053472716E-010
                   13   6.2500000000000000E-002  -1.1793426310388376E-009
                   14   6.7500000000000004E-002  -3.0977582185212780E-008
                   15   7.2500000000000009E-002  -3.1112701551649743E-007
                   16   7.7499999999999999E-002  -3.6494536785994694E-007
                   17   8.2500000000000004E-002  -1.6981840881241785E-007
                   18   8.7499999999999994E-002  -9.6582121755133578E-008
                   19   9.2499999999999999E-002  -9.2824170756103701E-008
                   20   9.7500000000000003E-002  -8.9065595632393870E-008
                   21  0.10250000000000001       -8.5392930355102284E-008
                   22  0.10750000000000000       -8.1856063857198883E-008
                   23  0.11250000000000000       -7.8472348783565981E-008
                   24  0.11749999999999999       -7.5240228611098442E-008
                   25  0.12250000000000000       -7.2149647132967852E-008
                   26  0.12750000000000000       -6.9188012390740720E-008
                   27  0.13250000000000001       -6.6343035098081858E-008
                   28  0.13750000000000001       -6.3603795089394364E-008
                   29  0.14250000000000002       -6.0960938532691158E-008
                   30  0.14749999999999999       -5.8406513826730787E-008
                   31  0.15250000000000000       -5.5933700190192659E-008
                   32  0.15750000000000000       -5.3536540882172073E-008
                   33  0.16250000000000001       -5.1209720968502498E-008
                   34  0.16750000000000001       -4.8948396553429057E-008
                   35  0.17250000000000001       -4.6748069396034696E-008
                   36  0.17749999999999999       -4.4604497252074977E-008
                   37  0.18250000000000000       -4.2513630662571777E-008
                   38  0.18750000000000000       -4.0471568621080014E-008
                   39  0.19250000000000000       -3.8474527434461281E-008
                   40  0.19750000000000001       -3.6518818712657913E-008
                   41  0.20250000000000001       -3.4600833672611562E-008
                   42  0.20750000000000002       -3.2717031847893077E-008
                   43  0.21249999999999999       -3.0863932925219034E-008
                   44  0.21750000000000000       -2.9038110854141198E-008
                   45  0.22250000000000000       -2.7236189656621189E-008
                   46  0.22750000000000001       -2.5454840544547603E-008
                   47  0.23250000000000001       -2.3690780069489825E-008
                   48  0.23749999999999999       -2.1940769102478467E-008
                   49  0.24249999999999999       -2.0201612488388017E-008
                   50  0.24750000000000000       -1.8470159249356676E-008
                   51  0.25250000000000000       -1.6743303231358176E-008
                   52  0.25750000000000001       -1.5017984101663817E-008
                   53  0.26250000000000001       -1.3291188614492377E-008
                   54  0.26750000000000002       -1.1559952069559745E-008
                   55  0.27250000000000002       -9.8213598936942414E-009
                   56  0.27750000000000002       -8.0725492792626292E-009
                   57  0.28250000000000003       -6.3107108148350193E-009
                   58  0.28749999999999998       -4.5330900421986112E-009
                   59  0.29249999999999998       -2.7369888694819858E-009
                   60  0.29749999999999999       -9.1976676332953748E-010
