                    1   2.5000000000000001E-003  -17.567881012253459     
                    2   7.4999999999999997E-003  -17.567881012253459     
                    3   1.2500000000000001E-002  -17.567881012253459     
                    4   1.7500000000000002E-002  -17.567881012253459     
                    5   2.2499999999999999E-002  -17.567881012253459     
                    6   2.7500000000000000E-002  -17.567881012253459     
                    7   3.2500000000000001E-002  -17.567881012253459     
                    8   3.7500000000000006E-002  -17.567881012253459     
                    9   4.2499999999999996E-002  -17.567881012253459     
                   10   4.7500000000000001E-002  -17.567881012253459     
                   11   5.2500000000000005E-002  -17.567881012253459     
                   12   5.7499999999999996E-002  -17.567881012253459     
                   13   6.2500000000000000E-002  -17.567881012253459     
                   14   6.7500000000000004E-002  -17.567881012253459     
                   15   7.2500000000000009E-002  -17.567881012253459     
                   16   7.7499999999999999E-002  -17.567881012253459     
                   17   8.2500000000000004E-002  -17.567881012253459     
                   18   8.7499999999999994E-002  -17.567881012253459     
                   19   9.2499999999999999E-002  -17.567881012253459     
                   20   9.7500000000000003E-002  -17.567881012253459     
                   21  0.10250000000000001       -17.567881012253459     
                   22  0.10750000000000000       -17.567881012253459     
                   23  0.11250000000000000       -17.567881012253459     
                   24  0.11749999999999999       -17.567881012253459     
                   25  0.12250000000000000       -17.567881012253459     
                   26  0.12750000000000000       -17.567881012253459     
                   27  0.13250000000000001       -17.567881012253459     
                   28  0.13750000000000001       -17.567881012253459     
                   29  0.14250000000000002       -17.567881012253459     
                   30  0.14749999999999999       -17.567881012253459     
                   31  0.15250000000000000       -17.567881012253459     
                   32  0.15750000000000000       -17.567881012253459     
                   33  0.16250000000000001       -17.567881012253459     
                   34  0.16750000000000001       -17.567881012253459     
                   35  0.17250000000000001       -17.567881012253459     
                   36  0.17749999999999999       -17.567881012253459     
                   37  0.18250000000000000       -17.567881012253459     
                   38  0.18750000000000000       -17.567881012253459     
                   39  0.19250000000000000       -17.567881012253459     
                   40  0.19750000000000001       -17.567881012253459     
                   41  0.20250000000000001       -17.567881012253459     
                   42  0.20750000000000002       -17.567881012253459     
                   43  0.21249999999999999       -17.567881012253459     
                   44  0.21750000000000000       -17.567881012253459     
                   45  0.22250000000000000       -17.567881012253459     
                   46  0.22750000000000001       -17.567881012253459     
                   47  0.23250000000000001       -17.567881012253459     
                   48  0.23749999999999999       -17.567881012253459     
                   49  0.24249999999999999       -17.567881012253459     
                   50  0.24750000000000000       -17.567881012253459     
                   51  0.25250000000000000       -17.567881012253459     
                   52  0.25750000000000001       -17.567881012253459     
                   53  0.26250000000000001       -17.567881012253459     
                   54  0.26750000000000002       -17.567881012253459     
                   55  0.27250000000000002       -17.567881012253459     
                   56  0.27750000000000002       -17.567881012253459     
                   57  0.28250000000000003       -17.567881012253459     
                   58  0.28749999999999998       -17.567881012253459     
                   59  0.29249999999999998       -17.567881012253459     
                   60  0.29749999999999999       -17.567881012253459     
