                    1   2.5000000000000001E-003  0.36990978944600394     
                    2   7.4999999999999997E-003  0.29158169025395908     
                    3   1.2500000000000001E-002  0.28406011261414460     
                    4   1.7500000000000002E-002  0.28100340704595406     
                    5   2.2499999999999999E-002  0.27532948781724709     
                    6   2.7500000000000000E-002  0.27275204586393975     
                    7   3.2500000000000001E-002  0.27399908855465704     
                    8   3.7500000000000006E-002  0.27273907338634462     
                    9   4.2499999999999996E-002  0.27216399167017147     
                   10   4.7500000000000001E-002  0.27256162849425020     
                   11   5.2500000000000005E-002  0.27297607463166640     
                   12   5.7499999999999996E-002  0.27283887456917977     
                   13   6.2500000000000000E-002  0.27031851193548995     
                   14   6.7500000000000004E-002  0.27073343637028213     
                   15   7.2500000000000009E-002  0.27281777044359706     
                   16   7.7499999999999999E-002  0.27340615752850655     
                   17   8.2500000000000004E-002  0.27515703404521741     
                   18   8.7499999999999994E-002  0.27844542710567455     
                   19   9.2499999999999999E-002  0.27967180460024799     
                   20   9.7500000000000003E-002  0.28057434475949172     
                   21  0.10250000000000001       0.28172523634178687     
                   22  0.10750000000000000       0.28342815142543876     
                   23  0.11250000000000000       0.28408457682758009     
                   24  0.11749999999999999       0.28364413001027444     
                   25  0.12250000000000000       0.28477081183365383     
                   26  0.12750000000000000       0.28477934302816055     
                   27  0.13250000000000001       0.28116997598584259     
                   28  0.13750000000000001       0.26574636829936210     
                   29  0.14250000000000002       0.20879357331155149     
                   30  0.14749999999999999       0.15549257417462620     
                   31  0.15250000000000000       0.13530140796547077     
                   32  0.15750000000000000       0.13052997926303223     
                   33  0.16250000000000001       0.13184667244316411     
                   34  0.16750000000000001       0.13420672406456124     
                   35  0.17250000000000001       0.13633049582801560     
                   36  0.17749999999999999       0.13824572898080811     
                   37  0.18250000000000000       0.13997741669806785     
                   38  0.18750000000000000       0.14154685491147867     
                   39  0.19250000000000000       0.14297174842909463     
                   40  0.19750000000000001       0.14426668934667847     
                   41  0.20250000000000001       0.14544370942112056     
                   42  0.20750000000000002       0.14651278555066397     
                   43  0.21249999999999999       0.14748225987835634     
                   44  0.21750000000000000       0.14835917232666809     
                   45  0.22250000000000000       0.14914951724160830     
                   46  0.22750000000000001       0.14985843924154713     
                   47  0.23250000000000001       0.15049038237292872     
                   48  0.23749999999999999       0.15104920420515761     
                   49  0.24249999999999999       0.15153826386551678     
                   50  0.24750000000000000       0.15196049072906181     
                   51  0.25250000000000000       0.15231843866744349     
                   52  0.25750000000000001       0.15261432939623995     
                   53  0.26250000000000001       0.15285008746224488     
                   54  0.26750000000000002       0.15302736869425324     
                   55  0.27250000000000002       0.15314758342895451     
                   56  0.27750000000000002       0.15321191545931936     
                   57  0.28250000000000003       0.15322133739302107     
                   58  0.28749999999999998       0.15317662292196677     
                   59  0.29249999999999998       0.15307835636977468     
                   60  0.29749999999999999       0.15292693978916935     
