                    1   2.5000000000000001E-003  -168.63437782772132     
                    2   7.4999999999999997E-003  -168.58386609299893     
                    3   1.2500000000000001E-002  -168.51846632227995     
                    4   1.7500000000000002E-002  -168.43750015004903     
                    5   2.2499999999999999E-002  -168.34044892211679     
                    6   2.7500000000000000E-002  -168.22661136336251     
                    7   3.2500000000000001E-002  -168.09514636862716     
                    8   3.7500000000000006E-002  -167.94500020965899     
                    9   4.2499999999999996E-002  -167.77462904662917     
                   10   4.7500000000000001E-002  -167.58199053634860     
                   11   5.2500000000000005E-002  -167.36417488906247     
                   12   5.7499999999999996E-002  -167.11696092554843     
                   13   6.2500000000000000E-002  -166.83409081132612     
                   14   6.7500000000000004E-002  -166.50585232025932     
                   15   7.2500000000000009E-002  -166.11643517097184     
                   16   7.7499999999999999E-002  -165.63786751047695     
                   17   8.2500000000000004E-002  -165.01521343046920     
                   18   8.7499999999999994E-002  -164.12197317283938     
                   19   9.2499999999999999E-002  -162.58769208378280     
                   20   9.7500000000000003E-002  -156.47026524482345     
                   21  0.10250000000000001       -100.07134109139669     
                   22  0.10750000000000000       -84.111121508742855     
                   23  0.11250000000000000       -85.207098236390394     
                   24  0.11749999999999999       -84.963729733822902     
                   25  0.12250000000000000       -84.737300398954645     
                   26  0.12750000000000000       -84.522719474859073     
                   27  0.13250000000000001       -84.317537395606877     
                   28  0.13750000000000001       -84.120245659033358     
                   29  0.14250000000000002       -83.929695815072932     
                   30  0.14749999999999999       -83.745037432851376     
                   31  0.15250000000000000       -83.565728759955675     
                   32  0.15750000000000000       -83.391509474221408     
                   33  0.16250000000000001       -83.222341719899305     
                   34  0.16750000000000001       -83.058341688164859     
                   35  0.17250000000000001       -82.899716417888655     
                   36  0.17749999999999999       -82.746712398516237     
                   37  0.18250000000000000       -82.599577594991146     
                   38  0.18750000000000000       -82.458535983311720     
                   39  0.19250000000000000       -82.323772588084580     
                   40  0.19750000000000001       -82.195426697527083     
                   41  0.20250000000000001       -82.073591022483043     
                   42  0.20750000000000002       -81.958314852277738     
                   43  0.21249999999999999       -81.849609620598784     
                   44  0.21750000000000000       -81.747455660197502     
                   45  0.22250000000000000       -81.651809258860567     
                   46  0.22750000000000001       -81.562609413261001     
                   47  0.23250000000000001       -81.479783906471880     
                   48  0.23749999999999999       -81.403254511017963     
                   49  0.24249999999999999       -81.332941248000978     
                   50  0.24750000000000000       -81.268765721718850     
                   51  0.25250000000000000       -81.210653606137114     
                   52  0.25750000000000001       -81.158536391960965     
                   53  0.26250000000000001       -81.112352517454198     
                   54  0.26750000000000002       -81.072048007714372     
                   55  0.27250000000000002       -81.037576740208578     
                   56  0.27750000000000002       -81.008900442097314     
                   57  0.28250000000000003       -80.985988509761398     
                   58  0.28749999999999998       -80.968817724997933     
                   59  0.29249999999999998       -80.957371927551179     
                   60  0.29749999999999999       -80.951641692472037     
