                    1   2.5000000000000001E-003  -351.20480303665414     
                    2   7.4999999999999997E-003  -345.53924689470227     
                    3   1.2500000000000001E-002  -334.69850428228085     
                    4   1.7500000000000002E-002  -283.13204599762992     
                    5   2.2499999999999999E-002  -144.06360938073891     
                    6   2.7500000000000000E-002  -115.84636994904511     
                    7   3.2500000000000001E-002  -111.73685791532725     
                    8   3.7500000000000006E-002  -107.38945100019721     
                    9   4.2499999999999996E-002  -102.83593141299798     
                   10   4.7500000000000001E-002  -98.108892383179921     
                   11   5.2500000000000005E-002  -93.244241528731123     
                   12   5.7499999999999996E-002  -88.279545395631430     
                   13   6.2500000000000000E-002  -83.252732146503689     
                   14   6.7500000000000004E-002  -78.201276534141229     
                   15   7.2500000000000009E-002  -73.161556156217614     
                   16   7.7499999999999999E-002  -68.168233179898337     
                   17   8.2500000000000004E-002  -63.253658046234236     
                   18   8.7499999999999994E-002  -58.447342097456442     
                   19   9.2499999999999999E-002  -53.775541619228967     
                   20   9.7500000000000003E-002  -49.260973517924441     
                   21  0.10250000000000001       -44.922662326591542     
                   22  0.10750000000000000       -40.775905615252483     
                   23  0.11250000000000000       -36.832339610230349     
                   24  0.11749999999999999       -33.100086235320703     
                   25  0.12250000000000000       -29.583964372186038     
                   26  0.12750000000000000       -26.285750284517633     
                   27  0.13250000000000001       -23.204474095794893     
                   28  0.13750000000000001       -20.336740750572563     
                   29  0.14250000000000002       -17.677065097468095     
                   30  0.14749999999999999       -15.218211763995935     
                   31  0.15250000000000000       -12.951531485104356     
                   32  0.15750000000000000       -10.867286579658177     
                   33  0.16250000000000001       -8.9549593680981641     
                   34  0.16750000000000001       -7.2035384771375623     
                   35  0.17250000000000001       -5.6017791488273492     
                   36  0.17749999999999999       -4.1384348197885101     
                   37  0.18250000000000000       -2.8024583221262143     
                   38  0.18750000000000000       -1.5831720482212821     
                   39  0.19250000000000000      -0.47040729456930963     
                   40  0.19750000000000001       0.54538625648214645     
                   41  0.20250000000000001        1.4730593419971121     
                   42  0.20750000000000002        2.3207081202465663     
                   43  0.21249999999999999        3.0956456013913414     
                   44  0.21750000000000000        3.8043873484311046     
                   45  0.22250000000000000        4.4526618996859586     
                   46  0.22750000000000001        5.0454353305752386     
                   47  0.23250000000000001        5.5869488017656996     
                   48  0.23749999999999999        6.0807664517270421     
                   49  0.24249999999999999        6.5298311140480525     
                   50  0.24750000000000000        6.9365254978237445     
                   51  0.25250000000000000        7.3027366476611988     
                   52  0.25750000000000001        7.6299216880144254     
                   53  0.26250000000000001        7.9191730479321905     
                   54  0.26750000000000002        8.1712815521506617     
                   55  0.27250000000000002        8.3867959501678691     
                   56  0.27750000000000002        8.5660776348523058     
                   57  0.28250000000000003        8.7093494760000301     
                   58  0.28749999999999998        8.8167378623283881     
                   59  0.29249999999999998        8.8883072084022317     
                   60  0.29749999999999999        8.9240863417979757     
