                    1   2.5000000000000001E-003   2.1950688015496211E-002
                    2   7.4999999999999997E-003   2.2042548941842086E-002
                    3   1.2500000000000001E-002   2.2150050573958937E-002
                    4   1.7500000000000002E-002   2.2269257717854755E-002
                    5   2.2499999999999999E-002   2.2401495835054394E-002
                    6   2.7500000000000000E-002   2.2548452854578571E-002
                    7   3.2500000000000001E-002   2.2712383743761604E-002
                    8   3.7500000000000006E-002   2.2896292706599954E-002
                    9   4.2499999999999996E-002   2.3103871508158746E-002
                   10   4.7500000000000001E-002   2.3339712045099104E-002
                   11   5.2500000000000005E-002   2.3609463609721631E-002
                   12   5.7499999999999996E-002   2.3920092550018191E-002
                   13   6.2500000000000000E-002   2.4280912139933268E-002
                   14   6.7500000000000004E-002   2.4704863706244824E-002
                   15   7.2500000000000009E-002   2.5208740401327229E-002
                   16   7.7499999999999999E-002   2.5814200355880841E-002
                   17   8.2500000000000004E-002   2.6552676243113037E-002
                   18   8.7499999999999994E-002   2.7470747366951299E-002
                   19   9.2499999999999999E-002   2.8636487164877010E-002
                   20   9.7500000000000003E-002   3.0155517334156758E-002
                   21  0.10250000000000001        3.2203371885431209E-002
                   22  0.10750000000000000        3.5091693046532056E-002
                   23  0.11250000000000000        3.9431292173334354E-002
                   24  0.11749999999999999        4.6560150086371009E-002
                   25  0.12250000000000000        5.9627202140167632E-002
                   26  0.12750000000000000        8.6254639975920061E-002
                   27  0.13250000000000001        9.7406905089495760E-002
                   28  0.13750000000000001       0.15872721783500410     
                   29  0.14250000000000002       0.16868608345486436     
                   30  0.14749999999999999       0.16998260407815591     
                   31  0.15250000000000000       0.17069496783586829     
                   32  0.15750000000000000       0.17171408656187559     
                   33  0.16250000000000001       0.17269156512603615     
                   34  0.16750000000000001       0.17361557896745550     
                   35  0.17250000000000001       0.17448107662629203     
                   36  0.17749999999999999       0.17528716554534177     
                   37  0.18250000000000000       0.17603517595576601     
                   38  0.18750000000000000       0.17672741860201863     
                   39  0.19250000000000000       0.17736647687528243     
                   40  0.19750000000000001       0.17795485094463448     
                   41  0.20250000000000001       0.17849480856712704     
                   42  0.20750000000000002       0.17898834512270970     
                   43  0.21249999999999999       0.17943719463976765     
                   44  0.21750000000000000       0.17984286018932358     
                   45  0.22250000000000000       0.18020664808165923     
                   46  0.22750000000000001       0.18052969914659422     
                   47  0.23250000000000001       0.18081301486145876     
                   48  0.23749999999999999       0.18105747815297146     
                   49  0.24249999999999999       0.18126386951639945     
                   50  0.24750000000000000       0.18143287931953819     
                   51  0.25250000000000000       0.18156511712732948     
                   52  0.25750000000000001       0.18166111875867491     
                   53  0.26250000000000001       0.18172135164384878     
                   54  0.26750000000000002       0.18174621891867215     
                   55  0.27250000000000002       0.18173606257966732     
                   56  0.27750000000000002       0.18169116593312279     
                   57  0.28250000000000003       0.18161175549738368     
                   58  0.28749999999999998       0.18149800245894632     
                   59  0.29249999999999998       0.18135002373962583     
                   60  0.29749999999999999       0.18116788271060111     
