                    1   2.5000000000000001E-003  0.27605166210052523     
                    2   7.4999999999999997E-003  0.24909305271830467     
                    3   1.2500000000000001E-002  0.24627411608853694     
                    4   1.7500000000000002E-002  0.24458249560034165     
                    5   2.2499999999999999E-002  0.24357590076290314     
                    6   2.7500000000000000E-002  0.24314455681151287     
                    7   3.2500000000000001E-002  0.24267745212260849     
                    8   3.7500000000000006E-002  0.24214999080190797     
                    9   4.2499999999999996E-002  0.24167517039388059     
                   10   4.7500000000000001E-002  0.24121746252229925     
                   11   5.2500000000000005E-002  0.24106852512680105     
                   12   5.7499999999999996E-002  0.24125575974374996     
                   13   6.2500000000000000E-002  0.24134270666658414     
                   14   6.7500000000000004E-002  0.24114197448585942     
                   15   7.2500000000000009E-002  0.24150832503372216     
                   16   7.7499999999999999E-002  0.24255214794807245     
                   17   8.2500000000000004E-002  0.24336316769029925     
                   18   8.7499999999999994E-002  0.24431505057127403     
                   19   9.2499999999999999E-002  0.24580422220857118     
                   20   9.7500000000000003E-002  0.24755067323656491     
                   21  0.10250000000000001       0.24936519264957224     
                   22  0.10750000000000000       0.25118534386362812     
                   23  0.11250000000000000       0.25255043147749501     
                   24  0.11749999999999999       0.25345379384931804     
                   25  0.12250000000000000       0.25369097871861473     
                   26  0.12750000000000000       0.24602543983830666     
                   27  0.13250000000000001       0.22162584371403882     
                   28  0.13750000000000001       0.19093392675244528     
                   29  0.14250000000000002       0.17368680459491065     
                   30  0.14749999999999999       0.17014627263643445     
                   31  0.15250000000000000       0.17069496783586829     
                   32  0.15750000000000000       0.17171408656187559     
                   33  0.16250000000000001       0.17269156512603615     
                   34  0.16750000000000001       0.17361557896745550     
                   35  0.17250000000000001       0.17448107662629203     
                   36  0.17749999999999999       0.17528716554534177     
                   37  0.18250000000000000       0.17603517595576601     
                   38  0.18750000000000000       0.17672741860201863     
                   39  0.19250000000000000       0.17736647687528243     
                   40  0.19750000000000001       0.17795485094463448     
                   41  0.20250000000000001       0.17849480856712704     
                   42  0.20750000000000002       0.17898834512270970     
                   43  0.21249999999999999       0.17943719463976765     
                   44  0.21750000000000000       0.17984286018932358     
                   45  0.22250000000000000       0.18020664808165923     
                   46  0.22750000000000001       0.18052969914659422     
                   47  0.23250000000000001       0.18081301486145876     
                   48  0.23749999999999999       0.18105747815297146     
                   49  0.24249999999999999       0.18126386951639945     
                   50  0.24750000000000000       0.18143287931953819     
                   51  0.25250000000000000       0.18156511712732948     
                   52  0.25750000000000001       0.18166111875867491     
                   53  0.26250000000000001       0.18172135164384878     
                   54  0.26750000000000002       0.18174621891867215     
                   55  0.27250000000000002       0.18173606257966732     
                   56  0.27750000000000002       0.18169116593312279     
                   57  0.28250000000000003       0.18161175549738368     
                   58  0.28749999999999998       0.18149800245894632     
                   59  0.29249999999999998       0.18135002373962583     
                   60  0.29749999999999999       0.18116788271060111     
