                    1   2.5000000000000001E-003  -11.676144781127199     
                    2   7.4999999999999997E-003  -13.192035952311663     
                    3   1.2500000000000001E-002  -13.367538110583929     
                    4   1.7500000000000002E-002  -13.474282873744714     
                    5   2.2499999999999999E-002  -13.538196713104529     
                    6   2.7500000000000000E-002  -13.565512133094536     
                    7   3.2500000000000001E-002  -13.595157454641374     
                    8   3.7500000000000006E-002  -13.628704367863410     
                    9   4.2499999999999996E-002  -13.658874722910841     
                   10   4.7500000000000001E-002  -13.687910764471273     
                   11   5.2500000000000005E-002  -13.696805878686547     
                   12   5.7499999999999996E-002  -13.683693246466381     
                   13   6.2500000000000000E-002  -13.676881621111363     
                   14   6.7500000000000004E-002  -13.688470085953218     
                   15   7.2500000000000009E-002  -13.662907199129837     
                   16   7.7499999999999999E-002  -13.593209219531570     
                   17   8.2500000000000004E-002  -13.538202533973697     
                   18   8.7499999999999994E-002  -13.473656024338627     
                   19   9.2499999999999999E-002  -13.374277242092869     
                   20   9.7500000000000003E-002  -13.257898431199695     
                   21  0.10250000000000001       -13.135622767359012     
                   22  0.10750000000000000       -13.009517070163845     
                   23  0.11250000000000000       -12.903278402292601     
                   24  0.11749999999999999       -12.806692569022857     
                   25  0.12250000000000000       -12.684761636749911     
                   26  0.12750000000000000       -12.563622041851435     
                   27  0.13250000000000001       -12.443811904489205     
                   28  0.13750000000000001       -12.312199673588925     
                   29  0.14250000000000002       -12.191398353651678     
                   30  0.14749999999999999       -12.043600937782314     
                   31  0.15250000000000000       -11.848870494374829     
                   32  0.15750000000000000       -11.598284325611056     
                   33  0.16250000000000001       -11.242740306838213     
                   34  0.16750000000000001       -11.520075869674120     
                   35  0.17250000000000001       -14.206237661405934     
                   36  0.17749999999999999       -18.508141965213742     
                   37  0.18250000000000000       -21.264265999642834     
                   38  0.18750000000000000       -21.974996744836062     
                   39  0.19250000000000000       -22.010810678994886     
                   40  0.19750000000000001       -21.980513531055109     
                   41  0.20250000000000001       -21.953606741586263     
                   42  0.20750000000000002       -21.930350145807971     
                   43  0.21249999999999999       -21.910885929204106     
                   44  0.21750000000000000       -21.895247940553670     
                   45  0.22250000000000000       -21.883385304484044     
                   46  0.22750000000000001       -21.875191799240188     
                   47  0.23250000000000001       -21.870533919593548     
                   48  0.23749999999999999       -21.869273305531188     
                   49  0.24249999999999999       -21.871281960558214     
                   50  0.24750000000000000       -21.876450675771103     
                   51  0.25250000000000000       -21.884692138405988     
                   52  0.25750000000000001       -21.895940498508558     
                   53  0.26250000000000001       -21.910148981248263     
                   54  0.26750000000000002       -21.927286732849993     
                   55  0.27250000000000002       -21.947335661449621     
                   56  0.27750000000000002       -21.970287679396048     
                   57  0.28250000000000003       -21.996142503592651     
                   58  0.28749999999999998       -22.024906019557463     
                   59  0.29249999999999998       -22.056589140544929     
                   60  0.29749999999999999       -22.091207070279250     
