                    1   5.0000000000000001E-004   9.1344051722862575E-011
                    2   1.5000000000000000E-003   2.7058901539795639E-010
                    3   2.5000000000000001E-003   4.4902291695924576E-010
                    4   3.5000000000000001E-003   6.2665286048468175E-010
                    5   4.5000000000000005E-003   8.0348588687006124E-010
                    6   5.4999999999999997E-003   9.7952898146371763E-010
                    7   6.5000000000000006E-003   1.1547890812301623E-009
                    8   7.4999999999999997E-003   1.3292730814503983E-009
                    9   8.5000000000000006E-003   1.5029878419234117E-009
                   10   9.5000000000000015E-003   1.6759401926494205E-009
                   11   1.0499999999999999E-002   1.8481369389086983E-009
                   12   1.1500000000000000E-002   2.0195848656009035E-009
                   13   1.2500000000000001E-002   2.1902907406982797E-009
                   14   1.3500000000000002E-002   2.3602613176094219E-009
                   15   1.4499999999999999E-002   2.5295033361487558E-009
                   16   1.5500000000000000E-002   2.6980235217935399E-009
                   17   1.6500000000000001E-002   2.8658285827963388E-009
                   18   1.7500000000000002E-002   3.0329252046605696E-009
                   19   1.8500000000000003E-002   3.1993200413744324E-009
                   20   1.9500000000000000E-002   3.3650197027247213E-009
                   21   2.0500000000000001E-002   3.5300307369064963E-009
                   22   2.1499999999999998E-002   3.6943596075319042E-009
                   23   2.2499999999999999E-002   3.8580126640480799E-009
                   24   2.3500000000000000E-002   4.0209961045007158E-009
                   25   2.4500000000000001E-002   4.1833159294996594E-009
                   26   2.5500000000000002E-002   4.3449778861797672E-009
                   27   2.6500000000000003E-002   4.5059874009743171E-009
                   28   2.7500000000000000E-002   4.6663495000617995E-009
                   29   2.8500000000000001E-002   4.8260687164560155E-009
                   30   2.9499999999999998E-002   4.9851489829627007E-009
                   31   3.0499999999999999E-002   5.1435935105797408E-009
                   32   3.1500000000000000E-002   5.3014046524505595E-009
                   33   3.2500000000000001E-002   5.4585837542030320E-009
                   34   3.3500000000000002E-002   5.6151309925554768E-009
                   35   3.4500000000000003E-002   5.7710452053710371E-009
                   36   3.5500000000000004E-002   5.9263237180927770E-009
                   37   3.6500000000000005E-002   6.0809621737141998E-009
                   38   3.7499999999999999E-002   6.2349543762597795E-009
                   39   3.8500000000000000E-002   6.3882921612849028E-009
                   40   3.9500000000000000E-002   6.5409653113252931E-009
                   41   4.0500000000000001E-002   6.6929615397140803E-009
                   42   4.1500000000000002E-002   6.8442665730075082E-009
                   43   4.2500000000000003E-002   6.9948643707224581E-009
                   44   4.3499999999999997E-002   7.1447375316751787E-009
                   45   4.4499999999999998E-002   7.2938679494450387E-009
                   46   4.5499999999999999E-002   7.4422377961979878E-009
                   47   4.6500000000000000E-002   7.5898309353774754E-009
                   48   4.7500000000000001E-002   7.7366348909449724E-009
                   49   4.8500000000000001E-002   7.8826435358852215E-009
                   50   4.9500000000000002E-002   8.0278607078829231E-009
                   51   5.0500000000000003E-002   8.1723050184373777E-009
                   52   5.1500000000000004E-002   8.3160161964158546E-009
                   53   5.2500000000000005E-002   8.4590634017378140E-009
                   54   5.3499999999999999E-002   8.6015560618374325E-009
                   55   5.4500000000000000E-002   8.7436579227926348E-009
                   56   5.5500000000000001E-002   8.8856051620223588E-009
                   57   5.6500000000000002E-002   9.0277295612518737E-009
                   58   5.7500000000000002E-002   9.1704878445048766E-009
                   59   5.8500000000000003E-002   9.3144982608351569E-009
                   60   5.9499999999999997E-002   9.4605851758735300E-009
                   61   6.0499999999999998E-002   9.6098315441370329E-009
                   62   6.1499999999999999E-002   9.7636371687195224E-009
                   63   6.2500000000000000E-002   9.9237767739592162E-009
                   64   6.3500000000000001E-002   1.0092444718209822E-008
                   65   6.4500000000000002E-002   1.0272260363476258E-008
                   66   6.5500000000000003E-002   1.0466185991644598E-008
                   67   6.6500000000000004E-002   1.0677271797722098E-008
                   68   6.7500000000000004E-002   1.0908080519793904E-008
                   69   6.8500000000000005E-002   1.1159542814336964E-008
                   70   6.9500000000000006E-002   1.1428829684876246E-008
                   71   7.0500000000000007E-002   1.1705560511355389E-008
                   72   7.1500000000000008E-002   1.1965224626325364E-008
                   73   7.2500000000000009E-002   1.2157946359039902E-008
                   74   7.3499999999999996E-002   1.2189382225118752E-008
                   75   7.4499999999999997E-002   1.5369849036816201E-007
                   76   7.5499999999999998E-002   1.7110965721150177E-007
                   77   7.6499999999999999E-002   4.4119683885923005E-008
                   78   7.7499999999999999E-002   3.4198930087879881E-010
                   79   7.8500000000000000E-002   5.9870892555131075E-011
                   80   7.9500000000000001E-002   1.4724571985830840E-011
                   81   8.0500000000000002E-002   2.0106859088110978E-012
                   82   8.1500000000000003E-002   4.2998761958528562E-013
                   83   8.2500000000000004E-002   1.2711520680608070E-013
                   84   8.3500000000000005E-002   4.7566023584469010E-014
                   85   8.4500000000000006E-002   2.1141689230362781E-014
                   86   8.5500000000000007E-002   1.0669639260676457E-014
                   87   8.6500000000000007E-002   5.8865068625539491E-015
                   88   8.7499999999999994E-002   3.5085045097283803E-015
                   89   8.8499999999999995E-002   2.2228763642995485E-015
                   90   8.9499999999999996E-002   1.4740259685332855E-015
                   91   9.0499999999999997E-002   1.0175252553370178E-015
                   92   9.1499999999999998E-002   7.2514835304474135E-016
                   93   9.2499999999999999E-002   5.3274244434193599E-016
                   94   9.3500000000000000E-002   4.0061432829609907E-016
                   95   9.4500000000000001E-002   3.0663664715355053E-016
                   96   9.5500000000000002E-002   2.3942392055752364E-016
                   97   9.6500000000000002E-002   1.8944145393172443E-016
                   98   9.7500000000000003E-002   1.5207924093464525E-016
                   99   9.8500000000000004E-002   1.2401814731750862E-016
                  100   9.9500000000000005E-002   1.0226085647659706E-016
                  101  0.10050000000000001        8.4995696578093474E-017
                  102  0.10150000000000001        7.1057007385607476E-017
                  103  0.10250000000000001        6.0002916687698124E-017
                  104  0.10350000000000001        5.1108881728143371E-017
                  105  0.10450000000000001        4.3823468253400333E-017
                  106  0.10550000000000000        3.7861360733286914E-017
                  107  0.10650000000000000        3.2843282457468289E-017
                  108  0.10750000000000000        2.8697961243142506E-017
                  109  0.10850000000000000        2.5216431923896660E-017
                  110  0.10950000000000000        2.2198377462212227E-017
                  111  0.11050000000000000        1.9634071476401722E-017
                  112  0.11150000000000000        1.7466260593079303E-017
                  113  0.11250000000000000        1.5565655900374146E-017
                  114  0.11350000000000000        1.3901880839623940E-017
                  115  0.11450000000000000        1.2491742805291248E-017
                  116  0.11550000000000001        1.1261210801030796E-017
                  117  0.11650000000000001        1.0191393326074701E-017
                  118  0.11750000000000001        9.2555944787703963E-018
                  119  0.11850000000000001        8.3645828638870228E-018
                  120  0.11950000000000000        7.6292660073846652E-018
                  121  0.12050000000000000        6.9889630925961478E-018
                  122  0.12150000000000000        6.3828112195981935E-018
                  123  0.12250000000000000        5.8498789406103296E-018
                  124  0.12350000000000000        5.3677946804414916E-018
                  125  0.12450000000000000        4.9601329344909038E-018
                  126  0.12550000000000000        4.5822463072259772E-018
                  127  0.12650000000000000        4.2325105772534426E-018
                  128  0.12750000000000000        3.9328795961450961E-018
                  129  0.12850000000000000        3.6479391665207601E-018
                  130  0.12950000000000000        3.3891151233605865E-018
                  131  0.13050000000000000        3.1440548454226815E-018
                  132  0.13150000000000001        2.9198071775019213E-018
                  133  0.13250000000000001        2.7330193543372211E-018
                  134  0.13350000000000001        2.5554955441391649E-018
                  135  0.13450000000000001        2.3909649262830419E-018
                  136  0.13550000000000001        2.2382455042696872E-018
                  137  0.13650000000000001        2.0961864629376288E-018
                  138  0.13750000000000001        1.9718305469652800E-018
                  139  0.13850000000000001        1.8510814398335860E-018
                  140  0.13950000000000001        1.7373894970225649E-018
                  141  0.14050000000000001        1.6342789665565496E-018
                  142  0.14150000000000001        1.5461627795198008E-018
                  143  0.14250000000000002        1.4592170537375797E-018
                  144  0.14350000000000002        1.3709828982334755E-018
                  145  0.14450000000000002        1.2981036441695964E-018
                  146  0.14549999999999999        1.2289662110260907E-018
                  147  0.14649999999999999        1.1682164577935824E-018
                  148  0.14749999999999999        1.0972398728159650E-018
                  149  0.14849999999999999        1.0398968088736980E-018
                  150  0.14949999999999999        9.9334173395510226E-019
                  151  0.15049999999999999        9.4670622197815550E-019
                  152  0.15150000000000000        9.0266400808492070E-019
                  153  0.15250000000000000        8.5268252093331483E-019
                  154  0.15350000000000000        8.0875083850401619E-019
                  155  0.15450000000000000        7.6942116863842327E-019
                  156  0.15550000000000000        7.2885953773663441E-019
                  157  0.15650000000000000        6.8938799776640877E-019
                  158  0.15750000000000000        6.6034089527291834E-019
                  159  0.15850000000000000        6.2710930869723630E-019
                  160  0.15950000000000000        6.0253411053208778E-019
                  161  0.16050000000000000        5.7184160483391651E-019
                  162  0.16150000000000000        5.4378942962960023E-019
                  163  0.16250000000000001        5.2614861543353444E-019
                  164  0.16350000000000001        4.9966861282313809E-019
                  165  0.16450000000000001        4.7428035958770816E-019
                  166  0.16550000000000001        4.5411308119843102E-019
                  167  0.16650000000000001        4.3755624552169583E-019
                  168  0.16750000000000001        4.1732575484898386E-019
                  169  0.16850000000000001        3.9866020076549387E-019
                  170  0.16950000000000001        3.8673094452575247E-019
                  171  0.17050000000000001        3.7413854485358667E-019
                  172  0.17150000000000001        3.5131548379210848E-019
                  173  0.17250000000000001        3.3635639973642823E-019
                  174  0.17350000000000002        3.2092353456161298E-019
                  175  0.17450000000000002        3.0529657316263117E-019
                  176  0.17549999999999999        3.0061926699640894E-019
                  177  0.17649999999999999        2.8403910693945743E-019
                  178  0.17749999999999999        2.7307926618012239E-019
                  179  0.17849999999999999        2.6735870724358778E-019
                  180  0.17949999999999999        2.5368660583551493E-019
                  181  0.18049999999999999        2.4444496363099557E-019
                  182  0.18149999999999999        2.3484983069537948E-019
                  183  0.18250000000000000        2.2277713651273878E-019
                  184  0.18350000000000000        2.0777845399555732E-019
                  185  0.18450000000000000        2.0947080775316503E-019
                  186  0.18550000000000000        2.0429741482028089E-019
                  187  0.18650000000000000        1.8308248182642677E-019
                  188  0.18750000000000000        1.8921969068590961E-019
                  189  0.18850000000000000        1.8015018129833248E-019
                  190  0.18950000000000000        1.6459504292518256E-019
                  191  0.19050000000000000        1.7280636633872820E-019
                  192  0.19150000000000000        1.6695467810964558E-019
                  193  0.19250000000000000        1.5821150792163280E-019
                  194  0.19350000000000001        1.4875734486168062E-019
                  195  0.19450000000000001        1.4089561534292306E-019
                  196  0.19550000000000001        1.3654554931482457E-019
                  197  0.19650000000000001        1.2552670567511663E-019
                  198  0.19750000000000001        1.1320039932768363E-019
                  199  0.19850000000000001        1.0131310566560271E-019
                  200  0.19950000000000001        6.1558176009114820E-020
