                    1     5.0000000000000001E-004     1.2755986754961073E-010
                    2     1.5000000000000000E-003     3.7771350527593363E-010
                    3     2.5000000000000001E-003     6.2705927533379558E-010
                    4     3.5000000000000001E-003     8.7560921419680551E-010
                    5     4.5000000000000005E-003     1.1233752964690286E-009
                    6     5.4999999999999997E-003     1.3703694377340672E-009
                    7     6.5000000000000006E-003     1.6166034973998962E-009
                    8     7.4999999999999997E-003     1.8620892815201185E-009
                    9     8.5000000000000006E-003     2.1068385455346723E-009
                   10     9.5000000000000015E-003     2.3508629969910809E-009
                   11     1.0499999999999999E-002     2.5941742982443862E-009
                   12     1.1500000000000000E-002     2.8367840690403236E-009
                   13     1.2500000000000001E-002     3.0787038891248184E-009
                   14     1.3500000000000002E-002     3.3199453007355262E-009
                   15     1.4499999999999999E-002     3.5605198110708732E-009
                   16     1.5500000000000000E-002     3.8004388946903825E-009
                   17     1.6500000000000001E-002     4.0397139958445249E-009
                   18     1.7500000000000002E-002     4.2783565307306356E-009
                   19     1.8500000000000003E-002     4.5163778897052528E-009
                   20     1.9500000000000000E-002     4.7537894394152983E-009
                   21     2.0500000000000001E-002     4.9906025248240315E-009
                   22     2.1499999999999998E-002     5.2268284712224570E-009
                   23     2.2499999999999999E-002     5.4624785861147724E-009
                   24     2.3500000000000000E-002     5.6975641610416593E-009
                   25     2.4500000000000001E-002     5.9320964733520845E-009
                   26     2.5500000000000002E-002     6.1660867878655333E-009
                   27     2.6500000000000003E-002     6.3995463584894187E-009
                   28     2.7500000000000000E-002     6.6324864297641503E-009
                   29     2.8500000000000001E-002     6.8649182383384443E-009
                   30     2.9499999999999998E-002     7.0968530143849422E-009
                   31     3.0499999999999999E-002     7.3283019829940217E-009
                   32     3.1500000000000000E-002     7.5592763655137753E-009
                   33     3.2500000000000001E-002     7.7897873808873110E-009
                   34     3.3500000000000002E-002     8.0198462469506101E-009
                   35     3.4500000000000003E-002     8.2494641817857698E-009
                   36     3.5500000000000004E-002     8.4786524051070472E-009
                   37     3.6500000000000005E-002     8.7074221396952697E-009
                   38     3.7499999999999999E-002     8.9357846129589512E-009
                   39     3.8500000000000000E-002     9.1637510586097403E-009
                   40     3.9500000000000000E-002     9.3913327185481369E-009
                   41     4.0500000000000001E-002     9.6185408449444806E-009
                   42     4.1500000000000002E-002     9.8453867026405101E-009
                   43     4.2500000000000003E-002     1.0071881571873390E-008
                   44     4.3499999999999997E-002     1.0298036751420431E-008
                   45     4.4499999999999998E-002     1.0523863562248893E-008
                   46     4.5499999999999999E-002     1.0749373351740439E-008
                   47     4.6500000000000000E-002     1.0974577498575439E-008
                   48     4.7500000000000001E-002     1.1199487418419042E-008
                   49     4.8500000000000001E-002     1.1424114570477137E-008
                   50     4.9500000000000002E-002     1.1648470465057216E-008
                   51     5.0500000000000003E-002     1.1872566672284846E-008
                   52     5.1500000000000004E-002     1.2096414832089528E-008
                   53     5.2500000000000005E-002     1.2320026665604517E-008
                   54     5.3499999999999999E-002     1.2543413988171883E-008
                   55     5.4500000000000000E-002     1.2766588724052398E-008
                   56     5.5500000000000001E-002     1.2989562923081030E-008
                   57     5.6500000000000002E-002     1.3212348779370100E-008
                   58     5.7500000000000002E-002     1.3434958652268697E-008
                   59     5.8500000000000003E-002     1.3657405089751756E-008
                   60     5.9499999999999997E-002     1.3879700854391554E-008
                   61     6.0499999999999998E-002     1.4101858952048109E-008
                   62     6.1499999999999999E-002     1.4323892663502615E-008
                   63     6.2500000000000000E-002     1.4545815579040695E-008
                   64     6.3500000000000001E-002     1.4767641636224167E-008
                   65     6.4500000000000002E-002     1.4989385160815369E-008
                   66     6.5500000000000003E-002     1.5211060910968757E-008
                   67     6.6500000000000004E-002     1.5432684124640271E-008
                   68     6.7500000000000004E-002     1.5654270570191017E-008
                   69     6.8500000000000005E-002     1.5875836600028177E-008
                   70     6.9500000000000006E-002     1.6097399207149226E-008
                   71     7.0500000000000007E-002     1.6318976084292323E-008
                   72     7.1500000000000008E-002     1.6540585685362468E-008
                   73     7.2500000000000009E-002     1.6762247288734438E-008
                   74     7.3499999999999996E-002     1.6983981061929933E-008
                   75     7.4499999999999997E-002     1.7205808127114579E-008
                   76     7.5499999999999998E-002     1.7427750626873469E-008
                   77     7.6499999999999999E-002     1.7649831789655708E-008
                   78     7.7499999999999999E-002     1.7872075994544460E-008
                   79     7.8500000000000000E-002     1.8094508835078235E-008
                   80     7.9500000000000001E-002     1.8317157182420577E-008
                   81     8.0500000000000002E-002     1.8540049248916505E-008
                   82     8.1500000000000003E-002     1.8763214654258171E-008
                   83     8.2500000000000004E-002     1.8986684498350480E-008
                   84     8.3500000000000005E-002     1.9210491447859991E-008
                   85     8.4500000000000006E-002     1.9434669847610209E-008
                   86     8.5500000000000007E-002     1.9659255874191811E-008
                   87     8.6500000000000007E-002     1.9884287758295777E-008
                   88     8.7499999999999994E-002     2.0109806115276099E-008
                   89     8.8499999999999995E-002     2.0335854442382889E-008
                   90     8.9499999999999996E-002     2.0562479867986881E-008
                   91     9.0499999999999997E-002     2.0789734276547404E-008
                   92     9.1499999999999998E-002     2.1017675987443199E-008
                   93     9.2499999999999999E-002     2.1246372242772166E-008
                   94     9.3500000000000000E-002     2.1475902867640864E-008
                   95     9.4500000000000001E-002     2.1706365618842575E-008
                   96     9.5500000000000002E-002     2.1937883951401611E-008
                   97     9.6500000000000002E-002     2.2170618231022427E-008
                   98     9.7500000000000003E-002     2.2404781836847575E-008
                   99     9.8500000000000004E-002     2.2640664178129897E-008
                  100     9.9500000000000005E-002     2.2878663452035528E-008
                  101    0.10050000000000001          2.3119333081856298E-008
                  102    0.10150000000000001          2.3363447309068809E-008
                  103    0.10250000000000001          2.3612093521989645E-008
                  104    0.10350000000000001          2.3866801791984512E-008
                  105    0.10450000000000001          2.4129726022729365E-008
                  106    0.10550000000000000          2.4403896443319123E-008
                  107    0.10650000000000000          2.4693570320955482E-008
                  108    0.10750000000000000          2.5004717241943610E-008
                  109    0.10850000000000000          2.5345687658258116E-008
                  110    0.10950000000000000          2.5728129096583807E-008
                  111    0.11050000000000000          2.6168233625701185E-008
                  112    0.11150000000000000          2.6688422168344704E-008
                  113    0.11250000000000000          2.7319593433031021E-008
                  114    0.11350000000000000          2.8104081253374078E-008
                  115    0.11450000000000000          2.9099460469229991E-008
                  116    0.11550000000000001          3.0383292105207297E-008
                  117    0.11650000000000001          2.4927274952493684E-007
                  118    0.11750000000000001          2.9600361210909840E-007
                  119    0.11850000000000001          1.3671939683514831E-007
                  120    0.11950000000000000          2.5045461975937030E-008
                  121    0.12050000000000000          1.0330976826198602E-009
                  122    0.12150000000000000          3.3583384574329035E-011
                  123    0.12250000000000000          2.5997201625676202E-012
                  124    0.12350000000000000          3.9373580892361258E-013
                  125    0.12450000000000000          9.5038231337695615E-014
                  126    0.12550000000000000          3.1540196761749883E-014
                  127    0.12650000000000000          1.2961097270609517E-014
                  128    0.12750000000000000          6.1772012941210260E-015
                  129    0.12850000000000000          3.3088059535206769E-015
                  130    0.12950000000000000          1.9346954223373196E-015
                  131    0.13050000000000000          1.2029065242120951E-015
                  132    0.13150000000000001          7.8845998933198371E-016
                  133    0.13250000000000001          5.3981078204892662E-016
                  134    0.13350000000000001          3.8161922411983655E-016
                  135    0.13450000000000001          2.7745035277956322E-016
                  136    0.13550000000000001          2.0762458581331998E-016
                  137    0.13650000000000001          1.5867687508785072E-016
                  138    0.13750000000000001          1.2334662149335453E-016
                  139    0.13850000000000001          9.7178991893657736E-017
                  140    0.13950000000000001          7.7831460203693705E-017
                  141    0.14050000000000001          6.3127632788094009E-017
                  142    0.14150000000000001          5.1772525845745495E-017
                  143    0.14250000000000002          4.2794860624025764E-017
                  144    0.14350000000000002          3.5782124881883664E-017
                  145    0.14450000000000002          3.0140353205945565E-017
                  146    0.14549999999999999          2.5572888184618270E-017
                  147    0.14649999999999999          2.1887364590480163E-017
                  148    0.14749999999999999          1.8753200662083411E-017
                  149    0.14849999999999999          1.6260928271342706E-017
                  150    0.14949999999999999          1.4115567769065151E-017
                  151    0.15049999999999999          1.2345147806620100E-017
                  152    0.15150000000000000          1.0891950597452694E-017
                  153    0.15250000000000000          9.5846714018477495E-018
                  154    0.15350000000000000          8.4571574556785202E-018
                  155    0.15450000000000000          7.5148311273587995E-018
                  156    0.15550000000000000          6.7057496345840848E-018
                  157    0.15650000000000000          5.9978513784233936E-018
                  158    0.15750000000000000          5.3762838322035876E-018
                  159    0.15850000000000000          4.8268667966403269E-018
                  160    0.15950000000000000          4.3656144539607702E-018
                  161    0.16050000000000000          3.9629294610019348E-018
                  162    0.16150000000000000          3.5854239337138255E-018
                  163    0.16250000000000001          3.2455815610319851E-018
                  164    0.16350000000000001          2.9694781491005908E-018
                  165    0.16450000000000001          2.7291502386203480E-018
                  166    0.16550000000000001          2.4821618538679171E-018
                  167    0.16650000000000001          2.2611427588605872E-018
                  168    0.16750000000000001          2.0810942899081810E-018
                  169    0.16850000000000001          1.9159068005199248E-018
                  170    0.16950000000000001          1.7644753754813350E-018
                  171    0.17050000000000001          1.6252619932321605E-018
                  172    0.17150000000000001          1.5009960106773926E-018
                  173    0.17250000000000001          1.3856401782326802E-018
                  174    0.17350000000000002          1.2819896727204906E-018
                  175    0.17450000000000002          1.1871588016522222E-018
                  176    0.17549999999999999          1.1029029288284817E-018
                  177    0.17649999999999999          1.0250614428503677E-018
                  178    0.17749999999999999          9.4780129124710760E-019
                  179    0.17849999999999999          8.8205165817069341E-019
                  180    0.17949999999999999          8.2221921722268185E-019
                  181    0.18049999999999999          7.6517267972342193E-019
                  182    0.18149999999999999          7.1270668478141177E-019
                  183    0.18250000000000000          6.6383862406034158E-019
                  184    0.18350000000000000          6.1807373579026943E-019
                  185    0.18450000000000000          5.7663474435831348E-019
                  186    0.18550000000000000          5.3852024178312254E-019
                  187    0.18650000000000000          5.0264864502506660E-019
                  188    0.18750000000000000          4.6840158763244857E-019
                  189    0.18850000000000000          4.3690462167315460E-019
                  190    0.18950000000000000          4.0699953449509322E-019
                  191    0.19050000000000000          3.7906427765836731E-019
                  192    0.19150000000000000          3.5364779712328264E-019
                  193    0.19250000000000000          3.2838810372668752E-019
                  194    0.19350000000000001          3.0492684741051235E-019
                  195    0.19450000000000001          2.8180354137270929E-019
                  196    0.19550000000000001          2.6021541457377996E-019
                  197    0.19650000000000001          2.4035010073998539E-019
                  198    0.19750000000000001          2.2478429374525477E-019
                  199    0.19850000000000001          1.8160109798835441E-019
                  200    0.19950000000000001         -2.1248069233477893E-015
