                    1   5.0000000000000001E-004  0.34404694762954330     
                    2   1.5000000000000000E-003  0.34402237695267185     
                    3   2.5000000000000001E-003  0.34399552813706769     
                    4   3.5000000000000001E-003  0.34396640136846723     
                    5   4.5000000000000005E-003  0.34393499635127350     
                    6   5.4999999999999997E-003  0.34390131230498788     
                    7   6.5000000000000006E-003  0.34386534796041490     
                    8   7.4999999999999997E-003  0.34382710155563878     
                    9   8.5000000000000006E-003  0.34378657083176739     
                   10   9.5000000000000015E-003  0.34374375302843868     
                   11   1.0499999999999999E-002  0.34369864487908741     
                   12   1.1500000000000000E-002  0.34365124260596536     
                   13   1.2500000000000001E-002  0.34360154191491188     
                   14   1.3500000000000002E-002  0.34354953798986876     
                   15   1.4499999999999999E-002  0.34349522548713352     
                   16   1.5500000000000000E-002  0.34343859852934633     
                   17   1.6500000000000001E-002  0.34337965069920351     
                   18   1.7500000000000002E-002  0.34331837503289048     
                   19   1.8500000000000003E-002  0.34325476401322913     
                   20   1.9500000000000000E-002  0.34318880956252951     
                   21   2.0500000000000001E-002  0.34312050303513986     
                   22   2.1499999999999998E-002  0.34304983520968613     
                   23   2.2499999999999999E-002  0.34297679628099187     
                   24   2.3500000000000000E-002  0.34290137585167019     
                   25   2.4500000000000001E-002  0.34282356292337618     
                   26   2.5500000000000002E-002  0.34274334588771194     
                   27   2.6500000000000003E-002  0.34266071251677127     
                   28   2.7500000000000000E-002  0.34257564995331363     
                   29   2.8500000000000001E-002  0.34248814470055494     
                   30   2.9499999999999998E-002  0.34239818261156318     
                   31   3.0499999999999999E-002  0.34230574887824394     
                   32   3.1500000000000000E-002  0.34221082801990366     
                   33   3.2500000000000001E-002  0.34211340387137429     
                   34   3.3500000000000002E-002  0.34201345957068480     
                   35   3.4500000000000003E-002  0.34191097754626176     
                   36   3.5500000000000004E-002  0.34180593950364357     
                   37   3.6500000000000005E-002  0.34169832641168790     
                   38   3.7499999999999999E-002  0.34158811848825499     
                   39   3.8500000000000000E-002  0.34147529518534514     
                   40   3.9500000000000000E-002  0.34135983517367036     
                   41   4.0500000000000001E-002  0.34124171632663597     
                   42   4.1500000000000002E-002  0.34112091570371056     
                   43   4.2500000000000003E-002  0.34099740953315677     
                   44   4.3499999999999997E-002  0.34087117319409915     
                   45   4.4499999999999998E-002  0.34074218119789890     
                   46   4.5499999999999999E-002  0.34061040716880747     
                   47   4.6500000000000000E-002  0.34047582382386826     
                   48   4.7500000000000001E-002  0.34033840295203194     
                   49   4.8500000000000001E-002  0.34019811539245270     
                   50   4.9500000000000002E-002  0.34005493101192774     
                   51   5.0500000000000003E-002  0.33990881868144190     
                   52   5.1500000000000004E-002  0.33975974625177652     
                   53   5.2500000000000005E-002  0.33960768052813889     
                   54   5.3499999999999999E-002  0.33945258724376737     
                   55   5.4500000000000000E-002  0.33929443103246326     
                   56   5.5500000000000001E-002  0.33913317539999899     
                   57   5.6500000000000002E-002  0.33896878269434799     
                   58   5.7500000000000002E-002  0.33880121407467872     
                   59   5.8500000000000003E-002  0.33863042947905364     
                   60   5.9499999999999997E-002  0.33845638759076746     
                   61   6.0499999999999998E-002  0.33827904580325707     
                   62   6.1499999999999999E-002  0.33809836018351225     
                   63   6.2500000000000000E-002  0.33791428543390944     
                   64   6.3500000000000001E-002  0.33772677485238833     
                   65   6.4500000000000002E-002  0.33753578029088671     
                   66   6.5500000000000003E-002  0.33734125211194133     
                   67   6.6500000000000004E-002  0.33714313914336025     
                   68   6.7500000000000004E-002  0.33694138863086387     
                   69   6.8500000000000005E-002  0.33673594618858854     
                   70   6.9500000000000006E-002  0.33652675574733709     
                   71   7.0500000000000007E-002  0.33631375950045744     
                   72   7.1500000000000008E-002  0.33609689784722030     
                   73   7.2500000000000009E-002  0.33587610933356210     
                   74   7.3499999999999996E-002  0.33565133059005031     
                   75   7.4499999999999997E-002  0.33542249626692044     
                   76   7.5499999999999998E-002  0.33518953896602516     
                   77   7.6499999999999999E-002  0.33495238916952863     
                   78   7.7499999999999999E-002  0.33471097516516823     
                   79   7.8500000000000000E-002  0.33446522296789688     
                   80   7.9500000000000001E-002  0.33421505623771031     
                   81   8.0500000000000002E-002  0.33396039619345130     
                   82   8.1500000000000003E-002  0.33370116152237489     
                   83   8.2500000000000004E-002  0.33343726828524500     
                   84   8.3500000000000005E-002  0.33316862981672407     
                   85   8.4500000000000006E-002  0.33289515662080499     
                   86   8.5500000000000007E-002  0.33261675626102216     
                   87   8.6500000000000007E-002  0.33233333324516889     
                   88   8.7499999999999994E-002  0.33204478890423372     
                   89   8.8499999999999995E-002  0.33175102126525891     
                   90   8.9499999999999996E-002  0.33145192491780995     
                   91   9.0499999999999997E-002  0.33114739087373496     
                   92   9.1499999999999998E-002  0.33083730641987813     
                   93   9.2499999999999999E-002  0.33052155496340108     
                   94   9.3500000000000000E-002  0.33020001586935355     
                   95   9.4500000000000001E-002  0.32987256429011880     
                   96   9.5500000000000002E-002  0.32953907098635177     
                   97   9.6500000000000002E-002  0.32919940213900650     
                   98   9.7500000000000003E-002  0.32885341915203969     
                   99   9.8500000000000004E-002  0.32850097844535575     
                  100   9.9500000000000005E-002  0.32814193123753915     
                  101  0.10050000000000001       0.32777612331789258     
                  102  0.10150000000000001       0.32740339480726954     
                  103  0.10250000000000001       0.32702357990714503     
                  104  0.10350000000000001       0.32663650663631777     
                  105  0.10450000000000001       0.32624199655456321     
                  106  0.10550000000000000       0.32583986447246893     
                  107  0.10650000000000000       0.32542991814656153     
                  108  0.10750000000000000       0.32501195795868165     
                  109  0.10850000000000000       0.32458577657836718     
                  110  0.10950000000000000       0.32415115860675803     
                  111  0.11050000000000000       0.32370788020023439     
                  112  0.11150000000000000       0.32325570867163705     
                  113  0.11250000000000000       0.32279440206650367     
                  114  0.11350000000000000       0.32232370871130456     
                  115  0.11450000000000000       0.32184336673022096     
                  116  0.11550000000000001       0.32135310352666385     
                  117  0.11650000000000001       0.32085263522564017     
                  118  0.11750000000000001       0.32034166607349268     
                  119  0.11850000000000001       0.31981988779290849     
                  120  0.11950000000000000       0.31928697889410451     
                  121  0.12050000000000000       0.31874260394885484     
                  122  0.12150000000000000       0.31818641284423843     
                  123  0.12250000000000000       0.31761804005030175     
                  124  0.12350000000000000       0.31703710396426454     
                  125  0.12450000000000000       0.31644320643957258     
                  126  0.12550000000000000       0.31583593268019866     
                  127  0.12650000000000000       0.31521485179291187     
                  128  0.12750000000000000       0.31457951846334647     
                  129  0.12850000000000000       0.31392947648626296     
                  130  0.12950000000000000       0.31326426528193185     
                  131  0.13050000000000000       0.31258343113673137     
                  132  0.13150000000000001       0.31188654581736686     
                  133  0.13250000000000001       0.31117323657449397     
                  134  0.13350000000000001       0.31044323359764781     
                  135  0.13450000000000001       0.30969644404898689     
                  136  0.13550000000000001       0.30893306640881613     
                  137  0.13650000000000001       0.30815376582232551     
                  138  0.13750000000000001       0.30735994173857273     
                  139  0.13850000000000001       0.30655413550337129     
                  140  0.13950000000000001       0.30574065130995187     
                  141  0.14050000000000001       0.30796629560525585     
                  142  0.14150000000000001       0.31981241807588046     
                  143  0.14250000000000002       0.35355494827113992     
                  144  0.14350000000000002       0.39433679657655291     
                  145  0.14450000000000002       0.40934021719911140     
                  146  0.14549999999999999       0.41203445927965471     
                  147  0.14649999999999999       0.41354251120314578     
                  148  0.14749999999999999       0.41541221374101234     
                  149  0.14849999999999999       0.41683471670270422     
                  150  0.14949999999999999       0.41640856608449495     
                  151  0.15049999999999999       0.41622678946444547     
                  152  0.15150000000000000       0.41607082952162200     
                  153  0.15250000000000000       0.41689695251099634     
                  154  0.15350000000000000       0.41786358236480303     
                  155  0.15450000000000000       0.41808273263263845     
                  156  0.15550000000000000       0.41894547572850616     
                  157  0.15650000000000000       0.42024573986474656     
                  158  0.15750000000000000       0.42021748503439860     
                  159  0.15850000000000000       0.42054676932708041     
                  160  0.15950000000000000       0.42045094469551397     
                  161  0.16050000000000000       0.42075583851232434     
                  162  0.16150000000000000       0.42213648932138781     
                  163  0.16250000000000001       0.42090218741719365     
                  164  0.16350000000000001       0.42126444310331407     
                  165  0.16450000000000001       0.42309060352393718     
                  166  0.16550000000000001       0.42337741497389680     
                  167  0.16650000000000001       0.42286197724230568     
                  168  0.16750000000000001       0.42329337688872598     
                  169  0.16850000000000001       0.42433616980212474     
                  170  0.16950000000000001       0.42322375803988954     
                  171  0.17050000000000001       0.42182652932870390     
                  172  0.17150000000000001       0.42439469566451282     
                  173  0.17250000000000001       0.42630751672259526     
                  174  0.17350000000000002       0.42686195324659371     
                  175  0.17450000000000002       0.42899706095749213     
                  176  0.17549999999999999       0.42674329799358807     
                  177  0.17649999999999999       0.42756961569994056     
                  178  0.17749999999999999       0.42975870043255648     
                  179  0.17849999999999999       0.42717021942530375     
                  180  0.17949999999999999       0.42858984936541317     
                  181  0.18049999999999999       0.42998391223362153     
                  182  0.18149999999999999       0.43002953796653631     
                  183  0.18250000000000000       0.43273626499824047     
                  184  0.18350000000000000       0.43787534064680411     
                  185  0.18450000000000000       0.43460368275396594     
                  186  0.18550000000000000       0.43016873982510484     
                  187  0.18650000000000000       0.44057653971148708     
                  188  0.18750000000000000       0.43675338151571186     
                  189  0.18850000000000000       0.43272508535874671     
                  190  0.18950000000000000       0.44390613336126689     
                  191  0.19050000000000000       0.43566740023396638     
                  192  0.19150000000000000       0.43024265322408195     
                  193  0.19250000000000000       0.43585408893870148     
                  194  0.19350000000000001       0.43952130603286488     
                  195  0.19450000000000001       0.44451575227223261     
                  196  0.19550000000000001       0.44529389093954130     
                  197  0.19650000000000001       0.45207477861659706     
                  198  0.19750000000000001       0.46565740304653580     
                  199  0.19850000000000001       0.48030116825829594     
                  200  0.19950000000000001       0.52774422309543867     
