                    1     5.0000000000000001E-004    0.34505434037222971     
                    2     1.5000000000000000E-003    0.34502702882320246     
                    3     2.5000000000000001E-003    0.34499761818974378     
                    4     3.5000000000000001E-003    0.34496610887792495     
                    5     4.5000000000000005E-003    0.34493250081776167     
                    6     5.4999999999999997E-003    0.34489679345987762     
                    7     6.5000000000000006E-003    0.34485898577194207     
                    8     7.4999999999999997E-003    0.34481907623487662     
                    9     8.5000000000000006E-003    0.34477706283882897     
                   10     9.5000000000000015E-003    0.34473294307890900     
                   11     1.0499999999999999E-002    0.34468671395068329     
                   12     1.1500000000000000E-002    0.34463837194542357     
                   13     1.2500000000000001E-002    0.34458791304510478     
                   14     1.3500000000000002E-002    0.34453533271714676     
                   15     1.4499999999999999E-002    0.34448062590889506     
                   16     1.5500000000000000E-002    0.34442378704183468     
                   17     1.6500000000000001E-002    0.34436481000553076     
                   18     1.7500000000000002E-002    0.34430368815128914     
                   19     1.8500000000000003E-002    0.34424041428553154     
                   20     1.9500000000000000E-002    0.34417498066287550     
                   21     2.0500000000000001E-002    0.34410737897891369     
                   22     2.1499999999999998E-002    0.34403760036268372     
                   23     2.2499999999999999E-002    0.34396563536881913     
                   24     2.3500000000000000E-002    0.34389147396937353     
                   25     2.4500000000000001E-002    0.34381510554530759     
                   26     2.5500000000000002E-002    0.34373651887762907     
                   27     2.6500000000000003E-002    0.34365570213817564     
                   28     2.7500000000000000E-002    0.34357264288002853     
                   29     2.8500000000000001E-002    0.34348732802754589     
                   30     2.9499999999999998E-002    0.34339974386600325     
                   31     3.0499999999999999E-002    0.34330987603082785     
                   32     3.1500000000000000E-002    0.34321770949641350     
                   33     3.2500000000000001E-002    0.34312322856450134     
                   34     3.3500000000000002E-002    0.34302641685211122     
                   35     3.4500000000000003E-002    0.34292725727900808     
                   36     3.5500000000000004E-002    0.34282573205468636     
                   37     3.6500000000000005E-002    0.34272182266485451     
                   38     3.7499999999999999E-002    0.34261550985740191     
                   39     3.8500000000000000E-002    0.34250677362782744     
                   40     3.9500000000000000E-002    0.34239559320411073     
                   41     4.0500000000000001E-002    0.34228194703100301     
                   42     4.1500000000000002E-002    0.34216581275371583     
                   43     4.2500000000000003E-002    0.34204716720098377     
                   44     4.3499999999999997E-002    0.34192598636747584     
                   45     4.4499999999999998E-002    0.34180224539552834     
                   46     4.5499999999999999E-002    0.34167591855617369     
                   47     4.6500000000000000E-002    0.34154697922943322     
                   48     4.7500000000000001E-002    0.34141539988384551     
                   49     4.8500000000000001E-002    0.34128115205519599     
                   50     4.9500000000000002E-002    0.34114420632441533     
                   51     5.0500000000000003E-002    0.34100453229460986     
                   52     5.1500000000000004E-002    0.34086209856718608     
                   53     5.2500000000000005E-002    0.34071687271702977     
                   54     5.3499999999999999E-002    0.34056882126669774     
                   55     5.4500000000000000E-002    0.34041790965957780     
                   56     5.5500000000000001E-002    0.34026410223197012     
                   57     5.6500000000000002E-002    0.34010736218404136     
                   58     5.7500000000000002E-002    0.33994765154959872     
                   59     5.8500000000000003E-002    0.33978493116463016     
                   60     5.9499999999999997E-002    0.33961916063455239     
                   61     6.0499999999999998E-002    0.33945029830010565     
                   62     6.1499999999999999E-002    0.33927830120183056     
                   63     6.2500000000000000E-002    0.33910312504305995     
                   64     6.3500000000000001E-002    0.33892472415135277     
                   65     6.4500000000000002E-002    0.33874305143829375     
                   66     6.5500000000000003E-002    0.33855805835758024     
                   67     6.6500000000000004E-002    0.33836969486130830     
                   68     6.7500000000000004E-002    0.33817790935437164     
                   69     6.8500000000000005E-002    0.33798264864687427     
                   70     6.9500000000000006E-002    0.33778385790445981     
                   71     7.0500000000000007E-002    0.33758148059644744     
                   72     7.1500000000000008E-002    0.33737545844166439     
                   73     7.2500000000000009E-002    0.33716573135185246     
                   74     7.3499999999999996E-002    0.33695223737252311     
                   75     7.4499999999999997E-002    0.33673491262112665     
                   76     7.5499999999999998E-002    0.33651369122239072     
                   77     7.6499999999999999E-002    0.33628850524067910     
                   78     7.7499999999999999E-002    0.33605928460920770     
                   79     7.8500000000000000E-002    0.33582595705594770     
                   80     7.9500000000000001E-002    0.33558844802603505     
                   81     8.0500000000000002E-002    0.33534668060049205     
                   82     8.1500000000000003E-002    0.33510057541105798     
                   83     8.2500000000000004E-002    0.33485005055090933     
                   84     8.3500000000000005E-002    0.33459502148104003     
                   85     8.4500000000000006E-002    0.33433540093205405     
                   86     8.5500000000000007E-002    0.33407109880111052     
                   87     8.6500000000000007E-002    0.33380202204374188     
                   88     8.7499999999999994E-002    0.33352807456025041     
                   89     8.8499999999999995E-002    0.33324915707636871     
                   90     8.9499999999999996E-002    0.33296516701784945     
                   91     9.0499999999999997E-002    0.33267599837863016     
                   92     9.1499999999999998E-002    0.33238154158219452     
                   93     9.2499999999999999E-002    0.33208168333573085     
                   94     9.3500000000000000E-002    0.33177630647666079     
                   95     9.4500000000000001E-002    0.33146528981108697     
                   96     9.5500000000000002E-002    0.33114850794368100     
                   97     9.6500000000000002E-002    0.33082583109850339     
                   98     9.7500000000000003E-002    0.33049712493021749     
                   99     9.8500000000000004E-002    0.33016225032512980     
                  100     9.9500000000000005E-002    0.32982106319145305     
                  101    0.10050000000000001         0.32947341423815790     
                  102    0.10150000000000001         0.32911914874174258     
                  103    0.10250000000000001         0.32875810630021374     
                  104    0.10350000000000001         0.32839012057353406     
                  105    0.10450000000000001         0.32801501900975466     
                  106    0.10550000000000000         0.32763262255600789     
                  107    0.10650000000000000         0.32724274535349668     
                  108    0.10750000000000000         0.32684519441557103     
                  109    0.10850000000000000         0.32643976928793728     
                  110    0.10950000000000000         0.32602626168999582     
                  111    0.11050000000000000         0.32560445513625025     
                  112    0.11150000000000000         0.32517412453667344     
                  113    0.11250000000000000         0.32473503577485308     
                  114    0.11350000000000000         0.32428694526266871     
                  115    0.11450000000000000         0.32382959947017859     
                  116    0.11550000000000001         0.32336273442930835     
                  117    0.11650000000000001         0.32288607520985368     
                  118    0.11750000000000001         0.32239933536622345     
                  119    0.11850000000000001         0.32190221635328686     
                  120    0.11950000000000000         0.32139440690965948     
                  121    0.12050000000000000         0.32087558240681596     
                  122    0.12150000000000000         0.32034540416260537     
                  123    0.12250000000000000         0.31980351871817825     
                  124    0.12350000000000000         0.31924955707816477     
                  125    0.12450000000000000         0.31868313391541681     
                  126    0.12550000000000000         0.31810384674411374     
                  127    0.12650000000000000         0.31751127506909294     
                  128    0.12750000000000000         0.31690497952573754     
                  129    0.12850000000000000         0.31628450103487515     
                  130    0.12950000000000000         0.31564936001274668     
                  131    0.13050000000000000         0.31499905569987424     
                  132    0.13150000000000001         0.31433306570851782     
                  133    0.13250000000000001         0.31365084594207343     
                  134    0.13350000000000001         0.31295183111952041     
                  135    0.13450000000000001         0.31223543625589145     
                  136    0.13550000000000001         0.31150105962310265     
                  137    0.13650000000000001         0.31074808796948972     
                  138    0.13750000000000001         0.30997590514746204     
                  139    0.13850000000000001         0.30918390583957178     
                  140    0.13950000000000001         0.30837151686073794     
                  141    0.14050000000000001         0.30753822966048427     
                  142    0.14150000000000001         0.30668364931875824     
                  143    0.14250000000000002         0.30580756776708584     
                  144    0.14350000000000002         0.30491007254163793     
                  145    0.14450000000000002         0.30399170764849914     
                  146    0.14549999999999999         0.30305371096973621     
                  147    0.14649999999999999         0.30209836445780480     
                  148    0.14749999999999999         0.30112951144210737     
                  149    0.14849999999999999         0.30135091245018997     
                  150    0.14949999999999999         0.29712119275118598     
                  151    0.15049999999999999         0.28749102685843808     
                  152    0.15150000000000000         0.25842585553793179     
                  153    0.15250000000000000         0.20831897705609587     
                  154    0.15350000000000000         0.16915453330378111     
                  155    0.15450000000000000         0.14636690416820780     
                  156    0.15550000000000000         0.13241789014269972     
                  157    0.15650000000000000         0.12312088158038710     
                  158    0.15750000000000000         0.11645075085660400     
                  159    0.15850000000000000         0.11138816474529815     
                  160    0.15950000000000000         0.10737588606213727     
                  161    0.16050000000000000         0.10408898771329927     
                  162    0.16150000000000000         0.10133584682612708     
                  163    0.16250000000000001          9.8988736702573521E-002
                  164    0.16350000000000001          9.6951328520478455E-002
                  165    0.16450000000000001          9.5155551409524988E-002
                  166    0.16550000000000001          9.3562721121324632E-002
                  167    0.16650000000000001          9.2140874790893418E-002
                  168    0.16750000000000001          9.0857437262715168E-002
                  169    0.16850000000000001          8.9690040511376912E-002
                  170    0.16950000000000001          8.8623007765434358E-002
                  171    0.17050000000000001          8.7643325809286965E-002
                  172    0.17150000000000001          8.6739691804010560E-002
                  173    0.17250000000000001          8.5903039481271593E-002
                  174    0.17350000000000002          8.5125795609393373E-002
                  175    0.17450000000000002          8.4401144500963407E-002
                  176    0.17549999999999999          8.3723221519239180E-002
                  177    0.17649999999999999          8.3087113335407359E-002
                  178    0.17749999999999999          8.2490304280313440E-002
                  179    0.17849999999999999          8.1928766864711677E-002
                  180    0.17949999999999999          8.1398401546812174E-002
                  181    0.18049999999999999          8.0897149412527736E-002
                  182    0.18149999999999999          8.0422774745330425E-002
                  183    0.18250000000000000          7.9973281244182445E-002
                  184    0.18350000000000000          7.9547021571199403E-002
                  185    0.18450000000000000          7.9142168904745333E-002
                  186    0.18550000000000000          7.8756986899814932E-002
                  187    0.18650000000000000          7.8390288741280442E-002
                  188    0.18750000000000000          7.8041222896587784E-002
                  189    0.18850000000000000          7.7708766673692115E-002
                  190    0.18950000000000000          7.7392028817700798E-002
                  191    0.19050000000000000          7.7090288446648406E-002
                  192    0.19150000000000000          7.6802521843213539E-002
                  193    0.19250000000000000          7.6528390582819752E-002
                  194    0.19350000000000001          7.6267534663333941E-002
                  195    0.19450000000000001          7.6019672457046689E-002
                  196    0.19550000000000001          7.5784571983457352E-002
                  197    0.19650000000000001          7.5561522452077451E-002
                  198    0.19750000000000001          7.5348845368681888E-002
                  199    0.19850000000000001          7.5157781893288728E-002
                  200    0.19950000000000001          8.8032255903246592E-002
