                    1   2.5000000000000001E-003  -51.279398700633344     
                    2   7.4999999999999997E-003  -51.278322236926854     
                    3   1.2500000000000001E-002  -51.276874142580255     
                    4   1.7500000000000002E-002  -51.275041022368598     
                    5   2.2499999999999999E-002  -51.272813895169627     
                    6   2.7500000000000000E-002  -51.270181617308133     
                    7   3.2500000000000001E-002  -51.267132238246063     
                    8   3.7500000000000006E-002  -51.263649315739926     
                    9   4.2499999999999996E-002  -51.259715524772055     
                   10   4.7500000000000001E-002  -51.255309477504085     
                   11   5.2500000000000005E-002  -51.250403970253956     
                   12   5.7499999999999996E-002  -51.244964831051121     
                   13   6.2500000000000000E-002  -51.238953107895682     
                   14   6.7500000000000004E-002  -51.232316995380280     
                   15   7.2500000000000009E-002  -51.224992312055868     
                   16   7.7499999999999999E-002  -51.216895977141789     
                   17   8.2500000000000004E-002  -51.207924066013092     
                   18   8.7499999999999994E-002  -51.197929725417197     
                   19   9.2499999999999999E-002  -51.186726160184961     
                   20   9.7500000000000003E-002  -51.174059195196349     
                   21  0.10250000000000001       -51.159555571718229     
                   22  0.10750000000000000       -51.142691545868395     
                   23  0.11250000000000000       -51.122692759886938     
                   24  0.11749999999999999       -51.098353221275623     
                   25  0.12250000000000000       -51.067750326191280     
                   26  0.12750000000000000       -51.027635663605224     
                   27  0.13250000000000001       -50.972322276991818     
                   28  0.13750000000000001       -50.891203218521802     
                   29  0.14250000000000002       -50.762899584854054     
                   30  0.14749999999999999       -50.501837618601812     
                   31  0.15250000000000000       -49.577954572462190     
                   32  0.15750000000000000       -48.778650110024408     
                   33  0.16250000000000001       -48.585263028132701     
                   34  0.16750000000000001       -48.556108956904708     
                   35  0.17250000000000001       -48.534800226689221     
                   36  0.17749999999999999       -48.513967839302396     
                   37  0.18250000000000000       -48.493663488476621     
                   38  0.18750000000000000       -48.473935200977294     
                   39  0.19250000000000000       -48.454826568425908     
                   40  0.19750000000000001       -48.436376810017379     
                   41  0.20250000000000001       -48.418621227195999     
                   42  0.20750000000000002       -48.401591743988149     
                   43  0.21249999999999999       -48.385317369118184     
                   44  0.21750000000000000       -48.369824526394758     
                   45  0.22250000000000000       -48.355137266054129     
                   46  0.22750000000000001       -48.341277397540779     
                   47  0.23250000000000001       -48.328264586416324     
                   48  0.23749999999999999       -48.316116447450966     
                   49  0.24249999999999999       -48.304848651804321     
                   50  0.24750000000000000       -48.294475053895376     
                   51  0.25250000000000000       -48.285007835221364     
                   52  0.25750000000000001       -48.276457658046901     
                   53  0.26250000000000001       -48.268833820696017     
                   54  0.26750000000000002       -48.262144406928407     
                   55  0.27250000000000002       -48.256396423596257     
                   56  0.27750000000000002       -48.251595922700709     
                   57  0.28250000000000003       -48.247748105697120     
                   58  0.28749999999999998       -48.244857409202282     
                   59  0.29249999999999998       -48.242927572111071     
                   60  0.29749999999999999       -48.241961684570441     
