                    1   2.5000000000000001E-003  -5.4939492001178412     
                    2   7.4999999999999997E-003  -5.2951945906689790     
                    3   1.2500000000000001E-002  -5.0898957712556516     
                    4   1.7500000000000002E-002  -4.8847187898258655     
                    5   2.2499999999999999E-002  -4.6794202531312372     
                    6   2.7500000000000000E-002  -4.4741452841907385     
                    7   3.2500000000000001E-002  -4.2687024839537600     
                    8   3.7500000000000006E-002  -4.0634249251369052     
                    9   4.2499999999999996E-002  -3.8584203059458924     
                   10   4.7500000000000001E-002  -3.6532833177061184     
                   11   5.2500000000000005E-002  -3.4482546509101164     
                   12   5.7499999999999996E-002  -3.2436877202121237     
                   13   6.2500000000000000E-002  -3.0397097985670336     
                   14   6.7500000000000004E-002  -2.8362204307333032     
                   15   7.2500000000000009E-002  -2.6333042302995606     
                   16   7.7499999999999999E-002  -2.4314498661397819     
                   17   8.2500000000000004E-002  -2.2308676118585939     
                   18   8.7499999999999994E-002  -2.0315157343767871     
                   19   9.2499999999999999E-002  -1.8337990086623646     
                   20   9.7500000000000003E-002  -1.6382268197420573     
                   21  0.10250000000000001       -1.4449675569705014     
                   22  0.10750000000000000       -1.2543882682459673     
                   23  0.11250000000000000       -1.0669733261419205     
                   24  0.11749999999999999      -0.88150556948096470     
                   25  0.12250000000000000      -0.69624530413411190     
                   26  0.12750000000000000      -0.51505164992116481     
                   27  0.13250000000000001      -0.33947772697534440     
                   28  0.13750000000000001      -0.16616110463402328     
                   29  0.14250000000000002        5.4200387350136423E-003
                   30  0.14749999999999999       0.17520429139762156     
                   31  0.15250000000000000       0.34341297389528913     
                   32  0.15750000000000000       0.51022053967048109     
                   33  0.16250000000000001       0.67576985800806000     
                   34  0.16750000000000001       0.84018179365102186     
                   35  0.17250000000000001        1.0035609718332128     
                   36  0.17749999999999999        1.1659994083964866     
                   37  0.18250000000000000        1.3275789671743745     
                   38  0.18750000000000000        1.4883731426226385     
                   39  0.19250000000000000        1.6484484234332757     
                   40  0.19750000000000001        1.8078653739021582     
                   41  0.20250000000000001        1.9666795116096263     
                   42  0.20750000000000002        2.1249420306240312     
                   43  0.21249999999999999        2.2827004037592040     
                   44  0.21750000000000000        2.4399988883269490     
                   45  0.22250000000000000        2.5968789540374191     
                   46  0.22750000000000001        2.7533796476803056     
                   47  0.23250000000000001        2.9095379062413391     
                   48  0.23749999999999999        3.0653888278124786     
                   49  0.24249999999999999        3.2209659078477957     
                   50  0.24750000000000000        3.3763012468839255     
                   51  0.25250000000000000        3.5314257347040230     
                   52  0.25750000000000001        3.6863692150174412     
                   53  0.26250000000000001        3.8411606340064406     
                   54  0.26750000000000002        3.9958281755186187     
                   55  0.27250000000000002        4.1503993852294450     
                   56  0.27750000000000002        4.3049012857391471     
                   57  0.28250000000000003        4.4593604842812553     
                   58  0.28749999999999998        4.6138032744820574     
                   59  0.29249999999999998        4.7682557333758222     
                   60  0.29749999999999999        4.9227438145271325     
