   0.0000000000000000                         2
   1.0000000000000000                         2
   1.9540000000000002                         2
   2.8641160000000001                         2
   3.8288389600000006                         2
   4.8514452976000007                         2
   5.9354080154560007                         2
   7.0844084963833609                         2
   8.3023490061663630                         2
   9.5933659465363448                         2
   10.961843903328527                         2
   12.412430537528239                         2
   13.950052369779934                         2
   15.579931511966731                         2
   17.307603402684734                         2
   19.138935606845820                         2
   21.080147743256571                         2
   23.137832607851966                         2
   25.318978564323086                         2
   27.630993278182473                         2
   30.081728874873424                         2
   32.679508607365833                         2
   35.433155123807786                         2
   38.352020431236255                         2
   41.446017657110431                         2
   44.725654716537058                         2
   48.202069999529286                         2
   51.887070199501046                         2
   55.793170411471110                         2
   59.933636636159378                         2
   64.322530834328944                         3
   68.974758684388689                         2
   73.626986534448434                         2
   78.558348055511757                         2
   83.785591267838882                         2
   89.326469072905638                         2
   95.199799546276395                         2
   101.42552984804939                         3
   108.02480396792878                         3
   114.62407808780816                         2
   121.22335220768754                         3
   128.21858277475968                         2
   135.21381334183184                         2
   142.62875774292831                         2
   150.48859880809059                         2
   158.82003033716259                         2
   167.65134775797893                         2
   177.01254422404423                         2
   186.93541247807346                         2
   197.45365282734443                         3
   208.60298759757165                         3
   219.75232236779888                         3
   230.90165713802611                         3
   242.05099190825334                         2
   253.20032667848056                         3
   265.01862153492141                         3
   276.83691639136225                         2
   286.29155227651495                         3
   296.31346631477680                         2
   306.33538035303866                         2
   316.95860923359623                         2
   328.21923184698727                         2
   340.15549181718177                         2
   352.80792738558790                         2
   366.21950908809845                         2
   380.43578569275962                         2
   395.50503889370043                         2
   411.47844728669770                         3
   428.41026018327483                         3
   445.34207307985196                         3
   462.27388597642909                         3
   479.20569887300621                         2
   492.75114919026788                         3
   507.10932652656527                         2
   521.46750386286271                         2
   536.68717183933791                         2
   552.82001989440164                         2
   569.92083883276928                         2
   588.04770690743896                         2
   607.26218706658881                         2
   627.62953603528763                         2
   649.21892594210840                         2
   672.10367924333843                         2
   696.36151774264226                         2
   722.07482655190427                         3
   749.33093388972202                         3
   776.58704122753977                         2
   803.84314856535752                         3
   832.73462234344436                         4
   855.84780136591382                         2
   878.96098038838329                         2
   903.46095015220089                         2
   929.43091810184751                         2
   956.95908412847302                         2
   986.13894011669606                         2
   1017.0695874642124                         2
   1049.8560736525799                         2
   1084.6097490122493                         3
   1121.4486448934988                         3
   1158.2875407747483                         3
   1195.1264366559978                         3
   1231.9653325372474                         2
   1268.8042284184969                         2
   1307.8534580526214                         3
   1349.2456414647934                         2
   1390.6378248769654                         2
   1434.5135392938678                         2
   1481.0217965757843                         2
   1530.3205492946158                         3
   1582.5772271765773                         3
   1634.8339050585387                         3
   1687.0905829405001                         2
   1739.3472608224615                         2
   1794.7393393773407                         2
   1853.4549426455126                         3
   1915.6934821097748                         3
   1977.9320215740370                         3
   2040.1705610382992                         3
   2102.4091005025612                         3
   2164.6476399668231                         3
   2226.8861794310851                         2
   2289.1247188953471                         2
   2355.0975707274652                         3
   2425.0287936695099                         3
   2494.9600166115547                         2
   2550.9049949651908                         3
   2610.2066720200451                         2
   2669.5083490748993                         2
   2732.3681267530446                         2
   2798.9994910918786                         2
   2869.6287372910429                         3
   2944.4957382621569                         3
   3019.3627392332710                         3
   3094.2297402043851                         2
   3169.0967411754991                         2
   3248.4557622048801                         3
   3332.5763244960240                         3
   3416.6968867871678                         2
   3500.8174490783117                         3
   3589.9852451069241                         3
   3661.3194819298142                         3
   3732.6537187527042                         2
   3803.9879555755942                         2
   3879.6022466078575                         2
   3959.7533951020564                         3
   4044.7136125059073                         3
   4129.6738299097588                         3
   4197.6420038328397                         3
   4265.6101777559206                         2
   4333.5783516790016                         2
   4405.6246160374676                         2
   4481.9936562574412                         3
   4562.9448388906130                         2
   4643.8960215237848                         2
   4729.7042751149474                         3
   4820.6610239215797                         3
   4911.6177727282120                         2
   4969.8300919644562                         3
   5031.5351503548754                         2
   5093.2402087452947                         2
   5158.6475706391393                         2
   5227.9793742466145                         2
   5301.4710860705381                         3
   5379.3723006038972                         3
   5457.2735151372563                         2
   5535.1747296706153                         3
   5617.7500170759758                         2
   5700.3253044813364                         2
   5787.8551091310183                         3
   5880.6367020596808                         3
   5973.4182949883434                         2
   6066.1998879170060                         2
   6164.5483764213886                         3
   6268.7977742360345                         2
   6373.0471720506803                         2
   6461.4506613975000                         3
   6555.1583601051288                         2
   6648.8660588127577                         2
   6748.1962194428443                         3
   6853.4861897107357                         3
   6958.7761599786272                         3
   7064.0661302465187                         2
   7148.2981064608321                         3
   7237.5840012480039                         2
   7326.8698960351758                         2
   7421.5129445095781                         2
   7521.8345758924452                         3
   7628.1755051582841                         2
   7734.5164344241230                         3
   7847.2378194459116                         2
   7959.9592044677001                         2
   8079.4438725907967                         3
   8206.0976208012780                         2
   8332.7513690117594                         2
   8467.0043421148712                         3
   8609.3124936041695                         3
   8751.6206450934678                         2
   8865.4671662849069                         3
   8986.1444787478322                         2
   9106.8217912107575                         3
   9234.7397424214578                         3
   9362.6576936321580                         2
   9490.5756448428583                         3
   9626.1686731261998                         3
   9761.7617014095413                         2
   9897.3547296928828                         3
   10041.083339673225                         2
   10184.811949653567                         3
   10337.164276232730                         3
   10489.516602811893                         3
   10641.868929391056                         3
   10794.221255970218                         2
   10946.573582549381                         3
   11108.067048723295                         3
   11269.560514897208                         2
   11431.053981071122                         3
   11602.237055215470                         2
   11773.420129359818                         2
   11954.874187952826                         2
   12147.215490061415                         3
   12347.215490061415                         3
   12547.215490061415                         3
   12747.215490061415                         3
   12947.215490061415                         3
   13147.215490061415                         2
   13307.215490061415                         3
   13476.815490061415                         2
   13646.415490061416                         2
   13826.191490061416                         2
   14016.754050061416                         3
   14216.754050061416                         3
   14416.754050061416                         3
   14616.754050061416                         3
   14816.754050061416                         3
   15016.754050061416                         3
   15216.754050061416                         3
   15416.754050061416                         3
   15616.754050061416                         3
   15816.754050061416                         2
   16016.754050061416                         2
   16216.754050061416                         2
   16416.754050061416                         3
   16616.754050061416                         3
   16816.754050061416                         3
   17016.754050061416                         3
   17216.754050061416                         2
   17416.754050061416                         3
   17616.754050061416                         3
   17816.754050061416                         3
   18016.754050061416                         3
   18216.754050061416                         2
   18416.754050061416                         2
   18616.754050061416                         2
   18816.754050061416                         3
   19016.754050061416                         2
   19216.754050061416                         3
   19416.754050061416                         3
   19616.754050061416                         2
   19816.754050061416                         2
   20016.754050061416                         3
   20216.754050061416                         2
   20416.754050061416                         2
   20616.754050061416                         3
   20816.754050061416                         2
   21016.754050061416                         2
   21216.754050061416                         2
   21416.754050061416                         2
   21616.754050061416                         3
   21816.754050061416                         2
   22016.754050061416                         2
   22216.754050061416                         2
   22416.754050061416                         2
   22616.754050061416                         2
   22816.754050061416                         3
   23016.754050061416                         2
   23216.754050061416                         2
   23416.754050061416                         3
   23616.754050061416                         2
   23816.754050061416                         2
   24016.754050061416                         2
   24216.754050061416                         2
   24416.754050061416                         2
   24616.754050061416                         3
   24816.754050061416                         2
   25016.754050061416                         2
   25216.754050061416                         2
   25416.754050061416                         2
   25616.754050061416                         2
   25816.754050061416                         3
   26016.754050061416                         2
   26216.754050061416                         2
   26416.754050061416                         2
   26616.754050061416                         3
   26816.754050061416                         2
   27016.754050061416                         2
   27216.754050061416                         2
   27416.754050061416                         2
   27616.754050061416                         2
   27776.754050061416                         3
   27946.354050061414                         2
   28115.954050061413                         2
   28295.730050061415                         2
   28486.292610061413                         2
   28686.292610061413                         2
   28886.292610061413                         2
   29086.292610061413                         3
   29286.292610061413                         2
   29486.292610061413                         2
   29686.292610061413                         2
   29886.292610061413                         3
   30086.292610061413                         2
   30286.292610061413                         2
   30486.292610061413                         2
   30686.292610061413                         2
   30886.292610061413                         2
   31086.292610061413                         3
   31286.292610061413                         2
   31486.292610061413                         2
   31686.292610061413                         2
   31886.292610061413                         2
   32086.292610061413                         2
   32286.292610061413                         2
   32486.292610061413                         2
   32686.292610061413                         3
   32886.292610061413                         2
   33086.292610061413                         2
   33286.292610061413                         2
   33486.292610061413                         2
   33646.292610061413                         3
   33815.892610061412                         2
   33985.492610061410                         2
   34165.268610061408                         2
   34355.831170061407                         2
   34555.831170061407                         2
   34755.831170061407                         2
   34955.831170061407                         3
   35155.831170061407                         2
   35355.831170061407                         2
   35555.831170061407                         2
   35755.831170061407                         2
   35955.831170061407                         2
   36155.831170061407                         2
   36355.831170061407                         2
   36555.831170061407                         2
   36715.831170061407                         2
   36885.431170061405                         2
   37065.207170061403                         2
   37255.769730061402                         2
   37455.769730061402                         2
   37655.769730061402                         3
   37855.769730061402                         2
   38055.769730061402                         2
   38255.769730061402                         2
   38455.769730061402                         2
   38655.769730061402                         2
   38855.769730061402                         2
   39055.769730061402                         2
   39255.769730061402                         3
   39455.769730061402                         2
   39655.769730061402                         2
   39855.769730061402                         2
   40055.769730061402                         2
   40255.769730061402                         2
   40455.769730061402                         2
   40655.769730061402                         2
   40855.769730061402                         2
   41055.769730061402                         3
   41255.769730061402                         2
   41455.769730061402                         2
   41655.769730061402                         2
   41855.769730061402                         2
   42055.769730061402                         3
   42255.769730061402                         2
   42455.769730061402                         2
   42655.769730061402                         2
   42855.769730061402                         2
   43055.769730061402                         2
   43255.769730061402                         2
   43455.769730061402                         2
   43655.769730061402                         2
   43855.769730061402                         3
   44055.769730061402                         2
   44255.769730061402                         2
   44455.769730061402                         2
   44655.769730061402                         2
   44855.769730061402                         2
   45055.769730061402                         2
   45255.769730061402                         2
   45455.769730061402                         2
   45655.769730061402                         2
   45855.769730061402                         2
   46055.769730061402                         2
   46255.769730061402                         2
   46455.769730061402                         2
   46655.769730061402                         2
   46855.769730061402                         2
   47055.769730061402                         3
   47255.769730061402                         2
   47455.769730061402                         2
   47655.769730061402                         2
   47855.769730061402                         2
   48055.769730061402                         2
   48255.769730061402                         2
   48455.769730061402                         2
   48655.769730061402                         2
   48855.769730061402                         2
   49055.769730061402                         3
   49255.769730061402                         2
   49455.769730061402                         2
   49655.769730061402                         2
   49855.769730061402                         2
   50055.769730061402                         2
   50255.769730061402                         2
   50455.769730061402                         2
   50655.769730061402                         2
   50855.769730061402                         2
   51055.769730061402                         2
   51255.769730061402                         2
   51455.769730061402                         2
   51655.769730061402                         2
   51855.769730061402                         2
   52055.769730061402                         2
   52255.769730061402                         2
   52455.769730061402                         2
   52655.769730061402                         2
   52855.769730061402                         3
   53055.769730061402                         2
   53255.769730061402                         2
   53455.769730061402                         2
   53655.769730061402                         2
   53855.769730061402                         2
   54055.769730061402                         2
   54255.769730061402                         2
   54455.769730061402                         2
   54655.769730061402                         2
   54855.769730061402                         2
   55055.769730061402                         3
   55255.769730061402                         2
   55455.769730061402                         2
   55655.769730061402                         2
   55855.769730061402                         2
   56055.769730061402                         2
   56255.769730061402                         2
   56455.769730061402                         2
   56655.769730061402                         2
   56855.769730061402                         2
   57055.769730061402                         2
   57255.769730061402                         2
   57455.769730061402                         2
   57655.769730061402                         2
   57855.769730061402                         2
   58055.769730061402                         2
   58255.769730061402                         2
   58455.769730061402                         2
   58655.769730061402                         2
   58855.769730061402                         2
   59055.769730061402                         2
   59255.769730061402                         3
   59455.769730061402                         2
   59655.769730061402                         2
   59855.769730061402                         2
   60055.769730061402                         2
   60255.769730061402                         2
   60455.769730061402                         2
   60655.769730061402                         2
   60855.769730061402                         2
   61055.769730061402                         2
   61255.769730061402                         2
   61455.769730061402                         2
   61655.769730061402                         3
   61855.769730061402                         2
   62055.769730061402                         2
   62255.769730061402                         2
   62455.769730061402                         2
   62655.769730061402                         2
   62855.769730061402                         2
   63055.769730061402                         2
   63255.769730061402                         2
   63455.769730061402                         2
   63655.769730061402                         2
   63855.769730061402                         2
   64055.769730061402                         2
   64255.769730061402                         2
   64455.769730061402                         2
   64655.769730061402                         2
   64855.769730061402                         2
   65055.769730061402                         2
   65255.769730061402                         2
   65455.769730061402                         2
   65655.769730061409                         2
   65855.769730061409                         2
   66055.769730061409                         2
   66255.769730061409                         2
   66455.769730061409                         2
   66655.769730061409                         3
   66855.769730061409                         2
   67055.769730061409                         2
   67255.769730061409                         2
   67455.769730061409                         2
   67655.769730061409                         2
   67855.769730061409                         2
   68055.769730061409                         2
   68255.769730061409                         2
   68455.769730061409                         2
   68655.769730061409                         2
   68855.769730061409                         2
   69055.769730061409                         2
   69255.769730061409                         2
   69455.769730061409                         3
   69655.769730061409                         2
   69855.769730061409                         2
   70055.769730061409                         2
   70255.769730061409                         2
   70455.769730061409                         2
   70655.769730061409                         2
   70855.769730061409                         2
   71055.769730061409                         2
   71255.769730061409                         2
   71455.769730061409                         2
   71655.769730061409                         2
   71855.769730061409                         2
   72055.769730061409                         2
   72255.769730061409                         2
   72455.769730061409                         2
   72655.769730061409                         2
   72855.769730061409                         2
   73055.769730061409                         2
   73255.769730061409                         2
   73455.769730061409                         2
   73655.769730061409                         2
   73855.769730061409                         2
   74055.769730061409                         2
   74255.769730061409                         2
   74455.769730061409                         2
   74655.769730061409                         2
   74855.769730061409                         2
   75055.769730061409                         2
   75215.769730061409                         3
   75385.369730061415                         2
   75554.969730061421                         2
   75734.745730061419                         2
   75925.308290061424                         2
   76125.308290061424                         2
   76325.308290061424                         2
   76525.308290061424                         2
   76725.308290061424                         2
   76925.308290061424                         2
   77125.308290061424                         2
   77325.308290061424                         2
   77525.308290061424                         2
   77725.308290061424                         2
   77925.308290061424                         2
   78125.308290061424                         2
   78325.308290061424                         2
   78525.308290061424                         3
   78725.308290061424                         2
   78925.308290061424                         2
   79125.308290061424                         2
   79325.308290061424                         2
   79525.308290061424                         2
   79725.308290061424                         2
   79925.308290061424                         2
   80125.308290061424                         2
   80325.308290061424                         2
   80525.308290061424                         2
   80725.308290061424                         2
   80925.308290061424                         2
   81125.308290061424                         2
   81325.308290061424                         2
   81525.308290061424                         2
   81725.308290061424                         2
   81925.308290061424                         2
   82125.308290061424                         2
   82325.308290061424                         2
   82525.308290061424                         2
   82725.308290061424                         2
   82925.308290061424                         2
   83125.308290061424                         2
   83325.308290061424                         2
   83525.308290061424                         2
   83725.308290061424                         2
   83925.308290061424                         2
   84125.308290061424                         2
   84325.308290061424                         2
   84525.308290061424                         2
   84725.308290061424                         2
   84925.308290061424                         2
   85125.308290061424                         2
   85325.308290061424                         3
   85525.308290061424                         2
   85725.308290061424                         2
   85925.308290061424                         2
   86125.308290061424                         2
   86325.308290061424                         2
   86525.308290061424                         2
   86725.308290061424                         2
   86925.308290061424                         2
   87125.308290061424                         2
   87325.308290061424                         2
   87525.308290061424                         2
   87725.308290061424                         2
   87925.308290061424                         2
   88125.308290061424                         2
   88325.308290061424                         2
   88525.308290061424                         2
   88725.308290061424                         2
   88925.308290061424                         2
   89125.308290061424                         2
   89325.308290061424                         3
   89525.308290061424                         2
   89725.308290061424                         2
   89925.308290061424                         2
   90125.308290061424                         2
   90325.308290061424                         2
   90525.308290061424                         2
   90725.308290061424                         2
   90925.308290061424                         2
   91125.308290061424                         2
   91325.308290061424                         2
   91525.308290061424                         2
   91725.308290061424                         2
   91925.308290061424                         2
   92125.308290061424                         2
   92325.308290061424                         2
   92525.308290061424                         2
   92725.308290061424                         2
   92925.308290061424                         2
   93125.308290061424                         2
   93325.308290061424                         2
   93525.308290061424                         2
   93725.308290061424                         2
   93925.308290061424                         2
   94125.308290061424                         2
   94325.308290061424                         2
   94525.308290061424                         2
   94725.308290061424                         2
   94925.308290061424                         2
   95125.308290061424                         2
   95325.308290061424                         2
   95525.308290061424                         2
   95725.308290061424                         2
   95925.308290061424                         2
   96125.308290061424                         2
   96325.308290061424                         2
   96525.308290061424                         2
   96725.308290061424                         2
   96925.308290061424                         2
   97125.308290061424                         2
   97325.308290061424                         1
   97525.308290061424                         1
   97725.308290061424                         2
   97925.308290061424                         2
   98125.308290061424                         2
   98325.308290061424                         2
   98525.308290061424                         2
   98725.308290061424                         2
   98925.308290061424                         2
   99125.308290061424                         2
   99325.308290061424                         2
   99525.308290061424                         2
   99725.308290061424                         2
   99925.308290061424                         2
   100125.30829006142                         2
   100325.30829006142                         2
   100525.30829006142                         2
   100725.30829006142                         1
   100925.30829006142                         1
   101125.30829006142                         1
   101325.30829006142                         2
   101525.30829006142                         2
   101725.30829006142                         2
   101925.30829006142                         2
   102125.30829006142                         2
   102325.30829006142                         1
   102525.30829006142                         1
   102725.30829006142                         2
   102925.30829006142                         2
   103125.30829006142                         2
   103325.30829006142                         2
   103525.30829006142                         2
   103725.30829006142                         2
   103925.30829006142                         2
   104125.30829006142                         2
   104325.30829006142                         2
   104525.30829006142                         2
   104725.30829006142                         2
   104925.30829006142                         2
   105125.30829006142                         2
   105325.30829006142                         2
   105525.30829006142                         2
   105725.30829006142                         2
   105925.30829006142                         2
   106125.30829006142                         2
   106325.30829006142                         2
   106525.30829006142                         2
   106725.30829006142                         2
   106925.30829006142                         2
   107125.30829006142                         1
   107325.30829006142                         2
   107525.30829006142                         2
   107725.30829006142                         2
   107925.30829006142                         1
   108125.30829006142                         1
   108325.30829006142                         1
   108525.30829006142                         1
   108725.30829006142                         1
   108925.30829006142                         1
   109125.30829006142                         2
   109325.30829006142                         2
   109525.30829006142                         2
   109725.30829006142                         1
   109925.30829006142                         1
   110125.30829006142                         1
   110325.30829006142                         1
   110525.30829006142                         1
   110725.30829006142                         1
   110925.30829006142                         1
   111125.30829006142                         1
   111325.30829006142                         1
   111525.30829006142                         1
   111725.30829006142                         1
   111925.30829006142                         1
   112125.30829006142                         1
   112325.30829006142                         1
   112525.30829006142                         1
   112725.30829006142                         2
   112925.30829006142                         2
   113125.30829006142                         2
   113325.30829006142                         2
   113525.30829006142                         2
   113725.30829006142                         2
   113925.30829006142                         2
   114125.30829006142                         2
   114325.30829006142                         1
   114525.30829006142                         1
   114725.30829006142                         1
   114925.30829006142                         1
   115125.30829006142                         1
   115325.30829006142                         1
   115525.30829006142                         1
   115725.30829006142                         1
   115925.30829006142                         1
   116125.30829006142                         1
   116325.30829006142                         1
   116525.30829006142                         1
   116725.30829006142                         1
   116925.30829006142                         1
   117125.30829006142                         1
   117325.30829006142                         1
   117525.30829006142                         1
   117725.30829006142                         1
   117925.30829006142                         1
   118125.30829006142                         1
   118325.30829006142                         1
   118525.30829006142                         1
   118725.30829006142                         1
   118925.30829006142                         1
   119125.30829006142                         2
   119325.30829006142                         2
   119525.30829006142                         2
   119725.30829006142                         2
   119925.30829006142                         2
   120125.30829006142                         2
   120325.30829006142                         2
   120525.30829006142                         2
   120725.30829006142                         2
   120925.30829006142                         2
   121125.30829006142                         2
   121325.30829006142                         2
   121525.30829006142                         2
   121725.30829006142                         2
   121925.30829006142                         2
   122125.30829006142                         2
   122325.30829006142                         2
   122525.30829006142                         2
   122725.30829006142                         2
   122925.30829006142                         2
   123125.30829006142                         2
   123325.30829006142                         1
   123525.30829006142                         1
   123725.30829006142                         1
   123925.30829006142                         1
   124125.30829006142                         1
   124325.30829006142                         1
   124525.30829006142                         1
   124725.30829006142                         1
   124925.30829006142                         1
   125125.30829006142                         1
   125325.30829006142                         1
   125525.30829006142                         1
   125725.30829006142                         1
   125925.30829006142                         1
   126125.30829006142                         1
   126325.30829006142                         1
   126525.30829006142                         1
   126725.30829006142                         1
   126925.30829006142                         1
   127125.30829006142                         1
   127325.30829006142                         1
   127525.30829006142                         1
   127725.30829006142                         1
   127925.30829006142                         1
   128125.30829006142                         1
   128325.30829006142                         1
   128525.30829006142                         1
   128725.30829006142                         1
   128925.30829006142                         1
   129125.30829006142                         1
   129325.30829006142                         1
   129525.30829006142                         1
   129725.30829006142                         1
   129925.30829006142                         1
   130125.30829006142                         1
   130325.30829006142                         1
   130525.30829006142                         1
   130725.30829006142                         1
   130925.30829006142                         1
   131125.30829006142                         1
   131325.30829006142                         1
   131525.30829006142                         1
   131725.30829006142                         1
   131925.30829006142                         1
   132125.30829006142                         1
   132325.30829006142                         2
   132525.30829006142                         2
   132725.30829006142                         2
   132925.30829006142                         2
   133125.30829006142                         1
   133325.30829006142                         1
   133525.30829006142                         1
   133725.30829006142                         1
   133925.30829006142                         1
   134125.30829006142                         1
   134325.30829006142                         1
   134525.30829006142                         1
   134725.30829006142                         1
   134925.30829006142                         1
   135125.30829006142                         1
   135325.30829006142                         1
   135525.30829006142                         1
   135725.30829006142                         1
   135925.30829006142                         1
   136125.30829006142                         1
   136325.30829006142                         1
   136525.30829006142                         1
   136725.30829006142                         1
   136925.30829006142                         1
   137125.30829006142                         1
   137325.30829006142                         1
   137525.30829006142                         1
   137725.30829006142                         1
   137925.30829006142                         1
   138125.30829006142                         1
   138325.30829006142                         1
   138525.30829006142                         1
   138725.30829006142                         1
   138925.30829006142                         1
   139125.30829006142                         1
   139325.30829006142                         1
   139525.30829006142                         1
   139725.30829006142                         1
   139925.30829006142                         1
   140125.30829006142                         1
   140325.30829006142                         1
   140525.30829006142                         1
   140725.30829006142                         2
   140925.30829006142                         2
   141125.30829006142                         2
   141325.30829006142                         2
   141525.30829006142                         2
   141725.30829006142                         2
   141925.30829006142                         2
   142125.30829006142                         2
   142325.30829006142                         2
   142525.30829006142                         2
   142725.30829006142                         2
   142925.30829006142                         2
   143125.30829006142                         1
   143325.30829006142                         1
   143525.30829006142                         1
   143725.30829006142                         1
   143925.30829006142                         1
   144125.30829006142                         1
   144325.30829006142                         1
   144525.30829006142                         1
   144725.30829006142                         1
   144925.30829006142                         1
   145125.30829006142                         1
   145325.30829006142                         1
   145525.30829006142                         1
   145725.30829006142                         1
   145925.30829006142                         1
   146125.30829006142                         1
   146325.30829006142                         1
   146525.30829006142                         1
   146725.30829006142                         1
   146925.30829006142                         1
   147125.30829006142                         1
   147325.30829006142                         1
   147525.30829006142                         1
   147725.30829006142                         1
   147925.30829006142                         1
   148125.30829006142                         1
   148325.30829006142                         1
   148525.30829006142                         1
   148725.30829006142                         1
   148925.30829006142                         1
   149125.30829006142                         1
   149325.30829006142                         1
   149525.30829006142                         1
   149725.30829006142                         1
   149925.30829006142                         1
   150125.30829006142                         1
   150325.30829006142                         1
   150525.30829006142                         1
   150725.30829006142                         1
   150925.30829006142                         1
   151125.30829006142                         1
   151325.30829006142                         1
   151525.30829006142                         1
   151725.30829006142                         1
   151925.30829006142                         1
   152125.30829006142                         1
   152325.30829006142                         1
   152525.30829006142                         1
   152725.30829006142                         1
   152925.30829006142                         1
   153125.30829006142                         1
   153325.30829006142                         1
   153525.30829006142                         1
   153725.30829006142                         1
   153925.30829006142                         1
   154125.30829006142                         1
   154325.30829006142                         1
   154525.30829006142                         1
   154725.30829006142                         1
   154925.30829006142                         1
   155125.30829006142                         1
   155325.30829006142                         1
   155525.30829006142                         1
   155725.30829006142                         1
   155925.30829006142                         1
   156125.30829006142                         1
   156325.30829006142                         1
   156525.30829006142                         1
   156725.30829006142                         1
   156925.30829006142                         1
   157125.30829006142                         1
   157325.30829006142                         1
   157525.30829006142                         1
   157725.30829006142                         1
   157925.30829006142                         1
   158125.30829006142                         1
   158325.30829006142                         1
   158525.30829006142                         1
   158725.30829006142                         2
   158925.30829006142                         2
   159125.30829006142                         2
   159325.30829006142                         1
   159525.30829006142                         1
   159725.30829006142                         1
   159925.30829006142                         1
   160125.30829006142                         1
   160325.30829006142                         1
   160525.30829006142                         1
   160725.30829006142                         1
   160925.30829006142                         1
   161125.30829006142                         1
   161325.30829006142                         1
   161525.30829006142                         1
   161725.30829006142                         1
   161925.30829006142                         1
   162125.30829006142                         1
   162325.30829006142                         1
   162525.30829006142                         1
   162725.30829006142                         1
   162925.30829006142                         1
   163125.30829006142                         1
   163325.30829006142                         1
   163525.30829006142                         1
   163725.30829006142                         1
   163925.30829006142                         1
   164125.30829006142                         1
   164325.30829006142                         1
   164525.30829006142                         1
   164725.30829006142                         1
   164925.30829006142                         1
   165125.30829006142                         1
   165325.30829006142                         1
   165525.30829006142                         1
   165725.30829006142                         1
   165925.30829006142                         1
   166125.30829006142                         1
   166325.30829006142                         1
   166525.30829006142                         1
   166725.30829006142                         1
   166925.30829006142                         1
   167125.30829006142                         1
   167325.30829006142                         1
   167525.30829006142                         1
   167725.30829006142                         1
   167925.30829006142                         1
   168125.30829006142                         1
   168325.30829006142                         1
   168525.30829006142                         1
   168725.30829006142                         1
   168925.30829006142                         1
   169125.30829006142                         1
   169325.30829006142                         1
   169525.30829006142                         1
   169725.30829006142                         1
   169925.30829006142                         1
   170125.30829006142                         1
   170325.30829006142                         1
   170525.30829006142                         1
   170725.30829006142                         2
   170925.30829006142                         2
   171125.30829006142                         2
   171325.30829006142                         2
   171525.30829006142                         2
   171725.30829006142                         2
   171925.30829006142                         2
   172125.30829006142                         1
   172325.30829006142                         1
   172525.30829006142                         1
   172725.30829006142                         1
   172925.30829006142                         1
   173125.30829006142                         1
   173325.30829006142                         1
   173525.30829006142                         1
   173725.30829006142                         1
   173925.30829006142                         1
   174125.30829006142                         1
   174325.30829006142                         1
   174525.30829006142                         1
   174725.30829006142                         1
   174925.30829006142                         1
   175125.30829006142                         1
   175325.30829006142                         1
   175525.30829006142                         1
   175725.30829006142                         1
   175925.30829006142                         1
   176125.30829006142                         1
   176325.30829006142                         1
   176525.30829006142                         1
   176725.30829006142                         1
   176925.30829006142                         1
   177125.30829006142                         1
   177325.30829006142                         1
   177525.30829006142                         1
   177725.30829006142                         1
   177925.30829006142                         1
   178125.30829006142                         1
   178325.30829006142                         1
   178525.30829006142                         1
   178725.30829006142                         1
   178925.30829006142                         1
   179125.30829006142                         1
   179325.30829006142                         1
   179525.30829006142                         1
   179725.30829006142                         1
   179925.30829006142                         1
   180125.30829006142                         1
   180325.30829006142                         1
   180525.30829006142                         1
   180725.30829006142                         1
   180925.30829006142                         1
   181125.30829006142                         1
   181325.30829006142                         1
   181525.30829006142                         1
   181725.30829006142                         1
   181925.30829006142                         1
   182125.30829006142                         1
   182325.30829006142                         1
   182525.30829006142                         1
   182725.30829006142                         1
   182925.30829006142                         1
   183125.30829006142                         1
   183325.30829006142                         1
   183525.30829006142                         1
   183725.30829006142                         1
   183925.30829006142                         1
   184125.30829006142                         1
   184325.30829006142                         1
   184525.30829006142                         1
   184725.30829006142                         1
   184925.30829006142                         1
   185125.30829006142                         1
   185325.30829006142                         1
   185525.30829006142                         1
   185725.30829006142                         1
   185925.30829006142                         1
   186125.30829006142                         1
   186325.30829006142                         1
   186525.30829006142                         1
   186725.30829006142                         1
   186925.30829006142                         1
   187125.30829006142                         1
   187325.30829006142                         1
   187525.30829006142                         1
   187725.30829006142                         1
   187925.30829006142                         1
   188125.30829006142                         1
   188325.30829006142                         1
   188525.30829006142                         1
   188725.30829006142                         1
   188925.30829006142                         1
   189125.30829006142                         1
   189325.30829006142                         1
   189525.30829006142                         1
   189725.30829006142                         1
   189925.30829006142                         1
   190125.30829006142                         1
   190325.30829006142                         1
   190525.30829006142                         1
   190725.30829006142                         1
   190925.30829006142                         1
   191125.30829006142                         1
   191325.30829006142                         1
   191525.30829006142                         1
   191725.30829006142                         1
   191925.30829006142                         1
   192125.30829006142                         1
   192325.30829006142                         1
   192525.30829006142                         1
   192725.30829006142                         1
   192925.30829006142                         1
   193125.30829006142                         1
   193325.30829006142                         1
   193525.30829006142                         1
   193725.30829006142                         1
   193925.30829006142                         1
   194125.30829006142                         1
   194325.30829006142                         1
   194525.30829006142                         1
   194725.30829006142                         1
   194925.30829006142                         1
   195125.30829006142                         1
   195325.30829006142                         1
   195525.30829006142                         1
   195725.30829006142                         1
   195925.30829006142                         1
   196125.30829006142                         1
   196325.30829006142                         1
   196525.30829006142                         1
   196725.30829006142                         1
   196925.30829006142                         1
   197125.30829006142                         1
   197325.30829006142                         2
   197525.30829006142                         2
   197725.30829006142                         1
   197925.30829006142                         1
   198125.30829006142                         1
   198325.30829006142                         1
   198525.30829006142                         1
   198725.30829006142                         1
   198925.30829006142                         1
   199125.30829006142                         1
   199325.30829006142                         1
   199525.30829006142                         1
   199725.30829006142                         1
   199925.30829006142                         1
   200125.30829006142                         1
   200325.30829006142                         1
   200525.30829006142                         1
   200725.30829006142                         1
   200925.30829006142                         1
   201125.30829006142                         1
   201325.30829006142                         1
   201525.30829006142                         1
   201725.30829006142                         1
   201925.30829006142                         1
   202125.30829006142                         1
   202325.30829006142                         1
   202525.30829006142                         1
   202725.30829006142                         1
   202925.30829006142                         1
   203125.30829006142                         1
   203325.30829006142                         1
   203525.30829006142                         1
   203725.30829006142                         1
   203925.30829006142                         1
   204125.30829006142                         1
   204325.30829006142                         1
   204525.30829006142                         1
   204725.30829006142                         1
   204925.30829006142                         1
   205125.30829006142                         1
   205325.30829006142                         1
   205525.30829006142                         1
   205725.30829006142                         1
   205925.30829006142                         1
   206125.30829006142                         1
   206325.30829006142                         1
   206525.30829006142                         1
   206725.30829006142                         1
   206925.30829006142                         1
   207125.30829006142                         1
   207325.30829006142                         1
   207525.30829006142                         1
   207725.30829006142                         1
   207925.30829006142                         1
   208125.30829006142                         1
   208325.30829006142                         1
   208525.30829006142                         1
   208725.30829006142                         1
   208925.30829006142                         1
   209125.30829006142                         1
   209325.30829006142                         1
   209525.30829006142                         1
   209725.30829006142                         1
   209925.30829006142                         1
   210125.30829006142                         1
   210325.30829006142                         1
   210525.30829006142                         1
   210725.30829006142                         1
   210925.30829006142                         1
   211125.30829006142                         1
   211325.30829006142                         1
   211525.30829006142                         1
   211725.30829006142                         1
   211925.30829006142                         1
   212125.30829006142                         1
   212325.30829006142                         1
   212525.30829006142                         1
   212725.30829006142                         1
   212925.30829006142                         1
   213125.30829006142                         1
   213325.30829006142                         1
   213525.30829006142                         1
   213725.30829006142                         1
   213925.30829006142                         1
   214125.30829006142                         1
   214325.30829006142                         1
   214525.30829006142                         1
   214725.30829006142                         1
   214925.30829006142                         1
   215125.30829006142                         1
   215325.30829006142                         1
   215525.30829006142                         1
   215725.30829006142                         1
   215925.30829006142                         1
   216125.30829006142                         1
   216325.30829006142                         1
   216525.30829006142                         2
   216725.30829006142                         2
   216925.30829006142                         2
   217125.30829006142                         2
   217325.30829006142                         1
   217525.30829006142                         1
   217725.30829006142                         1
   217925.30829006142                         1
   218125.30829006142                         1
   218325.30829006142                         1
   218525.30829006142                         1
   218725.30829006142                         1
   218925.30829006142                         1
   219125.30829006142                         1
   219325.30829006142                         1
   219525.30829006142                         1
   219725.30829006142                         1
   219925.30829006142                         1
   220125.30829006142                         1
   220325.30829006142                         1
   220525.30829006142                         1
   220725.30829006142                         1
   220925.30829006142                         1
   221125.30829006142                         1
   221325.30829006142                         1
   221525.30829006142                         1
   221725.30829006142                         1
   221925.30829006142                         1
   222125.30829006142                         1
   222325.30829006142                         1
   222525.30829006142                         1
   222725.30829006142                         1
   222925.30829006142                         1
   223125.30829006142                         1
   223325.30829006142                         1
   223525.30829006142                         1
   223725.30829006142                         1
   223925.30829006142                         1
   224125.30829006142                         1
   224325.30829006142                         1
   224525.30829006142                         1
   224725.30829006142                         1
   224925.30829006142                         1
   225125.30829006142                         1
   225325.30829006142                         1
   225525.30829006142                         1
   225725.30829006142                         1
   225925.30829006142                         1
   226125.30829006142                         1
   226325.30829006142                         1
   226525.30829006142                         1
   226725.30829006142                         1
   226925.30829006142                         1
   227125.30829006142                         1
   227325.30829006142                         1
   227525.30829006142                         1
   227725.30829006142                         1
   227925.30829006142                         1
   228125.30829006142                         1
   228325.30829006142                         1
   228525.30829006142                         1
   228725.30829006142                         1
   228925.30829006142                         1
   229125.30829006142                         1
   229325.30829006142                         1
   229525.30829006142                         1
   229725.30829006142                         1
   229925.30829006142                         1
   230125.30829006142                         1
   230325.30829006142                         1
   230525.30829006142                         1
   230725.30829006142                         1
   230925.30829006142                         1
   231125.30829006142                         1
   231325.30829006142                         1
   231525.30829006142                         1
   231725.30829006142                         1
   231925.30829006142                         1
   232125.30829006142                         1
   232325.30829006142                         1
   232525.30829006142                         1
   232725.30829006142                         1
   232925.30829006142                         1
   233125.30829006142                         1
   233325.30829006142                         1
   233525.30829006142                         1
   233725.30829006142                         1
   233925.30829006142                         1
   234125.30829006142                         1
   234325.30829006142                         1
   234525.30829006142                         1
   234725.30829006142                         1
   234925.30829006142                         1
   235125.30829006142                         1
   235325.30829006142                         1
   235525.30829006142                         1
   235725.30829006142                         1
   235925.30829006142                         1
   236125.30829006142                         1
   236325.30829006142                         1
   236525.30829006142                         1
   236725.30829006142                         1
   236925.30829006142                         1
   237125.30829006142                         1
   237325.30829006142                         1
   237525.30829006142                         1
   237725.30829006142                         1
   237925.30829006142                         1
   238125.30829006142                         1
   238325.30829006142                         1
   238525.30829006142                         1
   238725.30829006142                         1
   238925.30829006142                         1
   239125.30829006142                         1
   239325.30829006142                         1
   239525.30829006142                         1
   239725.30829006142                         1
   239925.30829006142                         1
   240125.30829006142                         1
   240325.30829006142                         1
   240525.30829006142                         1
   240725.30829006142                         1
   240925.30829006142                         1
   241125.30829006142                         1
   241325.30829006142                         1
   241525.30829006142                         1
   241725.30829006142                         1
   241925.30829006142                         1
   242125.30829006142                         1
   242325.30829006142                         1
   242525.30829006142                         1
   242725.30829006142                         1
   242925.30829006142                         1
   243125.30829006142                         1
   243325.30829006142                         1
   243525.30829006142                         1
   243725.30829006142                         1
   243925.30829006142                         1
   244125.30829006142                         1
   244325.30829006142                         1
   244525.30829006142                         1
   244725.30829006142                         1
   244925.30829006142                         1
   245125.30829006142                         1
   245325.30829006142                         1
   245525.30829006142                         1
   245725.30829006142                         1
   245925.30829006142                         1
   246125.30829006142                         1
   246325.30829006142                         1
   246525.30829006142                         1
   246725.30829006142                         1
   246925.30829006142                         1
   247125.30829006142                         1
   247325.30829006142                         1
   247525.30829006142                         1
   247725.30829006142                         1
   247925.30829006142                         1
   248125.30829006142                         1
   248325.30829006142                         1
   248525.30829006142                         1
   248725.30829006142                         1
   248925.30829006142                         1
   249125.30829006142                         1
   249325.30829006142                         1
   249525.30829006142                         1
   249725.30829006142                         1
   249925.30829006142                         1
   250125.30829006142                         1
   250325.30829006142                         1
   250525.30829006142                         1
   250725.30829006142                         1
   250925.30829006142                         1
   251125.30829006142                         1
   251325.30829006142                         1
   251525.30829006142                         1
   251725.30829006142                         1
   251925.30829006142                         1
   252125.30829006142                         1
   252325.30829006142                         1
   252525.30829006142                         1
   252725.30829006142                         1
   252925.30829006142                         1
   253125.30829006142                         1
   253325.30829006142                         1
   253525.30829006142                         1
   253725.30829006142                         1
   253925.30829006142                         1
   254125.30829006142                         1
   254325.30829006142                         1
   254525.30829006142                         1
   254725.30829006142                         1
   254925.30829006142                         1
   255125.30829006142                         1
   255325.30829006142                         1
   255525.30829006142                         1
   255725.30829006142                         1
   255925.30829006142                         1
   256125.30829006142                         1
   256325.30829006142                         1
   256525.30829006142                         1
   256725.30829006142                         1
   256925.30829006142                         1
   257125.30829006142                         1
   257325.30829006142                         1
   257525.30829006142                         1
   257725.30829006142                         1
   257925.30829006142                         1
   258125.30829006142                         1
   258325.30829006142                         1
   258525.30829006142                         1
   258725.30829006142                         1
   258925.30829006142                         1
   259125.30829006142                         1
