                    1     2.5000000000000001E-003    -4.1881614124354360     
                    2     7.4999999999999997E-003    -4.1881614574427486     
                    3     1.2500000000000001E-002    -4.1881615025034549     
                    4     1.7500000000000002E-002    -4.1881615476185594     
                    5     2.2499999999999999E-002    -4.1881615927871634     
                    6     2.7500000000000000E-002    -3.3483708750796399     
                    7     3.2500000000000001E-002    -3.3483708982112219     
                    8     3.7500000000000006E-002    -3.3483709213651607     
                    9     4.2499999999999996E-002    -3.3483709445407417     
                   10     4.7500000000000001E-002    -3.3483709677386999     
                   11     5.2500000000000005E-002    -8.3817715342305732     
                   12     5.7499999999999996E-002    -8.3817718993180481     
                   13     6.2500000000000000E-002    -8.3817722652786486     
                   14     6.7500000000000004E-002    -8.3817726321133517     
                   15     7.2500000000000009E-002    -8.3817729998245589     
                   16     7.7499999999999999E-002    -5.0279559018739164     
                   17     8.2500000000000004E-002    -5.0279559815518766     
                   18     8.7499999999999994E-002    -5.0279560613440744     
                   19     9.2499999999999999E-002    -5.0279561412498825     
                   20     9.7500000000000003E-002    -5.0279562212701920     
                   21    0.10250000000000001          0.0000000000000000     
                   22    0.10750000000000000          0.0000000000000000     
                   23    0.11250000000000000          0.0000000000000000     
                   24    0.11749999999999999          0.0000000000000000     
                   25    0.12250000000000000          0.0000000000000000     
                   26    0.12750000000000000          1.6795636945952253     
                   27    0.13250000000000001          1.6795636916095920     
                   28    0.13750000000000001          1.6795636886251442     
                   29    0.14250000000000002          1.6795636856426071     
                   30    0.14749999999999999          1.6795636826612357     
                   31    0.15250000000000000          3.3483713776846349     
                   32    0.15750000000000000          3.3483713540963054     
                   33    0.16250000000000001          3.3483713305299396     
                   34    0.16750000000000001          3.3483713069864751     
                   35    0.17250000000000001          3.3483712834649388     
                   36    0.17749999999999999         0.83978051269908716     
                   37    0.18250000000000000         0.83978051232844764     
                   38    0.18750000000000000         0.83978051195790093     
                   39    0.19250000000000000         0.83978051158744293     
                   40    0.19750000000000001         0.83978051121707331     
                   41    0.20250000000000001          6.7021674090827172     
                   42    0.20750000000000002          6.7021672212213321     
                   43    0.21249999999999999          6.7021670337181920     
                   44    0.21750000000000000          6.7021668465721449     
                   45    0.22250000000000000          6.7021666597833249     
                   46    0.22750000000000001          5.8623679091201346     
                   47    0.23250000000000001          5.8623677845625384     
                   48    0.23749999999999999          5.8623676602125681     
                   49    0.24249999999999999          5.8623675360708063     
                   50    0.24750000000000000          5.8623674121361136     
                   51    0.25250000000000000          5.8677506031676936     
                   52    0.25750000000000001          5.8677504793070376     
                   53    0.26250000000000001          5.8677503556540627     
                   54    0.26750000000000002          5.8677502322077704     
                   55    0.27250000000000002          5.8677501089686004     
                   56    0.27750000000000002          6.9121147990377851     
                   57    0.28250000000000003          6.9121145983238579     
                   58    0.28749999999999998          6.9121143980071018     
                   59    0.29249999999999998          6.9121141980857006     
                   60    0.29749999999999999          6.9121139985602120     
