                    1     2.5000000000000001E-003    -5.4023493052604543     
                    2     7.4999999999999997E-003    -5.2027818615173551     
                    3     1.2500000000000001E-002    -5.0010340804556552     
                    4     1.7500000000000002E-002    -4.7992049307004727     
                    5     2.2499999999999999E-002    -4.5973478520978110     
                    6     2.7500000000000000E-002    -4.3954890463698479     
                    7     3.2500000000000001E-002    -4.1936486165504956     
                    8     3.7500000000000006E-002    -3.9919008601556536     
                    9     4.2499999999999996E-002    -3.7902774781110637     
                   10     4.7500000000000001E-002    -3.5887970996761283     
                   11     5.2500000000000005E-002    -3.3874878258885621     
                   12     5.7499999999999996E-002    -3.1864016361956100     
                   13     6.2500000000000000E-002    -2.9856121870688805     
                   14     6.7500000000000004E-002    -2.7851780589078645     
                   15     7.2500000000000009E-002    -2.5851887212975564     
                   16     7.7499999999999999E-002    -2.3857531828278389     
                   17     8.2500000000000004E-002    -2.1869803246012007     
                   18     8.7499999999999994E-002    -1.9889878285560467     
                   19     9.2499999999999999E-002    -1.7919088719594856     
                   20     9.7500000000000003E-002    -1.5959216570231489     
                   21    0.10250000000000001         -1.4012225970739587     
                   22    0.10750000000000000         -1.2080328514332572     
                   23    0.11250000000000000         -1.0166763570469093     
                   24    0.11749999999999999        -0.82770044401718046     
                   25    0.12250000000000000        -0.64220893315750138     
                   26    0.12750000000000000        -0.46237336119831551     
                   27    0.13250000000000001        -0.29044340543609937     
                   28    0.13750000000000001        -0.12355501668033872     
                   29    0.14250000000000002          4.2534418611925320E-002
                   30    0.14749999999999999         0.20809478994136965     
                   31    0.15250000000000000         0.37280751018243941     
                   32    0.15750000000000000         0.53665372958371449     
                   33    0.16250000000000001         0.69967896037966593     
                   34    0.16750000000000001         0.86192744242811370     
                   35    0.17250000000000001          1.0234412643437993     
                   36    0.17749999999999999          1.1842605731686671     
                   37    0.18250000000000000          1.3444239875119259     
                   38    0.18750000000000000          1.5039689180284574     
                   39    0.19250000000000000          1.6629317586698096     
                   40    0.19750000000000001          1.8213479861761699     
                   41    0.20250000000000001          1.9792522096436744     
                   42    0.20750000000000002          2.1366781992942991     
                   43    0.21249999999999999          2.2936589111350489     
                   44    0.21750000000000000          2.4502265156053467     
                   45    0.22250000000000000          2.6064124331534462     
                   46    0.22750000000000001          2.7622473768740532     
                   47    0.23250000000000001          2.9177614009942681     
                   48    0.23749999999999999          3.0729839535126282     
                   49    0.24249999999999999          3.2279439312909157     
                   50    0.24750000000000000          3.3826697361291496     
                   51    0.25250000000000000          3.5371893306747908     
                   52    0.25750000000000001          3.6915302933444805     
                   53    0.26250000000000001          3.8457198717284777     
                   54    0.26750000000000002          3.9997850341878403     
                   55    0.27250000000000002          4.1537525195403946     
                   56    0.27750000000000002          4.3076488848694616     
                   57    0.28250000000000003          4.4615005515879709     
                   58    0.28749999999999998          4.6153338499593852     
                   59    0.29249999999999998          4.7691750623245532     
                   60    0.29749999999999999          4.9230504653178677     
