                    1     0.0000000000000000         -3.8054345644968386     
                    2     5.0000000000000001E-003    -2.9374022234612513     
                    3     1.0000000000000000E-002    -2.0639016660723559     
                    4     1.4999999999999999E-002    -1.2122905718965467     
                    5     2.0000000000000000E-002   -0.41908016346959470     
                    6     2.5000000000000001E-002     5.5745440054003392E-002
                    7     2.9999999999999999E-002    0.44870282144459001     
                    8     3.5000000000000003E-002    0.82600192854744248     
                    9     4.0000000000000001E-002     1.1875177852928969     
                   10     4.4999999999999998E-002     1.5329381758570335     
                   11     5.0000000000000003E-002     1.8618802782928223     
                   12     5.5000000000000000E-002     2.1739782333111610     
                   13     5.9999999999999998E-002     2.4689388695875216     
                   14     6.5000000000000002E-002     2.7465739348398728     
                   15     7.0000000000000007E-002     3.0068157324236768     
                   16     7.4999999999999997E-002     3.2497215254814780     
                   17     8.0000000000000002E-002     3.4754706328019109     
                   18     8.5000000000000006E-002     3.6843569296461842     
                   19     8.9999999999999997E-002     3.8767785664086798     
                   20     9.5000000000000001E-002     4.0532260896762944     
                   21    0.10000000000000001          4.2142697317806981     
                   22    0.10500000000000000          4.3605463725888827     
                   23    0.11000000000000000          4.4927465242354323     
                   24    0.11500000000000000          4.6116016052106099     
                   25    0.12000000000000000          4.7178717229746647     
                   26    0.12500000000000000          4.8123341526124905     
                   27    0.13000000000000000          4.8957726707813967     
                   28    0.13500000000000001          4.9689678740317387     
                   29    0.14000000000000001          5.0326885774912604     
                   30    0.14499999999999999          5.0876843550900093     
                   31    0.14999999999999999          5.1346792479188199     
                   32    0.15500000000000000          5.1743666348600703     
                   33    0.16000000000000000          5.2074052307719541     
                   34    0.16500000000000001          5.2344161531817841     
                   35    0.17000000000000001          5.2559809790960665     
                   36    0.17500000000000002          5.2726406992237980     
                   37    0.17999999999999999          5.2848954674147040     
                   38    0.18500000000000000          5.2932050380311795     
                   39    0.19000000000000000          5.2979897827844207     
                   40    0.19500000000000001          5.2996321806957685     
                   41    0.20000000000000001          5.2984786796959353     
                   42    0.20500000000000002          5.2948418418937440     
                   43    0.20999999999999999          5.2890026695884425     
                   44    0.21500000000000000          5.2812130414668177     
                   45    0.22000000000000000          5.2716982075196306     
                   46    0.22500000000000001          5.2606592746469660     
                   47    0.23000000000000001          5.2482756378658904     
                   48    0.23500000000000001          5.2347073206299086     
                   49    0.23999999999999999          5.2200971966724703     
                   50    0.24500000000000000          5.2045730738790397     
                   51    0.25000000000000000          5.1882496278837538     
                   52    0.25500000000000000          5.1712301793364066     
                   53    0.26000000000000001          5.1536083140972977     
                   54    0.26500000000000001          5.1354693500349526     
                   55    0.27000000000000002          5.1168916577035661     
                   56    0.27500000000000002          5.0979478450688696     
                   57    0.28000000000000003          5.0787058187542975     
                   58    0.28500000000000003          5.0592297361152907     
                   59    0.28999999999999998          5.0395808639223372     
                   60    0.29499999999999998          5.0198183606141571     
                   61    0.29999999999999999          5.0000000000000000     
