                    1     2.5000000000000001E-003    -3.3714183939790452     
                    2     7.4999999999999997E-003    -2.5006519447668039     
                    3     1.2500000000000001E-002    -1.6380961189844512     
                    4     1.7500000000000002E-002   -0.81568536768307065     
                    5     2.2499999999999999E-002   -0.18166736170779565     
                    6     2.7500000000000000E-002    0.25222413074929673     
                    7     3.2500000000000001E-002    0.63735237499601627     
                    8     3.7500000000000006E-002     1.0067598569201697     
                    9     4.2499999999999996E-002     1.3602279805749653     
                   10     4.7500000000000001E-002     1.6974092270749279     
                   11     5.2500000000000005E-002     2.0179292558019917     
                   12     5.7499999999999996E-002     2.3214585514493411     
                   13     6.2500000000000000E-002     2.6077564022136972     
                   14     6.7500000000000004E-002     2.8766948336317748     
                   15     7.2500000000000009E-002     3.1282686289525774     
                   16     7.7499999999999999E-002     3.3625960791416944     
                   17     8.2500000000000004E-002     3.5799137812240476     
                   18     8.7499999999999994E-002     3.7805677480274320     
                   19     9.2499999999999999E-002     3.9650023280424871     
                   20     9.7500000000000003E-002     4.1337479107284967     
                   21    0.10250000000000001          4.2874080521847908     
                   22    0.10750000000000000          4.4266464484121570     
                   23    0.11250000000000000          4.5521740647230207     
                   24    0.11749999999999999          4.6647366640926373     
                   25    0.12250000000000000          4.7651029377935776     
                   26    0.12750000000000000          4.8540534116969436     
                   27    0.13250000000000001          4.9323702724065672     
                   28    0.13750000000000001          5.0008282257614995     
                   29    0.14250000000000002          5.0601864662906344     
                   30    0.14749999999999999          5.1111818015044150     
                   31    0.15250000000000000          5.1545229413894447     
                   32    0.15750000000000000          5.1908859328160126     
                   33    0.16250000000000001          5.2209106919768686     
                   34    0.16750000000000001          5.2451985661389253     
                   35    0.17250000000000001          5.2643108391599327     
                   36    0.17749999999999999          5.2787680833192514     
                   37    0.18250000000000000          5.2890502527229417     
                   38    0.18750000000000000          5.2955974104078001     
                   39    0.19250000000000000          5.2988109817400950     
                   40    0.19750000000000001          5.2990554301958515     
                   41    0.20250000000000001          5.2966602607948392     
                   42    0.20750000000000002          5.2919222557410937     
                   43    0.21249999999999999          5.2851078555276301     
                   44    0.21750000000000000          5.2764556244932237     
                   45    0.22250000000000000          5.2661787410832979     
                   46    0.22750000000000001          5.2544674562564282     
                   47    0.23250000000000001          5.2414914792478999     
                   48    0.23749999999999999          5.2274022586511890     
                   49    0.24249999999999999          5.2123351352757545     
                   50    0.24750000000000000          5.1964113508813963     
                   51    0.25250000000000000          5.1797399036100806     
                   52    0.25750000000000001          5.1624192467168522     
                   53    0.26250000000000001          5.1445388320661252     
                   54    0.26750000000000002          5.1261805038692589     
                   55    0.27250000000000002          5.1074197513862174     
                   56    0.27750000000000002          5.0883268319115835     
                   57    0.28250000000000003          5.0689677774347945     
                   58    0.28749999999999998          5.0494053000188135     
                   59    0.29249999999999998          5.0296996122682476     
                   60    0.29749999999999999          5.0099091803070781     
