                    1     2.5000000000000001E-003    0.15851383922655557     
                    2     7.4999999999999997E-003    0.15276569055818798     
                    3     1.2500000000000001E-002    0.15256118643630451     
                    4     1.7500000000000002E-002    0.15234693628768359     
                    5     2.2499999999999999E-002    0.15223331596155074     
                    6     2.7500000000000000E-002    0.15203612386580806     
                    7     3.2500000000000001E-002    0.15192248737698894     
                    8     3.7500000000000006E-002    0.15186924116354750     
                    9     4.2499999999999996E-002    0.15178400797064831     
                   10     4.7500000000000001E-002    0.15172232632540647     
                   11     5.2500000000000005E-002    0.15165156944274341     
                   12     5.7499999999999996E-002    0.15166596665525575     
                   13     6.2500000000000000E-002    0.15172615488462737     
                   14     6.7500000000000004E-002    0.15182591794445024     
                   15     7.2500000000000009E-002    0.15204914485101501     
                   16     7.7499999999999999E-002    0.15235642181420195     
                   17     8.2500000000000004E-002    0.15277453665094423     
                   18     8.7499999999999994E-002    0.15328171797780571     
                   19     9.2499999999999999E-002    0.15391300459775506     
                   20     9.7500000000000003E-002    0.15471116417862971     
                   21    0.10250000000000001         0.15560160109935733     
                   22    0.10750000000000000         0.15657457825810497     
                   23    0.11250000000000000         0.15762162516039160     
                   24    0.11749999999999999         0.15869063742166076     
                   25    0.12250000000000000         0.15956738703110623     
                   26    0.12750000000000000         0.15715609331663710     
                   27    0.13250000000000001         0.14029467754504879     
                   28    0.13750000000000001         0.12392686806167019     
                   29    0.14250000000000002         0.12040521922222286     
                   30    0.14749999999999999         0.12104438415170163     
                   31    0.15250000000000000         0.12193444509450435     
                   32    0.15750000000000000         0.12276220491338519     
                   33    0.16250000000000001         0.12352574435567441     
                   34    0.16750000000000001         0.12422784821010888     
                   35    0.17250000000000001         0.12487275461363390     
                   36    0.17749999999999999         0.12546464919886108     
                   37    0.18250000000000000         0.12600720480866343     
                   38    0.18750000000000000         0.12650355827821211     
                   39    0.19250000000000000         0.12695641053886464     
                   40    0.19750000000000001         0.12736813075582856     
                   41    0.20250000000000001         0.12774083402964606     
                   42    0.20750000000000002         0.12807643307248726     
                   43    0.21249999999999999         0.12837667126971025     
                   44    0.21750000000000000         0.12864314393794377     
                   45    0.22250000000000000         0.12887731251150952     
                   46    0.22750000000000001         0.12908051460053793     
                   47    0.23250000000000001         0.12925397164510471     
                   48    0.23749999999999999         0.12939879513186570     
                   49    0.24249999999999999         0.12951599189276908     
                   50    0.24750000000000000         0.12960646875425919     
                   51    0.25250000000000000         0.12967103667241234     
                   52    0.25750000000000001         0.12971041442453746     
                   53    0.26250000000000001         0.12972523189939755     
                   54    0.26750000000000002         0.12971603301734805     
                   55    0.27250000000000002         0.12968327830764265     
                   56    0.27750000000000002         0.12962734716748214     
                   57    0.28250000000000003         0.12954853982368522     
                   58    0.28749999999999998         0.12944707901227176     
                   59    0.29249999999999998         0.12932311138343114     
                   60    0.29749999999999999         0.12917670862888164     
