                    1     2.5000000000000001E-003    0.12445795042017554     
                    2     7.4999999999999997E-003    0.11910233844207223     
                    3     1.2500000000000001E-002    0.11877472404189804     
                    4     1.7500000000000002E-002    0.11841912601857930     
                    5     2.2499999999999999E-002    0.11813177062448718     
                    6     2.7500000000000000E-002    0.11773982775281720     
                    7     3.2500000000000001E-002    0.11738832490440421     
                    8     3.7500000000000006E-002    0.11704695036797381     
                    9     4.2499999999999996E-002    0.11661910418302440     
                   10     4.7500000000000001E-002    0.11613760317751620     
                   11     5.2500000000000005E-002    0.11554752518242842     
                   12     5.7499999999999996E-002    0.11489686721046605     
                   13     6.2500000000000000E-002    0.11409226393894922     
                   14     6.7500000000000004E-002    0.11303505973301507     
                   15     7.2500000000000009E-002    0.11164211943973727     
                   16     7.7499999999999999E-002    0.10958592843605687     
                   17     8.2500000000000004E-002    0.10630112245736018     
                   18     8.7499999999999994E-002    0.10042418498711943     
                   19     9.2499999999999999E-002     8.8445457881713596E-002
                   20     9.7500000000000003E-002     5.9572841656182429E-002
                   21    0.10250000000000001          1.8142191762711927E-002
                   22    0.10750000000000000          1.0563545069386879E-003
                   23    0.11250000000000000          0.0000000000000000     
                   24    0.11749999999999999          0.0000000000000000     
                   25    0.12250000000000000          0.0000000000000000     
                   26    0.12750000000000000          0.0000000000000000     
                   27    0.13250000000000001          0.0000000000000000     
                   28    0.13750000000000001          0.0000000000000000     
                   29    0.14250000000000002          0.0000000000000000     
                   30    0.14749999999999999          0.0000000000000000     
                   31    0.15250000000000000          0.0000000000000000     
                   32    0.15750000000000000          0.0000000000000000     
                   33    0.16250000000000001          0.0000000000000000     
                   34    0.16750000000000001          0.0000000000000000     
                   35    0.17250000000000001          0.0000000000000000     
                   36    0.17749999999999999          0.0000000000000000     
                   37    0.18250000000000000          0.0000000000000000     
                   38    0.18750000000000000          0.0000000000000000     
                   39    0.19250000000000000          0.0000000000000000     
                   40    0.19750000000000001          0.0000000000000000     
                   41    0.20250000000000001          0.0000000000000000     
                   42    0.20750000000000002          0.0000000000000000     
                   43    0.21249999999999999          0.0000000000000000     
                   44    0.21750000000000000          0.0000000000000000     
                   45    0.22250000000000000          0.0000000000000000     
                   46    0.22750000000000001          0.0000000000000000     
                   47    0.23250000000000001          0.0000000000000000     
                   48    0.23749999999999999          0.0000000000000000     
                   49    0.24249999999999999          0.0000000000000000     
                   50    0.24750000000000000          0.0000000000000000     
                   51    0.25250000000000000          0.0000000000000000     
                   52    0.25750000000000001          0.0000000000000000     
                   53    0.26250000000000001          0.0000000000000000     
                   54    0.26750000000000002          0.0000000000000000     
                   55    0.27250000000000002          0.0000000000000000     
                   56    0.27750000000000002          0.0000000000000000     
                   57    0.28250000000000003          0.0000000000000000     
                   58    0.28749999999999998          0.0000000000000000     
                   59    0.29249999999999998          0.0000000000000000     
                   60    0.29749999999999999          0.0000000000000000     
