                    1     2.5000000000000001E-003    -21.321966985426993     
                    2     7.4999999999999997E-003    -22.114156735078339     
                    3     1.2500000000000001E-002    -22.143421490845370     
                    4     1.7500000000000002E-002    -22.174115097019744     
                    5     2.2499999999999999E-002    -22.190197043767135     
                    6     2.7500000000000000E-002    -22.218403306628630     
                    7     3.2500000000000001E-002    -22.234378075049591     
                    8     3.7500000000000006E-002    -22.241447372240167     
                    9     4.2499999999999996E-002    -22.253057519098039     
                   10     4.7500000000000001E-002    -22.261064951745780     
                   11     5.2500000000000005E-002    -22.270194218558778     
                   12     5.7499999999999996E-002    -22.266591401626933     
                   13     6.2500000000000000E-002    -22.255946177090873     
                   14     6.7500000000000004E-002    -22.239087195553964     
                   15     7.2500000000000009E-002    -22.203675626921882     
                   16     7.7499999999999999E-002    -22.155389559166256     
                   17     8.2500000000000004E-002    -22.090243280496654     
                   18     8.7499999999999994E-002    -22.011184798616839     
                   19     9.2499999999999999E-002    -21.912892952872411     
                   20     9.7500000000000003E-002    -21.788734468074221     
                   21    0.10250000000000001         -21.648133694043104     
                   22    0.10750000000000000         -21.489825497156502     
                   23    0.11250000000000000         -21.309478280394085     
                   24    0.11749999999999999         -21.101432506636293     
                   25    0.12250000000000000         -20.859647527559808     
                   26    0.12750000000000000         -20.581449868241648     
                   27    0.13250000000000001         -20.249132066320900     
                   28    0.13750000000000001         -19.831822411506110     
                   29    0.14250000000000002         -19.292507414960035     
                   30    0.14749999999999999         -18.521796444037051     
                   31    0.15250000000000000         -17.377147556445156     
                   32    0.15750000000000000         -20.389018238959725     
                   33    0.16250000000000001         -26.016162888027054     
                   34    0.16750000000000001         -28.122692608929889     
                   35    0.17250000000000001         -28.286029060103466     
                   36    0.17749999999999999         -28.269672478399649     
                   37    0.18250000000000000         -28.255874427638620     
                   38    0.18750000000000000         -28.245253066067086     
                   39    0.19250000000000000         -28.237968134894444     
                   40    0.19750000000000001         -28.233881958308974     
                   41    0.20250000000000001         -28.232710489053574     
                   42    0.20750000000000002         -28.234137746258156     
                   43    0.21249999999999999         -28.237886835230540     
                   44    0.21750000000000000         -28.243753285427083     
                   45    0.22250000000000000         -28.251611741962357     
                   46    0.22750000000000001         -28.261407233731020     
                   47    0.23250000000000001         -28.273139816193851     
                   48    0.23749999999999999         -28.286848275978301     
                   49    0.24249999999999999         -28.302595883256750     
                   50    0.24750000000000000         -28.320459288296291     
                   51    0.25250000000000000         -28.340520560349269     
                   52    0.25750000000000001         -28.362861860523214     
                   53    0.26250000000000001         -28.387562100827324     
                   54    0.26750000000000002         -28.414694990610144     
                   55    0.27250000000000002         -28.444327992878996     
                   56    0.27750000000000002         -28.476521843084324     
                   57    0.28250000000000003         -28.511330394076282     
                   58    0.28749999999999998         -28.548800635546172     
                   59    0.29249999999999998         -28.588972796160263     
                   60    0.29749999999999999         -28.631880476388702     
