                    1     2.5000000000000001E-003    0.12454276094190525     
                    2     7.4999999999999997E-003    0.11922635256146134     
                    3     1.2500000000000001E-002    0.11894737102022926     
                    4     1.7500000000000002E-002    0.11865079390688241     
                    5     2.2499999999999999E-002    0.11843578052577029     
                    6     2.7500000000000000E-002    0.11813317265638121     
                    7     3.2500000000000001E-002    0.11789314475884442     
                    8     3.7500000000000006E-002    0.11769236417946240     
                    9     4.2499999999999996E-002    0.11744399479077798     
                   10     4.7500000000000001E-002    0.11719505951530981     
                   11     5.2500000000000005E-002    0.11691149378547411     
                   12     5.7499999999999996E-002    0.11667337018482335     
                   13     6.2500000000000000E-002    0.11643769425857353     
                   14     6.7500000000000004E-002    0.11618933847167377     
                   15     7.2500000000000009E-002    0.11599182998028910     
                   16     7.7499999999999999E-002    0.11579209957728147     
                   17     8.2500000000000004E-002    0.11559025997798972     
                   18     8.7499999999999994E-002    0.11533186341964188     
                   19     9.2499999999999999E-002    0.11499696605519157     
                   20     9.7500000000000003E-002    0.11454435578381678     
                   21    0.10250000000000001         0.11377659485181417     
                   22    0.10750000000000000         0.11246075749004615     
                   23    0.11250000000000000         0.11016934746158479     
                   24    0.11749999999999999         0.10598348209398968     
                   25    0.12250000000000000          9.7643009344548726E-002
                   26    0.12750000000000000          7.7240089758159644E-002
                   27    0.13250000000000001          3.3623453873149904E-002
                   28    0.13750000000000001          4.0781373710612441E-003
                   29    0.14250000000000002          0.0000000000000000     
                   30    0.14749999999999999          0.0000000000000000     
                   31    0.15250000000000000          0.0000000000000000     
                   32    0.15750000000000000          0.0000000000000000     
                   33    0.16250000000000001          0.0000000000000000     
                   34    0.16750000000000001          0.0000000000000000     
                   35    0.17250000000000001          0.0000000000000000     
                   36    0.17749999999999999          0.0000000000000000     
                   37    0.18250000000000000          0.0000000000000000     
                   38    0.18750000000000000          0.0000000000000000     
                   39    0.19250000000000000          0.0000000000000000     
                   40    0.19750000000000001          0.0000000000000000     
                   41    0.20250000000000001          0.0000000000000000     
                   42    0.20750000000000002          0.0000000000000000     
                   43    0.21249999999999999          0.0000000000000000     
                   44    0.21750000000000000          0.0000000000000000     
                   45    0.22250000000000000          0.0000000000000000     
                   46    0.22750000000000001          0.0000000000000000     
                   47    0.23250000000000001          0.0000000000000000     
                   48    0.23749999999999999          0.0000000000000000     
                   49    0.24249999999999999          0.0000000000000000     
                   50    0.24750000000000000          0.0000000000000000     
                   51    0.25250000000000000          0.0000000000000000     
                   52    0.25750000000000001          0.0000000000000000     
                   53    0.26250000000000001          0.0000000000000000     
                   54    0.26750000000000002          0.0000000000000000     
                   55    0.27250000000000002          0.0000000000000000     
                   56    0.27750000000000002          0.0000000000000000     
                   57    0.28250000000000003          0.0000000000000000     
                   58    0.28749999999999998          0.0000000000000000     
                   59    0.29249999999999998          0.0000000000000000     
                   60    0.29749999999999999          0.0000000000000000     
