                    1     2.5000000000000001E-003    -21.325826618750110     
                    2     7.4999999999999997E-003    -22.120145941998725     
                    3     1.2500000000000001E-002    -22.152117330566021     
                    4     1.7500000000000002E-002    -22.186246461450025     
                    5     2.2499999999999999E-002    -22.206843188769845     
                    6     2.7500000000000000E-002    -22.241122711232673     
                    7     3.2500000000000001E-002    -22.265456447565754     
                    8     3.7500000000000006E-002    -22.284445983000474     
                    9     4.2499999999999996E-002    -22.313898256692887     
                   10     4.7500000000000001E-002    -22.350451787624817     
                   11     5.2500000000000005E-002    -22.410072368288048     
                   12     5.7499999999999996E-002    -22.511543198524180     
                   13     6.2500000000000000E-002    -22.804590803650896     
                   14     6.7500000000000004E-002    -24.403087917125269     
                   15     7.2500000000000009E-002    -26.654049881368138     
                   16     7.7499999999999999E-002    -27.412644430394394     
                   17     8.2500000000000004E-002    -27.109681071322520     
                   18     8.7499999999999994E-002    -26.779923598922856     
                   19     9.2499999999999999E-002    -26.510960788498544     
                   20     9.7500000000000003E-002    -26.291246266532465     
                   21    0.10250000000000001         -26.111019464749312     
                   22    0.10750000000000000         -25.962601487590916     
                   23    0.11250000000000000         -25.840015215783346     
                   24    0.11749999999999999         -25.738561667460239     
                   25    0.12250000000000000         -25.654493498329675     
                   26    0.12750000000000000         -25.584782990966374     
                   27    0.13250000000000001         -25.526957833099829     
                   28    0.13750000000000001         -25.478982609206930     
                   29    0.14250000000000002         -25.439171299100018     
                   30    0.14749999999999999         -25.406121296850657     
                   31    0.15250000000000000         -25.378662695965602     
                   32    0.15750000000000000         -25.355818598217251     
                   33    0.16250000000000001         -25.336773512699946     
                   34    0.16750000000000001         -25.320847797129581     
                   35    0.17250000000000001         -25.307476703237590     
                   36    0.17749999999999999         -25.296193009330459     
                   37    0.18250000000000000         -25.286612512944938     
                   38    0.18750000000000000         -25.278421855106597     
                   39    0.19250000000000000         -25.271368283386678     
                   40    0.19750000000000001         -25.265251053640171     
                   41    0.20250000000000001         -25.259914233731315     
                   42    0.20750000000000002         -25.255240716105853     
                   43    0.21249999999999999         -25.251147276161550     
                   44    0.21750000000000000         -25.247580534381264     
                   45    0.22250000000000000         -25.244513695135868     
                   46    0.22750000000000001         -25.241943946013020     
                   47    0.23250000000000001         -25.239890409919706     
                   48    0.23749999999999999         -25.238392549039673     
                   49    0.24249999999999999         -25.237508925697117     
                   50    0.24750000000000000         -25.237316230772358     
                   51    0.25250000000000000         -25.237908495873501     
                   52    0.25750000000000001         -25.239396411222103     
                   53    0.26250000000000001         -25.241906677309387     
                   54    0.26750000000000002         -25.245581324900826     
                   55    0.27250000000000002         -25.250576944926024     
                   56    0.27750000000000002         -25.257063777148346     
                   57    0.28250000000000003         -25.265224614176347     
                   58    0.28749999999999998         -25.275253485232547     
                   59    0.29249999999999998         -25.287354091989446     
                   60    0.29749999999999999         -25.301737976569591     
