                    1     0.0000000000000000         -20.537618661547203     
                    2     5.0000000000000001E-003    -22.114034575953017     
                    3     1.0000000000000000E-002    -22.126257308044433     
                    4     1.4999999999999999E-002    -22.177977353087613     
                    5     2.0000000000000000E-002    -22.194515569812435     
                    6     2.5000000000000001E-002    -22.219170807727259     
                    7     2.9999999999999999E-002    -22.263074614738088     
                    8     3.5000000000000003E-002    -22.267838280393423     
                    9     4.0000000000000001E-002    -22.301053685607528     
                   10     4.4999999999999998E-002    -22.326742827778251     
                   11     5.0000000000000003E-002    -22.374160747471382     
                   12     5.5000000000000000E-002    -22.445983989104715     
                   13     5.9999999999999998E-002    -22.577102407943642     
                   14     6.5000000000000002E-002    -23.032079199358151     
                   15     7.0000000000000007E-002    -25.774096634892388     
                   16     7.4999999999999997E-002    -27.534003127843892     
                   17     8.0000000000000002E-002    -27.291285732944900     
                   18     8.5000000000000006E-002    -26.928076409700139     
                   19     8.9999999999999997E-002    -26.631770788145573     
                   20     9.5000000000000001E-002    -26.390150788851511     
                   21    0.10000000000000001         -26.192341744213419     
                   22    0.10500000000000000         -26.029697185285201     
                   23    0.11000000000000000         -25.895505789896635     
                   24    0.11500000000000000         -25.784524641670057     
                   25    0.12000000000000000         -25.692598693250421     
                   26    0.12500000000000000         -25.616388303408929     
                   27    0.13000000000000000         -25.553177678523820     
                   28    0.13500000000000001         -25.500737987675834     
                   29    0.14000000000000001         -25.457227230738031     
                   30    0.14499999999999999         -25.421115367462004     
                   31    0.14999999999999999         -25.391127226239306     
                   32    0.15500000000000000         -25.366198165691895     
                   33    0.16000000000000000         -25.345439030742607     
                   34    0.16500000000000001         -25.328107994657284     
                   35    0.17000000000000001         -25.313587599601874     
                   36    0.17500000000000002         -25.301365806873303     
                   37    0.17999999999999999         -25.291020211787615     
                   38    0.18500000000000000         -25.282204814102261     
                   39    0.19000000000000000         -25.274638896110933     
                   40    0.19500000000000001         -25.268097670662421     
                   41    0.20000000000000001         -25.262404436617917     
                   42    0.20500000000000002         -25.257424030844710     
                   43    0.20999999999999999         -25.253057401366998     
                   44    0.21500000000000000         -25.249237150956102     
                   45    0.22000000000000000         -25.245923917806426     
                   46    0.22500000000000001         -25.243103472465311     
                   47    0.23000000000000001         -25.240784419560729     
                   48    0.23500000000000001         -25.238996400278683     
                   49    0.23999999999999999         -25.237788697800667     
                   50    0.24500000000000000         -25.237229153593567     
                   51    0.25000000000000000         -25.237403307951144     
                   52    0.25500000000000000         -25.238413683795859     
                   53    0.26000000000000001         -25.240379138648347     
                   54    0.26500000000000001         -25.243434215970424     
                   55    0.27000000000000002         -25.247728433831227     
                   56    0.27500000000000002         -25.253425456020821     
                   57    0.28000000000000003         -25.260702098275868     
                   58    0.28500000000000003         -25.269747130076830     
                   59    0.28999999999999998         -25.280759840388264     
                   60    0.29499999999999998         -25.293948343590628     
                   61    0.29999999999999999         -25.309527609548550     
