                    1     2.5000000000000001E-003    0.15834517719406194     
                    2     7.4999999999999997E-003    0.15243435037670272     
                    3     1.2500000000000001E-002    0.15170249040779962     
                    4     1.7500000000000002E-002    0.14433196665044734     
                    5     2.2499999999999999E-002    0.13186542062899947     
                    6     2.7500000000000000E-002    0.12746030730773175     
                    7     3.2500000000000001E-002    0.12966013452703307     
                    8     3.7500000000000006E-002    0.13111273830173728     
                    9     4.2499999999999996E-002    0.13204761365800466     
                   10     4.7500000000000001E-002    0.13264449981414420     
                   11     5.2500000000000005E-002    0.13302447278774235     
                   12     5.7499999999999996E-002    0.13326663775440570     
                   13     6.2500000000000000E-002    0.13342216149312300     
                   14     6.7500000000000004E-002    0.13352393493284381     
                   15     7.2500000000000009E-002    0.13359289990548651     
                   16     7.7499999999999999E-002    0.13364216907100926     
                   17     8.2500000000000004E-002    0.13367975759103803     
                   18     8.7499999999999994E-002    0.13371042011821635     
                   19     9.2499999999999999E-002    0.13373688028361849     
                   20     9.7500000000000003E-002    0.13376063610208769     
                   21    0.10250000000000001         0.13378247182967165     
                   22    0.10750000000000000         0.13380277262720322     
                   23    0.11250000000000000         0.13382171157846745     
                   24    0.11749999999999999         0.13383935708113762     
                   25    0.12250000000000000         0.13385573225598385     
                   26    0.12750000000000000         0.13387084636949212     
                   27    0.13250000000000001         0.13388471044967853     
                   28    0.13750000000000001         0.13389734428334757     
                   29    0.14250000000000002         0.13390877891908579     
                   30    0.14749999999999999         0.13391905697353101     
                   31    0.15250000000000000         0.13392823196570222     
                   32    0.15750000000000000         0.13393636727369251     
                   33    0.16250000000000001         0.13394353493539146     
                   34    0.16750000000000001         0.13394981430186162     
                   35    0.17250000000000001         0.13395529045201862     
                   36    0.17749999999999999         0.13396005226838359     
                   37    0.18250000000000000         0.13396419013912300     
                   38    0.18750000000000000         0.13396779336866363     
                   39    0.19250000000000000         0.13397094751635524     
                   40    0.19750000000000001         0.13397373200397245     
                   41    0.20250000000000001         0.13397621840214818     
                   42    0.20750000000000002         0.13397846982167450     
                   43    0.21249999999999999         0.13398054176072202     
                   44    0.21750000000000000         0.13398248462471340     
                   45    0.22250000000000000         0.13398434799230302     
                   46    0.22750000000000001         0.13398618652303385     
                   47    0.23250000000000001         0.13398806721478942     
                   48    0.23749999999999999         0.13399007752539499     
                   49    0.24249999999999999         0.13399233365360008     
                   50    0.24750000000000000         0.13399498802421020     
                   51    0.25250000000000000         0.13399823475664413     
                   52    0.25750000000000001         0.13400231166727311     
                   53    0.26250000000000001         0.13400749725029981     
                   54    0.26750000000000002         0.13401410120328267     
                   55    0.27250000000000002         0.13402244749565456     
                   56    0.27750000000000002         0.13403284973855728     
                   57    0.28250000000000003         0.13404557960810209     
                   58    0.28749999999999998         0.13406083007579128     
                   59    0.29249999999999998         0.13407867586887984     
                   60    0.29749999999999999         0.13409903352903418     
