                    1     2.5000000000000001E-003    -21.322536403011384     
                    2     7.4999999999999997E-003    -22.115004165379602     
                    3     1.2500000000000001E-002    -22.144588227299273     
                    4     1.7500000000000002E-002    -22.175646713345024     
                    5     2.2499999999999999E-002    -22.192156506897462     
                    6     2.7500000000000000E-002    -22.220867968521667     
                    7     3.2500000000000001E-002    -22.237438898748625     
                    8     3.7500000000000006E-002    -22.245215313621387     
                    9     4.2499999999999996E-002    -22.257670677376659     
                   10     4.7500000000000001E-002    -22.266694207631765     
                   11     5.2500000000000005E-002    -22.277053031686719     
                   12     5.7499999999999996E-002    -22.274944744760372     
                   13     6.2500000000000000E-002    -22.266133457479739     
                   14     6.7500000000000004E-002    -22.251545822604079     
                   15     7.2500000000000009E-002    -22.218971335117516     
                   16     7.7499999999999999E-002    -22.174277117183578     
                   17     8.2500000000000004E-002    -22.113745546387520     
                   18     8.7499999999999994E-002    -22.040728741690550     
                   19     9.2499999999999999E-002    -21.950509125757257     
                   20     9.7500000000000003E-002    -21.837424561763576     
                   21    0.10250000000000001         -21.712569413611590     
                   22    0.10750000000000000         -21.577675802048503     
                   23    0.11250000000000000         -21.434277700101738     
                   24    0.11749999999999999         -21.289698047482645     
                   25    0.12250000000000000         -21.172450249453028     
                   26    0.12750000000000000         -21.499786712836219     
                   27    0.13250000000000001         -24.140170540804554     
                   28    0.13750000000000001         -27.230585613485999     
                   29    0.14250000000000002         -28.013060651043226     
                   30    0.14749999999999999         -27.866129803042760     
                   31    0.15250000000000000         -27.663968034170537     
                   32    0.15750000000000000         -27.478640147956849     
                   33    0.16250000000000001         -27.309933873586118     
                   34    0.16750000000000001         -27.156663535517097     
                   35    0.17250000000000001         -27.017421697607279     
                   36    0.17749999999999999         -26.890903035404556     
                   37    0.18250000000000000         -26.775987876494938     
                   38    0.18750000000000000         -26.671731562331896     
                   39    0.19250000000000000         -26.577330755459741     
                   40    0.19750000000000001         -26.492092087733432     
                   41    0.20250000000000001         -26.415408749706025     
                   42    0.20750000000000002         -26.346744173366652     
                   43    0.21249999999999999         -26.285620737298125     
                   44    0.21750000000000000         -26.231611747577336     
                   45    0.22250000000000000         -26.184335507099277     
                   46    0.22750000000000001         -26.143450731109795     
                   47    0.23250000000000001         -26.108652861512240     
                   48    0.23749999999999999         -26.079671013964052     
                   49    0.24249999999999999         -26.056265399369213     
                   50    0.24750000000000000         -26.038225123445102     
                   51    0.25250000000000000         -26.025366302961409     
                   52    0.25750000000000001         -26.017530456534551     
                   53    0.26250000000000001         -26.014583138590545     
                   54    0.26750000000000002         -26.016412791480313     
                   55    0.27250000000000002         -26.022929795101458     
                   56    0.27750000000000002         -26.034065696974622     
                   57    0.28250000000000003         -26.049772609120915     
                   58    0.28749999999999998         -26.070022761553027     
                   59    0.29249999999999998         -26.094808205878934     
                   60    0.29749999999999999         -26.124140666589717     
