                    1   2.5000000000000001E-003  0.18748049846431045     
                    2   7.4999999999999997E-003  0.12742155643867686     
                    3   1.2500000000000001E-002  0.13428788302704683     
                    4   1.7500000000000002E-002  0.13201567713768550     
                    5   2.2499999999999999E-002  0.13144437692352981     
                    6   2.7500000000000000E-002  0.13160575431546645     
                    7   3.2500000000000001E-002  0.13095175878471843     
                    8   3.7500000000000006E-002  0.13027949487503609     
                    9   4.2499999999999996E-002  0.12933541173315483     
                   10   4.7500000000000001E-002  0.12860355843915416     
                   11   5.2500000000000005E-002  0.12851222524943651     
                   12   5.7499999999999996E-002  0.12771686255257389     
                   13   6.2500000000000000E-002  0.12746694408496922     
                   14   6.7500000000000004E-002  0.12697583345770644     
                   15   7.2500000000000009E-002  0.12624345505114343     
                   16   7.7499999999999999E-002  0.12453223879085915     
                   17   8.2500000000000004E-002  0.11926374886979867     
                   18   8.7499999999999994E-002   9.8983846197972736E-002
                   19   9.2499999999999999E-002   5.2745265158011444E-002
                   20   9.7500000000000003E-002   1.8575572844485660E-002
                   21  0.10250000000000001        1.8481154248367688E-003
                   22  0.10750000000000000        5.7810205313082769E-005
                   23  0.11250000000000000        0.0000000000000000     
                   24  0.11749999999999999        0.0000000000000000     
                   25  0.12250000000000000        0.0000000000000000     
                   26  0.12750000000000000        0.0000000000000000     
                   27  0.13250000000000001        0.0000000000000000     
                   28  0.13750000000000001        0.0000000000000000     
                   29  0.14250000000000002        0.0000000000000000     
                   30  0.14749999999999999        0.0000000000000000     
                   31  0.15250000000000000        0.0000000000000000     
                   32  0.15750000000000000        0.0000000000000000     
                   33  0.16250000000000001        0.0000000000000000     
                   34  0.16750000000000001        0.0000000000000000     
                   35  0.17250000000000001        0.0000000000000000     
                   36  0.17749999999999999        0.0000000000000000     
                   37  0.18250000000000000        0.0000000000000000     
                   38  0.18750000000000000        0.0000000000000000     
                   39  0.19250000000000000        0.0000000000000000     
                   40  0.19750000000000001        0.0000000000000000     
                   41  0.20250000000000001        0.0000000000000000     
                   42  0.20750000000000002        0.0000000000000000     
                   43  0.21249999999999999        0.0000000000000000     
                   44  0.21750000000000000        0.0000000000000000     
                   45  0.22250000000000000        0.0000000000000000     
                   46  0.22750000000000001        0.0000000000000000     
                   47  0.23250000000000001        0.0000000000000000     
                   48  0.23749999999999999        0.0000000000000000     
                   49  0.24249999999999999        0.0000000000000000     
                   50  0.24750000000000000        0.0000000000000000     
                   51  0.25250000000000000        0.0000000000000000     
                   52  0.25750000000000001        0.0000000000000000     
                   53  0.26250000000000001        0.0000000000000000     
                   54  0.26750000000000002        0.0000000000000000     
                   55  0.27250000000000002        0.0000000000000000     
                   56  0.27750000000000002        0.0000000000000000     
                   57  0.28250000000000003        0.0000000000000000     
                   58  0.28749999999999998        0.0000000000000000     
                   59  0.29249999999999998        0.0000000000000000     
                   60  0.29749999999999999        0.0000000000000000     
