                    1   0.0000000000000000       -8.5687594819379509     
                    2   5.0000000000000001E-003  -22.102800460945950     
                    3   1.0000000000000000E-002  -19.661969755473219     
                    4   1.4999999999999999E-002  -20.151439235735964     
                    5   2.0000000000000000E-002  -20.215368450615134     
                    6   2.5000000000000001E-002  -20.252317699650657     
                    7   2.9999999999999999E-002  -20.111752371318698     
                    8   3.5000000000000003E-002  -20.356847269214828     
                    9   4.0000000000000001E-002  -20.207542513832369     
                   10   4.4999999999999998E-002  -20.509750028976175     
                   11   5.0000000000000003E-002  -20.278925762570179     
                   12   5.5000000000000000E-002  -20.374554558878152     
                   13   5.9999999999999998E-002  -20.289759938117555     
                   14   6.5000000000000002E-002  -20.171147265461613     
                   15   7.0000000000000007E-002  -20.048637619733885     
                   16   7.4999999999999997E-002  -19.819906078930046     
                   17   8.0000000000000002E-002  -19.602431484708180     
                   18   8.5000000000000006E-002  -19.317275274093376     
                   19   8.9999999999999997E-002  -18.985895643896576     
                   20   9.5000000000000001E-002  -18.609812219149283     
                   21  0.10000000000000001       -18.210775108007326     
                   22  0.10500000000000000       -17.861101607268626     
                   23  0.11000000000000000       -17.673814720468204     
                   24  0.11500000000000000       -18.166675373786337     
                   25  0.12000000000000000       -22.402423381776533     
                   26  0.12500000000000000       -33.372273951938659     
                   27  0.13000000000000000       -37.376266203851550     
                   28  0.13500000000000001       -36.733677845040702     
                   29  0.14000000000000001       -35.167041067739248     
                   30  0.14499999999999999       -33.960434839102966     
                   31  0.14999999999999999       -32.997911254430520     
                   32  0.15500000000000000       -32.209150989038569     
                   33  0.16000000000000000       -31.549272404460282     
                   34  0.16500000000000001       -30.988346742636271     
                   35  0.17000000000000001       -30.505626726589387     
                   36  0.17500000000000002       -30.086223820729906     
                   37  0.17999999999999999       -29.719123874496670     
                   38  0.18500000000000000       -29.395962452554876     
                   39  0.19000000000000000       -29.110244798311516     
                   40  0.19500000000000001       -28.856833401940147     
                   41  0.20000000000000001       -28.631601127636348     
                   42  0.20500000000000002       -28.431189678422673     
                   43  0.20999999999999999       -28.252837005548525     
                   44  0.21500000000000000       -28.094251117056533     
                   45  0.22000000000000000       -27.953515952832557     
                   46  0.22500000000000001       -27.829019971785954     
                   47  0.23000000000000001       -27.719401185931762     
                   48  0.23500000000000001       -27.623504340616385     
                   49  0.23999999999999999       -27.540347221037038     
                   50  0.24500000000000000       -27.469093921302505     
                   51  0.25000000000000000       -27.409033498188105     
                   52  0.25500000000000000       -27.359562841732338     
                   53  0.26000000000000001       -27.320172887654358     
                   54  0.26500000000000001       -27.290437509677432     
                   55  0.27000000000000002       -27.270004587636336     
                   56  0.27500000000000002       -27.258588866009092     
                   57  0.28000000000000003       -27.255966308344828     
                   58  0.28500000000000003       -27.261969723667505     
                   59  0.28999999999999998       -27.276485496721531     
                   60  0.29499999999999998       -27.299451298570848     
                   61  0.29999999999999999       -27.330854689624193     
