                    1   2.5000000000000001E-003  -631.58021240313360     
                    2   7.4999999999999997E-003  -602.11767098961627     
                    3   1.2500000000000001E-002  -568.51333306557990     
                    4   1.7500000000000002E-002  -535.31491956306866     
                    5   2.2499999999999999E-002  -502.01594635358668     
                    6   2.7500000000000000E-002  -468.80111601808181     
                    7   3.2500000000000001E-002  -435.67913187433641     
                    8   3.7500000000000006E-002  -402.60839091939118     
                    9   4.2499999999999996E-002  -369.58825520901001     
                   10   4.7500000000000001E-002  -336.63782416187144     
                   11   5.2500000000000005E-002  -303.84360676345716     
                   12   5.7499999999999996E-002  -271.23690540881256     
                   13   6.2500000000000000E-002  -238.85455998074673     
                   14   6.7500000000000004E-002  -206.78476424482858     
                   15   7.2500000000000009E-002  -175.09941734442094     
                   16   7.7499999999999999E-002  -143.89742032540553     
                   17   8.2500000000000004E-002  -113.25703653094841     
                   18   8.7499999999999994E-002  -83.112488233939928     
                   19   9.2499999999999999E-002  -55.762487732220265     
                   20   9.7500000000000003E-002  -43.341089421093230     
                   21  0.10250000000000001       -35.601206378382862     
                   22  0.10750000000000000       -33.722875830332342     
                   23  0.11250000000000000       -32.316431316531293     
                   24  0.11749999999999999       -31.234145270403971     
                   25  0.12250000000000000       -30.391764388098778     
                   26  0.12750000000000000       -29.714758564524665     
                   27  0.13250000000000001       -29.157631096731006     
                   28  0.13750000000000001       -28.690947767819544     
                   29  0.14250000000000002       -28.294696677381218     
                   30  0.14749999999999999       -27.954691827453168     
                   31  0.15250000000000000       -27.660523907293260     
                   32  0.15750000000000000       -27.404335662403675     
                   33  0.16250000000000001       -27.180056798200070     
                   34  0.16750000000000001       -26.982906349795829     
                   35  0.17250000000000001       -26.809057361354967     
                   36  0.17749999999999999       -26.655403969870431     
                   37  0.18250000000000000       -26.519395406811235     
                   38  0.18750000000000000       -26.398915096217316     
                   39  0.19250000000000000       -26.292190959351586     
                   40  0.19750000000000001       -26.197727806631278     
                   41  0.20250000000000001       -26.114255665349404     
                   42  0.20750000000000002       -26.040689795935506     
                   43  0.21249999999999999       -25.976099405511498     
                   44  0.21750000000000000       -25.919682916145526     
                   45  0.22250000000000000       -25.870748230640565     
                   46  0.22750000000000001       -25.828696849809617     
                   47  0.23250000000000001       -25.793010988360187     
                   48  0.23749999999999999       -25.763243048403034     
                   49  0.24249999999999999       -25.739006964599326     
                   50  0.24750000000000000       -25.719971049598396     
                   51  0.25250000000000000       -25.705852054091206     
                   52  0.25750000000000001       -25.696410220477080     
                   53  0.26250000000000001       -25.691445158451277     
                   54  0.26750000000000002       -25.690792408800746     
                   55  0.27250000000000002       -25.694320591261224     
                   56  0.27750000000000002       -25.701929055569998     
                   57  0.28250000000000003       -25.713545973420132     
                   58  0.28749999999999998       -25.729126824056770     
                   59  0.29249999999999998       -25.748653238634120     
                   60  0.29749999999999999       -25.772132178796873     
