                    1   2.5000000000000001E-003   2.0997791122951005E-002
                    2   7.4999999999999997E-003   2.1043259458985955E-002
                    3   1.2500000000000001E-002   2.1112937674981437E-002
                    4   1.7500000000000002E-002   2.1191994417961171E-002
                    5   2.2499999999999999E-002   2.1282138292444873E-002
                    6   2.7500000000000000E-002   2.1385557372184817E-002
                    7   3.2500000000000001E-002   2.1505118097871256E-002
                    8   3.7500000000000006E-002   2.1642806707129827E-002
                    9   4.2499999999999996E-002   2.1802733279637637E-002
                   10   4.7500000000000001E-002   2.1992991487009943E-002
                   11   5.2500000000000005E-002   2.2221839661876124E-002
                   12   5.7499999999999996E-002   2.2498028248281128E-002
                   13   6.2500000000000000E-002   2.2836316909164701E-002
                   14   6.7500000000000004E-002   2.3259799017845400E-002
                   15   7.2500000000000009E-002   2.3798706562448851E-002
                   16   7.7499999999999999E-002   2.4490523541408474E-002
                   17   8.2500000000000004E-002   2.5398298650064197E-002
                   18   8.7499999999999994E-002   2.6633304977566500E-002
                   19   9.2499999999999999E-002   2.8363685228842188E-002
                   20   9.7500000000000003E-002   3.0891296183147385E-002
                   21  0.10250000000000001        3.4843397582012013E-002
                   22  0.10750000000000000        4.1958954941009652E-002
                   23  0.11250000000000000        6.9708694212225739E-002
                   24  0.11749999999999999       0.12683816426435415     
                   25  0.12250000000000000       0.14218778204516191     
                   26  0.12750000000000000       0.14471181711841091     
                   27  0.13250000000000001       0.14705383719890922     
                   28  0.13750000000000001       0.14923262472311036     
                   29  0.14250000000000002       0.15124670286949654     
                   30  0.14749999999999999       0.15308989665178158     
                   31  0.15250000000000000       0.15475856225276985     
                   32  0.15750000000000000       0.15625358505360959     
                   33  0.16250000000000001       0.15757991758738507     
                   34  0.16750000000000001       0.15874532144316625     
                   35  0.17250000000000001       0.15975910006912256     
                   36  0.17749999999999999       0.16063110364863947     
                   37  0.18250000000000000       0.16137104818194342     
                   38  0.18750000000000000       0.16198810001344083     
                   39  0.19250000000000000       0.16249065587496506     
                   40  0.19750000000000001       0.16288625494994513     
                   41  0.20250000000000001       0.16318157379596865     
                   42  0.20750000000000002       0.16338246917499702     
                   43  0.21249999999999999       0.16349404534951639     
                   44  0.21750000000000000       0.16352073088135560     
                   45  0.22250000000000000       0.16346635587274655     
                   46  0.22750000000000001       0.16333422453566207     
                   47  0.23250000000000001       0.16312718052291206     
                   48  0.23749999999999999       0.16284766403895459     
                   49  0.24249999999999999       0.16249776068830912     
                   50  0.24750000000000000       0.16207924253823697     
                   51  0.25250000000000000       0.16159360212259052     
                   52  0.25750000000000001       0.16104208019758212     
                   53  0.26250000000000001       0.16042568804479701     
                   54  0.26750000000000002       0.15974522504527858     
                   55  0.27250000000000002       0.15900129214813305     
                   56  0.27750000000000002       0.15819430174465360     
                   57  0.28250000000000003       0.15732448434528834     
                   58  0.28749999999999998       0.15639189235107898     
                   59  0.29249999999999998       0.15539640112741679     
                   60  0.29749999999999999       0.15433770755744691     
