                    1   0.0000000000000000        2.2446127188712754     
                    2   5.0000000000000001E-003  -12.062987443886101     
                    3   1.0000000000000000E-002  -11.949897505667721     
                    4   1.4999999999999999E-002  -14.053408056284979     
                    5   2.0000000000000000E-002  -21.874852562976962     
                    6   2.5000000000000001E-002  -20.390298709388183     
                    7   2.9999999999999999E-002  -19.350214904219470     
                    8   3.5000000000000003E-002  -18.714020863153266     
                    9   4.0000000000000001E-002  -18.306470786799707     
                   10   4.4999999999999998E-002  -18.029397504345795     
                   11   5.0000000000000003E-002  -17.832513434784541     
                   12   5.5000000000000000E-002  -17.688421898933274     
                   13   5.9999999999999998E-002  -17.580661215437651     
                   14   6.5000000000000002E-002  -17.498431632374185     
                   15   7.0000000000000007E-002  -17.434218046760282     
                   16   7.4999999999999997E-002  -17.382627295562489     
                   17   8.0000000000000002E-002  -17.339749128383975     
                   18   8.5000000000000006E-002  -17.302760398071172     
                   19   8.9999999999999997E-002  -17.269654935157103     
                   20   9.5000000000000001E-002  -17.239046308471703     
                   21  0.10000000000000001       -17.210017444304288     
                   22  0.10500000000000000       -17.182002989676658     
                   23  0.11000000000000000       -17.154696087482495     
                   24  0.11500000000000000       -17.127974252577651     
                   25  0.12000000000000000       -17.101840696662666     
                   26  0.12500000000000000       -17.076378393594879     
                   27  0.13000000000000000       -17.051714738315091     
                   28  0.13500000000000001       -17.027995012444201     
                   29  0.14000000000000001       -17.005363125625891     
                   30  0.14499999999999999       -16.983948304486589     
                   31  0.14999999999999999       -16.963856574848219     
                   32  0.15500000000000000       -16.945166037908884     
                   33  0.16000000000000000       -16.927925081364666     
                   34  0.16500000000000001       -16.912152793241479     
                   35  0.17000000000000001       -16.897840960284157     
                   36  0.17500000000000002       -16.884957134945846     
                   37  0.17999999999999999       -16.873448346370527     
                   38  0.18500000000000000       -16.863245112365597     
                   39  0.19000000000000000       -16.854265482214082     
                   40  0.19500000000000001       -16.846418905035925     
                   41  0.20000000000000001       -16.839609775755672     
                   42  0.20500000000000002       -16.833740560808184     
                   43  0.20999999999999999       -16.828714448598131     
                   44  0.21500000000000000       -16.824437505468619     
                   45  0.22000000000000000       -16.820820346646375     
                   46  0.22500000000000001       -16.817779353593714     
                   47  0.23000000000000001       -16.815237484897221     
                   48  0.23500000000000001       -16.813124737962326     
                   49  0.23999999999999999       -16.811378324256090     
                   50  0.24500000000000000       -16.809942622679692     
                   51  0.25000000000000000       -16.808768974963460     
                   52  0.25500000000000000       -16.807815384882733     
                   53  0.26000000000000001       -16.807046180667371     
                   54  0.26500000000000001       -16.806431698218365     
                   55  0.27000000000000002       -16.805948042536588     
                   56  0.27500000000000002       -16.805576986873582     
                   57  0.28000000000000003       -16.805306074161464     
                   58  0.28500000000000003       -16.805128993755876     
                   59  0.28999999999999998       -16.805046318764322     
                   60  0.29499999999999998       -16.805066705388391     
                   61  0.29999999999999999       -16.805208675737731     
