                    1   2.5000000000000001E-003   2.1133565041391612E-002
                    2   7.4999999999999997E-003   2.1225927057523783E-002
                    3   1.2500000000000001E-002   2.1377934336387447E-002
                    4   1.7500000000000002E-002   2.1568230966027752E-002
                    5   2.2499999999999999E-002   2.1811691196138426E-002
                    6   2.7500000000000000E-002   2.2132024931774255E-002
                    7   3.2500000000000001E-002   2.2569080455416453E-002
                    8   3.7500000000000006E-002   2.3186045280482116E-002
                    9   4.2499999999999996E-002   2.4112842648992865E-002
                   10   4.7500000000000001E-002   2.5663494858634200E-002
                   11   5.2500000000000005E-002   2.8695780285035756E-002
                   12   5.7499999999999996E-002   3.7293422829073344E-002
                   13   6.2500000000000000E-002   9.0609088002347626E-002
                   14   6.7500000000000004E-002  0.14972005509142042     
                   15   7.2500000000000009E-002  0.15518405936192919     
                   16   7.7499999999999999E-002  0.16117019629823798     
                   17   8.2500000000000004E-002  0.16582464415905218     
                   18   8.7499999999999994E-002  0.16961155026549640     
                   19   9.2499999999999999E-002  0.17277800210905836     
                   20   9.7500000000000003E-002  0.17546882154496452     
                   21  0.10250000000000001       0.17777846299833439     
                   22  0.10750000000000000       0.17977438190588682     
                   23  0.11250000000000000       0.18150783871306128     
                   24  0.11749999999999999       0.18301926899878415     
                   25  0.12250000000000000       0.18434127373438305     
                   26  0.12750000000000000       0.18550050116727068     
                   27  0.13250000000000001       0.18651894976348304     
                   28  0.13750000000000001       0.18741492383231867     
                   29  0.14250000000000002       0.18820375547833013     
                   30  0.14749999999999999       0.18889835815505787     
                   31  0.15250000000000000       0.18950965491137739     
                   32  0.15750000000000000       0.19004691222466247     
                   33  0.16250000000000001       0.19051800234373878     
                   34  0.16750000000000001       0.19092961130533126     
                   35  0.17250000000000001       0.19128740547640008     
                   36  0.17749999999999999       0.19159616623651704     
                   37  0.18250000000000000       0.19185989999815672     
                   38  0.18750000000000000       0.19208192897158138     
                   39  0.19250000000000000       0.19226496675709220     
                   40  0.19750000000000001       0.19241118186771458     
                   41  0.20250000000000001       0.19252225155691829     
                   42  0.20750000000000002       0.19259940778037832     
                   43  0.21249999999999999       0.19264347670861662     
                   44  0.21750000000000000       0.19265491289315834     
                   45  0.22250000000000000       0.19263382894717385     
                   46  0.22750000000000001       0.19258002141413419     
                   47  0.23250000000000001       0.19249299335144246     
                   48  0.23749999999999999       0.19237197404048390     
                   49  0.24249999999999999       0.19221593614270235     
                   50  0.24750000000000000       0.19202361054757666     
                   51  0.25250000000000000       0.19179349909842380     
                   52  0.25750000000000001       0.19152388533243581     
                   53  0.26250000000000001       0.19121284332958965     
                   54  0.26750000000000002       0.19085824472893370     
                   55  0.27250000000000002       0.19045776393858910     
                   56  0.27750000000000002       0.19000888153646150     
                   57  0.28250000000000003       0.18950888583180919     
                   58  0.28749999999999998       0.18895487253497256     
                   59  0.29249999999999998       0.18834374246989513     
                   60  0.29749999999999999       0.18767219727971909     
