                    1   0.0000000000000000        2.2534618529785457     
                    2   5.0000000000000001E-003  -12.055592611750580     
                    3   1.0000000000000000E-002  -11.930482907947203     
                    4   1.4999999999999999E-002  -12.186175631283515     
                    5   2.0000000000000000E-002  -12.211186104693555     
                    6   2.5000000000000001E-002  -12.222551371331955     
                    7   2.9999999999999999E-002  -12.406851513329206     
                    8   3.5000000000000003E-002  -12.218635895179190     
                    9   4.0000000000000001E-002  -12.026644366565737     
                   10   4.4999999999999998E-002  -12.181805566734514     
                   11   5.0000000000000003E-002  -12.225091882653501     
                   12   5.5000000000000000E-002  -12.053201643377511     
                   13   5.9999999999999998E-002  -13.404847785324593     
                   14   6.5000000000000002E-002  -22.401171451409841     
                   15   7.0000000000000007E-002  -22.249055631343683     
                   16   7.4999999999999997E-002  -21.299284668001405     
                   17   8.0000000000000002E-002  -20.626578632234438     
                   18   8.5000000000000006E-002  -20.114842884853875     
                   19   8.9999999999999997E-002  -19.707930863954211     
                   20   9.5000000000000001E-002  -19.375422986637592     
                   21  0.10000000000000001       -19.098903180068081     
                   22  0.10500000000000000       -18.866126760418851     
                   23  0.11000000000000000       -18.668379951115806     
                   24  0.11500000000000000       -18.499177334630719     
                   25  0.12000000000000000       -18.353549129369181     
                   26  0.12500000000000000       -18.227609696976845     
                   27  0.13000000000000000       -18.118274598772771     
                   28  0.13500000000000001       -18.023064837083759     
                   29  0.14000000000000001       -17.939966844466024     
                   30  0.14499999999999999       -17.867330231479556     
                   31  0.14999999999999999       -17.803792002699964     
                   32  0.15500000000000000       -17.748219703178972     
                   33  0.16000000000000000       -17.699668281486957     
                   34  0.16500000000000001       -17.657346993775608     
                   35  0.17000000000000001       -17.620593729234784     
                   36  0.17500000000000002       -17.588854874974643     
                   37  0.17999999999999999       -17.561669358166082     
                   38  0.18500000000000000       -17.538655871698705     
                   39  0.19000000000000000       -17.519502552321377     
                   40  0.19500000000000001       -17.503958568935015     
                   41  0.20000000000000001       -17.491827215468721     
                   42  0.20500000000000002       -17.482960202894624     
                   43  0.20999999999999999       -17.477252919040318     
                   44  0.21500000000000000       -17.474640480320996     
                   45  0.22000000000000000       -17.475094441496278     
                   46  0.22500000000000001       -17.478620061700823     
                   47  0.23000000000000001       -17.485254049903851     
                   48  0.23500000000000001       -17.495062732506682     
                   49  0.23999999999999999       -17.508140601378745     
                   50  0.24500000000000000       -17.524609213307286     
                   51  0.25000000000000000       -17.544616422398246     
                   52  0.25500000000000000       -17.568335936051383     
                   53  0.26000000000000001       -17.595967193260435     
                   54  0.26500000000000001       -17.627735571599707     
                   55  0.27000000000000002       -17.663892936740144     
                   56  0.27500000000000002       -17.704718556046110     
                   57  0.28000000000000003       -17.750520406061927     
                   58  0.28500000000000003       -17.801636912758823     
                   59  0.28999999999999998       -17.858439173328328     
                   60  0.29499999999999998       -17.921333718517143     
                   61  0.29999999999999999       -17.990765882738348     
