                    1     0.0000000000000000         -5.3212892563087610     
                    2     5.0000000000000001E-003    -5.2510803875418652     
                    3     1.0000000000000000E-002    -5.1240104846478118     
                    4     1.4999999999999999E-002    -4.9814983924703427     
                    5     2.0000000000000000E-002    -4.8328555539914984     
                    6     2.5000000000000001E-002    -4.6811009774642391     
                    7     2.9999999999999999E-002    -4.5275431096043839     
                    8     3.5000000000000003E-002    -4.3728131922441014     
                    9     4.0000000000000001E-002    -4.2173106763312820     
                   10     4.4999999999999998E-002    -4.0611525435892588     
                   11     5.0000000000000003E-002    -3.9043270095674600     
                   12     5.5000000000000000E-002    -3.7471020939060184     
                   13     5.9999999999999998E-002    -3.5897199558320563     
                   14     6.5000000000000002E-002    -3.4322978193945151     
                   15     7.0000000000000007E-002    -3.2749566466679862     
                   16     7.4999999999999997E-002    -3.1178588089693142     
                   17     8.0000000000000002E-002    -2.9613417153934609     
                   18     8.5000000000000006E-002    -2.8055286947444693     
                   19     8.9999999999999997E-002    -2.6504139706601078     
                   20     9.5000000000000001E-002    -2.4960739780274581     
                   21    0.10000000000000001         -2.3424063468879055     
                   22    0.10500000000000000         -2.1893208521586653     
                   23    0.11000000000000000         -2.0366913512222267     
                   24    0.11500000000000000         -1.8842170104511771     
                   25    0.12000000000000000         -1.7315776516238630     
                   26    0.12500000000000000         -1.5784555975311136     
                   27    0.13000000000000000         -1.4244816623787868     
                   28    0.13500000000000001         -1.2692624260431273     
                   29    0.14000000000000001         -1.1123308685504001     
                   30    0.14499999999999999        -0.95277547763788750     
                   31    0.14999999999999999        -0.78601543982292166     
                   32    0.15500000000000000        -0.60089120756272829     
                   33    0.16000000000000000        -0.40563214131206227     
                   34    0.16500000000000001        -0.20918494140423843     
                   35    0.17000000000000001         -1.6417827609789201E-002
                   36    0.17500000000000002         0.17217861639715701     
                   37    0.17999999999999999         0.35858809125505808     
                   38    0.18500000000000000         0.54301391677901867     
                   39    0.19000000000000000         0.72563250181875283     
                   40    0.19500000000000001         0.90659885942254881     
                   41    0.20000000000000001          1.0860508888957914     
                   42    0.20500000000000002          1.2641127242727079     
                   43    0.20999999999999999          1.4408973525422430     
                   44    0.21500000000000000          1.6165086627390146     
                   45    0.22000000000000000          1.7910430568603184     
                   46    0.22500000000000001          1.9645907266902409     
                   47    0.23000000000000001          2.1372366768568027     
                   48    0.23500000000000001          2.3090615547096780     
                   49    0.23999999999999999          2.4801423321093288     
                   50    0.24500000000000000          2.6505528725531931     
                   51    0.25000000000000000          2.8203644085256725     
                   52    0.25500000000000000          2.9896459478058310     
                   53    0.26000000000000001          3.1584646230562767     
                   54    0.26500000000000001          3.3268859958442860     
                   55    0.27000000000000002          3.4949743239410509     
                   56    0.27500000000000002          3.6627927990464260     
                   57    0.28000000000000003          3.8304037608165560     
                   58    0.28500000000000003          3.9978688921110761     
                   59    0.28999999999999998          4.1652493996460338     
                   60    0.29499999999999998          4.3326061836860417     
                   61    0.29999999999999999          4.5000000000000000     
