                    1     2.5000000000000001E-003    -5.0374623408031560     
                    2     7.4999999999999997E-003    -4.9042827082235618     
                    3     1.2500000000000001E-002    -4.7223817244560955     
                    4     1.7500000000000002E-002    -4.5260340151482374     
                    5     2.2499999999999999E-002    -4.3235803484439259     
                    6     2.7500000000000000E-002    -4.1179598444027228     
                    7     3.2500000000000001E-002    -3.9105003183848650     
                    8     3.7500000000000006E-002    -3.7019160153301263     
                    9     4.2499999999999996E-002    -3.4925744222818831     
                   10     4.7500000000000001E-002    -3.2825664177632192     
                   11     5.2500000000000005E-002    -3.0720829535910310     
                   12     5.7499999999999996E-002    -2.8614833628175216     
                   13     6.2500000000000000E-002    -2.6510245067710749     
                   14     6.7500000000000004E-002    -2.4408808180007959     
                   15     7.2500000000000009E-002    -2.2312550869063434     
                   16     7.7499999999999999E-002    -2.0224911946344282     
                   17     8.2500000000000004E-002    -1.8149076275837259     
                   18     8.7499999999999994E-002    -1.6086041620797007     
                   19     9.2499999999999999E-002    -1.4036704743844695     
                   20     9.7500000000000003E-002    -1.2001757079466806     
                   21    0.10250000000000001        -0.99777618450367478     
                   22    0.10750000000000000        -0.79253877204943746     
                   23    0.11250000000000000        -0.58730992710722296     
                   24    0.11749999999999999        -0.39340040139937338     
                   25    0.12250000000000000        -0.21403836295848763     
                   26    0.12750000000000000         -4.6607626973881038E-002
                   27    0.13250000000000001         0.11277047767915596     
                   28    0.13750000000000001         0.26815200270660516     
                   29    0.14250000000000002         0.42080847379978259     
                   30    0.14749999999999999         0.57095219290218291     
                   31    0.15250000000000000         0.71876519331766842     
                   32    0.15750000000000000         0.86440574381012114     
                   33    0.16250000000000001          1.0080135054867503     
                   34    0.16750000000000001          1.1497135321545398     
                   35    0.17250000000000001          1.2896193380381442     
                   36    0.17749999999999999          1.4278352407847452     
                   37    0.18250000000000000          1.5644581536335398     
                   38    0.18750000000000000          1.6995789640657735     
                   39    0.19250000000000000          1.8332836037562996     
                   40    0.19750000000000001          1.9656538882076937     
                   41    0.20250000000000001          2.0967681839689112     
                   42    0.20750000000000002          2.2267019459444581     
                   43    0.21249999999999999          2.3555281559389787     
                   44    0.21750000000000000          2.4833176852946330     
                   45    0.22250000000000000          2.6101395984732969     
                   46    0.22750000000000001          2.7360614100976348     
                   47    0.23250000000000001          2.8611493048327539     
                   48    0.23749999999999999          2.9854683272245248     
                   49    0.24249999999999999          3.1090825469660288     
                   50    0.24750000000000000          3.2320552038639079     
                   51    0.25250000000000000          3.3544488358959046     
                   52    0.25750000000000001          3.4763253931001730     
                   53    0.26250000000000001          3.5977463395525975     
                   54    0.26750000000000002          3.7187727453251513     
                   55    0.27250000000000002          3.8394653700443060     
                   56    0.27750000000000002          3.9598847394606809     
                   57    0.28250000000000003          4.0800912162832788     
                   58    0.28749999999999998          4.2001450664120670     
                   59    0.29249999999999998          4.3201065216131109     
                   60    0.29749999999999999          4.4400358396149793     
