                    1     0.0000000000000000          267.64148022947978     
                    2     5.0000000000000001E-003     267.69167640614648     
                    3     1.0000000000000000E-002     267.78120209411242     
                    4     1.4999999999999999E-002     267.88520109968789     
                    5     2.0000000000000000E-002     267.99418874857508     
                    6     2.5000000000000001E-002     268.10553813519573     
                    7     2.9999999999999999E-002     268.21817727149482     
                    8     3.5000000000000003E-002     268.33174110165879     
                    9     4.0000000000000001E-002     268.44612537768171     
                   10     4.4999999999999998E-002     268.56117417760720     
                   11     5.0000000000000003E-002     268.67668723746908     
                   12     5.5000000000000000E-002     268.79256607337015     
                   13     5.9999999999999998E-002     268.90866137948763     
                   14     6.5000000000000002E-002     269.02470106534281     
                   15     7.0000000000000007E-002     269.14050359416257     
                   16     7.4999999999999997E-002     269.25600930261652     
                   17     8.0000000000000002E-002     269.37117678569348     
                   18     8.5000000000000006E-002     269.48608122096834     
                   19     8.9999999999999997E-002     269.60086328204829     
                   20     9.5000000000000001E-002     269.71562754907711     
                   21    0.10000000000000001          269.83066531455808     
                   22    0.10500000000000000          269.94633589890418     
                   23    0.11000000000000000          270.06300896506326     
                   24    0.11500000000000000          270.18108396599393     
                   25    0.12000000000000000          270.30090992042938     
                   26    0.12500000000000000          270.42284405648945     
                   27    0.13000000000000000          270.54718117639612     
                   28    0.13500000000000001          270.67417486588363     
                   29    0.14000000000000001          270.80404041591413     
                   30    0.14499999999999999          270.93690679982399     
                   31    0.14999999999999999          271.07287631764285     
                   32    0.15500000000000000          271.21199268960595     
                   33    0.16000000000000000          271.35420137279550     
                   34    0.16500000000000001          271.49932458181246     
                   35    0.17000000000000001          271.64701880353584     
                   36    0.17500000000000002          271.79671758711356     
                   37    0.17999999999999999          271.94759022817459     
                   38    0.18500000000000000          272.09907401228423     
                   39    0.19000000000000000          272.25624387018371     
                   40    0.19500000000000001          272.44390440847258     
                   41    0.20000000000000001          272.67123746705579     
                   42    0.20500000000000002          272.91928399030382     
                   43    0.20999999999999999          273.17244661317409     
                   44    0.21500000000000000          273.42552671496816     
                   45    0.22000000000000000          273.67763910986855     
                   46    0.22500000000000001          273.92890100437671     
                   47    0.23000000000000001          274.17941550383239     
                   48    0.23500000000000001          274.42927399825669     
                   49    0.23999999999999999          274.67855928408846     
                   50    0.24500000000000000          274.92734797096580     
                   51    0.25000000000000000          275.17571207780213     
                   52    0.25500000000000000          275.42372007021436     
                   53    0.26000000000000001          275.67143756999002     
                   54    0.26500000000000001          275.91892788076848     
                   55    0.27000000000000002          276.16625240843280     
                   56    0.27500000000000002          276.41347101722050     
                   57    0.28000000000000003          276.66064234361403     
                   58    0.28500000000000003          276.90782408099784     
                   59    0.28999999999999998          277.15507324375784     
                   60    0.29499999999999998          277.40244641737917     
                   61    0.29999999999999999          277.64999999999998     
