                    1     2.5000000000000001E-003    -81.502122509440184     
                    2     7.4999999999999997E-003    -81.467723237313294     
                    3     1.2500000000000001E-002    -81.429236653932975     
                    4     1.7500000000000002E-002    -81.384736970129211     
                    5     2.2499999999999999E-002    -81.333605915214164     
                    6     2.7500000000000000E-002    -81.275466932821701     
                    7     3.2500000000000001E-002    -81.210015496228593     
                    8     3.7500000000000006E-002    -81.136949680334595     
                    9     4.2499999999999996E-002    -81.055949005475199     
                   10     4.7500000000000001E-002    -80.966657973353364     
                   11     5.2500000000000005E-002    -80.868638016801299     
                   12     5.7499999999999996E-002    -80.761337605068405     
                   13     6.2500000000000000E-002    -80.644120863261108     
                   14     6.7500000000000004E-002    -80.516189968988343     
                   15     7.2500000000000009E-002    -80.376563724109104     
                   16     7.7499999999999999E-002    -80.223978157670302     
                   17     8.2500000000000004E-002    -80.056832529563394     
                   18     8.7499999999999994E-002    -79.873109832753315     
                   19     9.2499999999999999E-002    -79.670129175666077     
                   20     9.7500000000000003E-002    -79.444308985280145     
                   21    0.10250000000000001         -79.190772885430249     
                   22    0.10750000000000000         -78.902634870305064     
                   23    0.11250000000000000         -78.569996208641655     
                   24    0.11749999999999999         -78.178011966669757     
                   25    0.12250000000000000         -77.703525460116651     
                   26    0.12750000000000000         -77.108290564926889     
                   27    0.13250000000000001         -76.325127417283426     
                   28    0.13750000000000001         -75.225878482676052     
                   29    0.14250000000000002         -73.540920905283429     
                   30    0.14749999999999999         -70.628586757017246     
                   31    0.15250000000000000         -64.401913912767938     
                   32    0.15750000000000000         -56.352189602491961     
                   33    0.16250000000000001         -52.175117333971613     
                   34    0.16750000000000001         -50.035013924526417     
                   35    0.17250000000000001         -48.927510764923959     
                   36    0.17749999999999999         -48.696103225071710     
                   37    0.18250000000000000         -48.474218755220960     
                   38    0.18750000000000000         -48.261841912683877     
                   39    0.19250000000000000         -48.058891092757555     
                   40    0.19750000000000001         -47.865274750785545     
                   41    0.20250000000000001         -47.680914812659623     
                   42    0.20750000000000002         -47.505752633070017     
                   43    0.21249999999999999         -47.339747733789743     
                   44    0.21750000000000000         -47.182874538269701     
                   45    0.22250000000000000         -47.035119204252283     
                   46    0.22750000000000001         -46.896477118114674     
                   47    0.23250000000000001         -46.766951009976907     
                   48    0.23749999999999999         -46.646549495633835     
                   49    0.24249999999999999         -46.535285873935806     
                   50    0.24750000000000000         -46.433177073954305     
                   51    0.25250000000000000         -46.340242703442861     
                   52    0.25750000000000001         -46.256504185725888     
                   53    0.26250000000000001         -46.181983988598951     
                   54    0.26750000000000002         -46.116704952598290     
                   55    0.27250000000000002         -46.060689723226218     
                   56    0.27750000000000002         -46.013960286640028     
                   57    0.28250000000000003         -45.976537603506380     
                   58    0.28749999999999998         -45.948441332338227     
                   59    0.29249999999999998         -45.929689632004212     
                   60    0.29749999999999999         -45.920299033122269     
