                    1     0.0000000000000000         -1.3214128576586839     
                    2     5.0000000000000001E-003    -8.8029605457455631     
                    3     1.0000000000000000E-002    -10.269170704815624     
                    4     1.4999999999999999E-002    -11.032467687230740     
                    5     2.0000000000000000E-002    -18.711995264731978     
                    6     2.5000000000000001E-002    -22.374027529174452     
                    7     2.9999999999999999E-002    -21.224201175297718     
                    8     3.5000000000000003E-002    -20.405752931680855     
                    9     4.0000000000000001E-002    -19.792575859712564     
                   10     4.4999999999999998E-002    -19.315983613280167     
                   11     5.0000000000000003E-002    -18.935602905560518     
                   12     5.5000000000000000E-002    -18.626005216529695     
                   13     5.9999999999999998E-002    -18.370230172634262     
                   14     6.5000000000000002E-002    -18.156439375783435     
                   15     7.0000000000000007E-002    -17.976067903832583     
                   16     7.4999999999999997E-002    -17.822737980864559     
                   17     8.0000000000000002E-002    -17.691586292857952     
                   18     8.5000000000000006E-002    -17.578829522201524     
                   19     8.9999999999999997E-002    -17.481474075838705     
                   20     9.5000000000000001E-002    -17.397116615499471     
                   21    0.10000000000000001         -17.323803580728139     
                   22    0.10500000000000000         -17.259930029675939     
                   23    0.11000000000000000         -17.204165272952253     
                   24    0.11500000000000000         -17.155397144321388     
                   25    0.12000000000000000         -17.112689494166155     
                   26    0.12500000000000000         -17.075249248829433     
                   27    0.13000000000000000         -17.042400523973875     
                   28    0.13500000000000001         -17.013564037231586     
                   29    0.14000000000000001         -16.988240572973162     
                   30    0.14499999999999999         -16.965997596891590     
                   31    0.14999999999999999         -16.946458355625552     
                   32    0.15500000000000000         -16.929292962538455     
                   33    0.16000000000000000         -16.914211088315732     
                   34    0.16500000000000001         -16.900955959612332     
                   35    0.17000000000000001         -16.889299430830633     
                   36    0.17500000000000002         -16.879037940150990     
                   37    0.17999999999999999         -16.869989195877565     
                   38    0.18500000000000000         -16.861989466222020     
                   39    0.19000000000000000         -16.854891367043063     
                   40    0.19500000000000001         -16.848562059314787     
                   41    0.20000000000000001         -16.842881782261689     
                   42    0.20500000000000002         -16.837742659894783     
                   43    0.20999999999999999         -16.833047728612630     
                   44    0.21500000000000000         -16.828710141944285     
                   45    0.22000000000000000         -16.824652515663814     
                   46    0.22500000000000001         -16.820806382594647     
                   47    0.23000000000000001         -16.817111731606730     
                   48    0.23500000000000001         -16.813516609732801     
                   49    0.23999999999999999         -16.809976770121885     
                   50    0.24500000000000000         -16.806455351833897     
                   51    0.25000000000000000         -16.802922580375508     
                   52    0.25500000000000000         -16.799355480495805     
                   53    0.26000000000000001         -16.795737595196851     
                   54    0.26500000000000001         -16.792058707245538     
                   55    0.27000000000000002         -16.788314561737490     
                   56    0.27500000000000002         -16.784506590459927     
                   57    0.28000000000000003         -16.780641640958162     
                   58    0.28500000000000003         -16.776731715457544     
                   59    0.28999999999999998         -16.772793727262634     
                   60    0.29499999999999998         -16.768849284787112     
                   61    0.29999999999999999         -16.764924515681500     
