                    1     2.5000000000000001E-003    0.36496982041503767     
                    2     7.4999999999999997E-003    0.27152596682396529     
                    3     1.2500000000000001E-002    0.25187427979332233     
                    4     1.7500000000000002E-002    0.24436798553759748     
                    5     2.2499999999999999E-002    0.24055401583273331     
                    6     2.7500000000000000E-002    0.23828690047573720     
                    7     3.2500000000000001E-002    0.23674611958698810     
                    8     3.7500000000000006E-002    0.23565212890816511     
                    9     4.2499999999999996E-002    0.23467361537137563     
                   10     4.7500000000000001E-002    0.23366015332514478     
                   11     5.2500000000000005E-002    0.23293178872095227     
                   12     5.7499999999999996E-002    0.23245525064805464     
                   13     6.2500000000000000E-002    0.23208467976556429     
                   14     6.7500000000000004E-002    0.23182150330317186     
                   15     7.2500000000000009E-002    0.23171051939000012     
                   16     7.7499999999999999E-002    0.23195112509961782     
                   17     8.2500000000000004E-002    0.23229277460154946     
                   18     8.7499999999999994E-002    0.23257902283956233     
                   19     9.2499999999999999E-002    0.23289696897403067     
                   20     9.7500000000000003E-002    0.23302406523246952     
                   21    0.10250000000000001         0.23295535774693610     
                   22    0.10750000000000000         0.23262146120736826     
                   23    0.11250000000000000         0.23177445931462506     
                   24    0.11749999999999999         0.23033031039823515     
                   25    0.12250000000000000         0.22819803991925597     
                   26    0.12750000000000000         0.22515723203107652     
                   27    0.13250000000000001         0.22089378914396471     
                   28    0.13750000000000001         0.21474434315489310     
                   29    0.14250000000000002         0.20484823816576947     
                   30    0.14749999999999999         0.18268315967463056     
                   31    0.15250000000000000         0.12325669585631974     
                   32    0.15750000000000000          4.9364750365392833E-002
                   33    0.16250000000000001          1.1802356124279443E-002
                   34    0.16750000000000001          1.0015352696245280E-003
                   35    0.17250000000000001          0.0000000000000000     
                   36    0.17749999999999999          0.0000000000000000     
                   37    0.18250000000000000          0.0000000000000000     
                   38    0.18750000000000000          0.0000000000000000     
                   39    0.19250000000000000          0.0000000000000000     
                   40    0.19750000000000001          0.0000000000000000     
                   41    0.20250000000000001          0.0000000000000000     
                   42    0.20750000000000002          0.0000000000000000     
                   43    0.21249999999999999          0.0000000000000000     
                   44    0.21750000000000000          0.0000000000000000     
                   45    0.22250000000000000          0.0000000000000000     
                   46    0.22750000000000001          0.0000000000000000     
                   47    0.23250000000000001          0.0000000000000000     
                   48    0.23749999999999999          0.0000000000000000     
                   49    0.24249999999999999          0.0000000000000000     
                   50    0.24750000000000000          0.0000000000000000     
                   51    0.25250000000000000          0.0000000000000000     
                   52    0.25750000000000001          0.0000000000000000     
                   53    0.26250000000000001          0.0000000000000000     
                   54    0.26750000000000002          0.0000000000000000     
                   55    0.27250000000000002          0.0000000000000000     
                   56    0.27750000000000002          0.0000000000000000     
                   57    0.28250000000000003          0.0000000000000000     
                   58    0.28749999999999998          0.0000000000000000     
                   59    0.29249999999999998          0.0000000000000000     
                   60    0.29749999999999999          0.0000000000000000     
