                    1     2.5000000000000001E-003    -275.69281875463116     
                    2     7.4999999999999997E-003    -222.13650508451616     
                    3     1.2500000000000001E-002    -144.83429648786591     
                    4     1.7500000000000002E-002    -64.024570291376762     
                    5     2.2499999999999999E-002    -23.633597540704091     
                    6     2.7500000000000000E-002    -21.799114352236085     
                    7     3.2500000000000001E-002    -20.814977053489287     
                    8     3.7500000000000006E-002    -20.099164395696707     
                    9     4.2499999999999996E-002    -19.554279736496365     
                   10     4.7500000000000001E-002    -19.125793259420341     
                   11     5.2500000000000005E-002    -18.780804061045107     
                   12     5.7499999999999996E-002    -18.498117694581978     
                   13     6.2500000000000000E-002    -18.263334774208850     
                   14     6.7500000000000004E-002    -18.066253639808007     
                   15     7.2500000000000009E-002    -17.899402942348573     
                   16     7.7499999999999999E-002    -17.757162136861254     
                   17     8.2500000000000004E-002    -17.635207907529740     
                   18     8.7499999999999994E-002    -17.530151799020114     
                   19     9.2499999999999999E-002    -17.439295345669088     
                   20     9.7500000000000003E-002    -17.360460098113805     
                   21    0.10250000000000001         -17.291866805202041     
                   22    0.10750000000000000         -17.232047651314094     
                   23    0.11250000000000000         -17.179781208636818     
                   24    0.11749999999999999         -17.134043319243769     
                   25    0.12250000000000000         -17.093969371497792     
                   26    0.12750000000000000         -17.058824886401652     
                   27    0.13250000000000001         -17.027982280602728     
                   28    0.13750000000000001         -17.000902305102375     
                   29    0.14250000000000002         -16.977119084932376     
                   30    0.14749999999999999         -16.956227976258571     
                   31    0.15250000000000000         -16.937875659082003     
                   32    0.15750000000000000         -16.921752025427093     
                   33    0.16250000000000001         -16.907583523964032     
                   34    0.16750000000000001         -16.895127695221483     
                   35    0.17250000000000001         -16.884168685490813     
                   36    0.17749999999999999         -16.874513568014279     
                   37    0.18250000000000000         -16.865989331049793     
                   38    0.18750000000000000         -16.858440416632540     
                   39    0.19250000000000000         -16.851726713178923     
                   40    0.19750000000000001         -16.845721920788240     
                   41    0.20250000000000001         -16.840312221078236     
                   42    0.20750000000000002         -16.835395194253703     
                   43    0.21249999999999999         -16.830878935278456     
                   44    0.21750000000000000         -16.826681328804050     
                   45    0.22250000000000000         -16.822729449129231     
                   46    0.22750000000000001         -16.818959057100688     
                   47    0.23250000000000001         -16.815314170669765     
                   48    0.23749999999999999         -16.811746689927343     
                   49    0.24249999999999999         -16.808216060977891     
                   50    0.24750000000000000         -16.804688966104703     
                   51    0.25250000000000000         -16.801139030435660     
                   52    0.25750000000000001         -16.797546537846330     
                   53    0.26250000000000001         -16.793898151221192     
                   54    0.26750000000000002         -16.790186634491516     
                   55    0.27250000000000002         -16.786410576098710     
                   56    0.27750000000000002         -16.782574115709043     
                   57    0.28250000000000003         -16.778686678207855     
                   58    0.28749999999999998         -16.774762721360091     
                   59    0.29249999999999998         -16.770821506024873     
                   60    0.29749999999999999         -16.766886900234308     
