                    1     2.5000000000000001E-003     2.2388485172809620E-002
                    2     7.4999999999999997E-003     2.2507993713208180E-002
                    3     1.2500000000000001E-002     2.2725362387071974E-002
                    4     1.7500000000000002E-002     2.3005470813352018E-002
                    5     2.2499999999999999E-002     2.3353863302245075E-002
                    6     2.7500000000000000E-002     2.3788441837404022E-002
                    7     3.2500000000000001E-002     2.4338783372189594E-002
                    8     3.7500000000000006E-002     2.5051880937601006E-002
                    9     4.2499999999999996E-002     2.6004580563289966E-002
                   10     4.7500000000000001E-002     2.7331265450838131E-002
                   11     5.2500000000000005E-002     2.9284976193441475E-002
                   12     5.7499999999999996E-002     3.2393000486387998E-002
                   13     6.2500000000000000E-002     3.7949666182777696E-002
                   14     6.7500000000000004E-002     4.9954681953944369E-002
                   15     7.2500000000000009E-002     7.9211954857306671E-002
                   16     7.7499999999999999E-002    0.12005617105624003     
                   17     8.2500000000000004E-002    0.13671082130376822     
                   18     8.7499999999999994E-002    0.14414537993338244     
                   19     9.2499999999999999E-002    0.14727088953204426     
                   20     9.7500000000000003E-002    0.15136593073728838     
                   21    0.10250000000000001         0.15494821936813913     
                   22    0.10750000000000000         0.15811873838904933     
                   23    0.11250000000000000         0.16095195387724001     
                   24    0.11749999999999999         0.16350364879149076     
                   25    0.12250000000000000         0.16581642858665918     
                   26    0.12750000000000000         0.16792350700727668     
                   27    0.13250000000000001         0.16985129255652967     
                   28    0.13750000000000001         0.17162116345543166     
                   29    0.14250000000000002         0.17325070042231475     
                   30    0.14749999999999999         0.17475455748589802     
                   31    0.15250000000000000         0.17614508927968164     
                   32    0.15750000000000000         0.17743281226318064     
                   33    0.16250000000000001         0.17862675069251854     
                   34    0.16750000000000001         0.17973470103110328     
                   35    0.17250000000000001         0.18076343746570453     
                   36    0.17749999999999999         0.18171887404927636     
                   37    0.18250000000000000         0.18260619430774253     
                   38    0.18750000000000000         0.18342995602863896     
                   39    0.19250000000000000         0.18419417683457770     
                   40    0.19750000000000001         0.18490240468269087     
                   41    0.20250000000000001         0.18555777640097215     
                   42    0.20750000000000002         0.18616306663253501     
                   43    0.21249999999999999         0.18672072901797659     
                   44    0.21750000000000000         0.18723293104431638     
                   45    0.22250000000000000         0.18770158368625500     
                   46    0.22750000000000001         0.18812836673443586     
                   47    0.23250000000000001         0.18851475052700142     
                   48    0.23749999999999999         0.18886201466159985     
                   49    0.24249999999999999         0.18917126415545951     
                   50    0.24750000000000000         0.18944344343417496     
                   51    0.25250000000000000         0.18967934846021928     
                   52    0.25750000000000001         0.18987963725601606     
                   53    0.26250000000000001         0.19004483903070921     
                   54    0.26750000000000002         0.19017536208229865     
                   55    0.27250000000000002         0.19027150061581175     
                   56    0.27750000000000002         0.19033344059228760     
                   57    0.28250000000000003         0.19036126470148573     
                   58    0.28749999999999998         0.19035495653252107     
                   59    0.29249999999999998         0.19031440400038302     
                   60    0.29749999999999999         0.19023940207192885     
