                    1     2.5000000000000001E-003    -607.22903670734649     
                    2     7.4999999999999997E-003    -599.17084420198444     
                    3     1.2500000000000001E-002    -583.05512271294572     
                    4     1.7500000000000002E-002    -564.98834723488824     
                    5     2.2499999999999999E-002    -546.15217084189180     
                    6     2.7500000000000000E-002    -526.93105967956149     
                    7     3.2500000000000001E-002    -507.49241061336755     
                    8     3.7500000000000006E-002    -487.91616361993908     
                    9     4.2499999999999996E-002    -468.25414990667713     
                   10     4.7500000000000001E-002    -448.52139764571820     
                   11     5.2500000000000005E-002    -428.71560212265314     
                   12     5.7499999999999996E-002    -408.87044239454394     
                   13     6.2500000000000000E-002    -389.01738732051660     
                   14     6.7500000000000004E-002    -369.17088858630444     
                   15     7.2500000000000009E-002    -349.34541732882417     
                   16     7.7499999999999999E-002    -329.56159081615306     
                   17     8.2500000000000004E-002    -309.86168722761107     
                   18     8.7499999999999994E-002    -290.26219821554889     
                   19     9.2499999999999999E-002    -270.76144644351791     
                   20     9.7500000000000003E-002    -251.36951481143555     
                   21    0.10250000000000001         -232.07273858442332     
                   22    0.10750000000000000         -212.86058551949816     
                   23    0.11250000000000000         -193.71658176194077     
                   24    0.11749999999999999         -174.60422620153739     
                   25    0.12250000000000000         -155.48420784757340     
                   26    0.12750000000000000         -136.31888630547132     
                   27    0.13250000000000001         -117.06933368840626     
                   28    0.13750000000000001         -97.716828737787068     
                   29    0.14250000000000002         -78.309402933468178     
                   30    0.14749999999999999         -59.223379274498271     
                   31    0.15250000000000000         -42.706264805948202     
                   32    0.15750000000000000         -32.787579553479631     
                   33    0.16250000000000001         -29.550093263815398     
                   34    0.16750000000000001         -28.410254642744768     
                   35    0.17250000000000001         -28.017353768159367     
                   36    0.17749999999999999         -27.461250238397696     
                   37    0.18250000000000000         -26.983795232473568     
                   38    0.18750000000000000         -26.570167761733440     
                   39    0.19250000000000000         -26.209239790049310     
                   40    0.19750000000000001         -25.892497906158134     
                   41    0.20250000000000001         -25.613329886369964     
                   42    0.20750000000000002         -25.366531731857144     
                   43    0.21249999999999999         -25.147957749345579     
                   44    0.21750000000000000         -24.954268002434546     
                   45    0.22250000000000000         -24.782743954972872     
                   46    0.22750000000000001         -24.631152632313032     
                   47    0.23250000000000001         -24.497645624389378     
                   48    0.23749999999999999         -24.380683282329070     
                   49    0.24249999999999999         -24.278977258154825     
                   50    0.24750000000000000         -24.191446509397263     
                   51    0.25250000000000000         -24.117183286902446     
                   52    0.25750000000000001         -24.055426613192743     
                   53    0.26250000000000001         -24.005541459089407     
                   54    0.26750000000000002         -23.967002322810423     
                   55    0.27250000000000002         -23.939380269096439     
                   56    0.27750000000000002         -23.922332739200439     
                   57    0.28250000000000003         -23.915595626217879     
                   58    0.28749999999999998         -23.918977245587545     
                   59    0.29249999999999998         -23.932353932641949     
                   60    0.29749999999999999         -23.955667078400541     
