                    1     2.5000000000000001E-003    -50.114101833677303     
                    2     7.4999999999999997E-003    -50.113363458796236     
                    3     1.2500000000000001E-002    -50.112405200899005     
                    4     1.7500000000000002E-002    -50.111219530686071     
                    5     2.2499999999999999E-002    -50.109801991185215     
                    6     2.7500000000000000E-002    -50.108147361574929     
                    7     3.2500000000000001E-002    -50.106249625446296     
                    8     3.7500000000000006E-002    -50.104101612291494     
                    9     4.2499999999999996E-002    -50.101694750635289     
                   10     4.7500000000000001E-002    -50.099018819581531     
                   11     5.2500000000000005E-002    -50.096061534926825     
                   12     5.7499999999999996E-002    -50.092807898588575     
                   13     6.2500000000000000E-002    -50.089239472656395     
                   14     6.7500000000000004E-002    -50.085333489135010     
                   15     7.2500000000000009E-002    -50.081061623461295     
                   16     7.7499999999999999E-002    -50.076388185732078     
                   17     8.2500000000000004E-002    -50.071267700840288     
                   18     8.7499999999999994E-002    -50.065641326763341     
                   19     9.2499999999999999E-002    -50.059431740042562     
                   20     9.7500000000000003E-002    -50.052535462916069     
                   21    0.10250000000000001         -50.044811163334352     
                   22    0.10750000000000000         -50.036061319196520     
                   23    0.11250000000000000         -50.026002275813987     
                   24    0.11749999999999999         -50.014212959461894     
                   25    0.12250000000000000         -50.000042792394126     
                   26    0.12750000000000000         -49.982436753519856     
                   27    0.13250000000000001         -49.959574771079964     
                   28    0.13750000000000001         -49.928067950162870     
                   29    0.14250000000000002         -49.881021873583769     
                   30    0.14749999999999999         -49.803357907658082     
                   31    0.15250000000000000         -49.657501824681560     
                   32    0.15750000000000000         -49.328134063241436     
                   33    0.16250000000000001         -48.986796539620713     
                   34    0.16750000000000001         -48.790797457400252     
                   35    0.17250000000000001         -48.743366434664502     
                   36    0.17749999999999999         -48.726228663619459     
                   37    0.18250000000000000         -48.709520764286026     
                   38    0.18750000000000000         -48.693287083762861     
                   39    0.19250000000000000         -48.677566633360293     
                   40    0.19750000000000001         -48.662393819072932     
                   41    0.20250000000000001         -48.647799039715920     
                   42    0.20750000000000002         -48.633809182275272     
                   43    0.21249999999999999         -48.620448039452214     
                   44    0.21750000000000000         -48.607736668583705     
                   45    0.22250000000000000         -48.595693705576544     
                   46    0.22750000000000001         -48.584335642959807     
                   47    0.23250000000000001         -48.573677077847030     
                   48    0.23749999999999999         -48.563730933403434     
                   49    0.24249999999999999         -48.554508656106286     
                   50    0.24750000000000000         -48.546020390408117     
                   51    0.25250000000000000         -48.538275132138914     
                   52    0.25750000000000001         -48.531280861932643     
                   53    0.26250000000000001         -48.525044660016505     
                   54    0.26750000000000002         -48.519572803775930     
                   55    0.27250000000000002         -48.514870849556431     
                   56    0.27750000000000002         -48.510943700166031     
                   57    0.28250000000000003         -48.507795659483932     
                   58    0.28749999999999998         -48.505430475468579     
                   59    0.29249999999999998         -48.503851372702243     
                   60    0.29749999999999999         -48.503061075411232     
