                    1     2.5000000000000001E-003    -5.2291216511682812     
                    2     7.4999999999999997E-003    -4.9743702336942368     
                    3     1.2500000000000001E-002    -4.7115888166746842     
                    4     1.7500000000000002E-002    -4.4492694174291287     
                    5     2.2499999999999999E-002    -4.1873720052786076     
                    6     2.7500000000000000E-002    -3.9259835586223408     
                    7     3.2500000000000001E-002    -3.6651437932814286     
                    8     3.7500000000000006E-002    -3.4049129876906190     
                    9     4.2499999999999996E-002    -3.1454010062761215     
                   10     4.7500000000000001E-002    -2.8867262214025100     
                   11     5.2500000000000005E-002    -2.6290109206056833     
                   12     5.7499999999999996E-002    -2.3724261335751087     
                   13     6.2500000000000000E-002    -2.1172265007285080     
                   14     6.7500000000000004E-002    -1.8637486832282262     
                   15     7.2500000000000009E-002    -1.6124307642750391     
                   16     7.7499999999999999E-002    -1.3638949456146636     
                   17     8.2500000000000004E-002    -1.1191077096759159     
                   18     8.7499999999999994E-002   -0.87981933061262851     
                   19     9.2499999999999999E-002   -0.64953351088170508     
                   20     9.7500000000000003E-002   -0.43611494407285933     
                   21    0.10250000000000001        -0.24728990812129542     
                   22    0.10750000000000000         -7.9614138420959921E-002
                   23    0.11250000000000000          7.6137695067871269E-002
                   24    0.11749999999999999         0.22637324795389072     
                   25    0.12250000000000000         0.37416054412201027     
                   26    0.12750000000000000         0.51988828038209467     
                   27    0.13250000000000001         0.66382925113304325     
                   28    0.13750000000000001         0.80618527182465272     
                   29    0.14250000000000002         0.94711183430817458     
                   30    0.14749999999999999          1.0867328309775510     
                   31    0.15250000000000000          1.2251497631232602     
                   32    0.15750000000000000          1.3624477361415761     
                   33    0.16250000000000001          1.4986995244991514     
                   34    0.16750000000000001          1.6339684408976431     
                   35    0.17250000000000001          1.7683104387728084     
                   36    0.17749999999999999          1.9017757044176093     
                   37    0.18250000000000000          2.0344098956545862     
                   38    0.18750000000000000          2.1662551258897498     
                   39    0.19250000000000000          2.2973507577962811     
                   40    0.19750000000000001          2.4277340498947977     
                   41    0.20250000000000001          2.5574406863086416     
                   42    0.20750000000000002          2.6865052117465611     
                   43    0.21249999999999999          2.8149613884090297     
                   44    0.21750000000000000          2.9428424879049326     
                   45    0.22250000000000000          3.0701815287290475     
                   46    0.22750000000000001          3.1970114679826587     
                   47    0.23250000000000001          3.3233653545764548     
                   48    0.23749999999999999          3.4492764499915110     
                   49    0.24249999999999999          3.5747783217052014     
                   50    0.24750000000000000          3.6999049135645818     
                   51    0.25250000000000000          3.8246905966815348     
                   52    0.25750000000000001          3.9491702038149521     
                   53    0.26250000000000001          4.0733790496851991     
                   54    0.26750000000000002          4.1973529392278577     
                   55    0.27250000000000002          4.3211281654315181     
                   56    0.27750000000000002          4.4447414981127702     
                   57    0.28250000000000003          4.5682301647552279     
                   58    0.28749999999999998          4.6916318243730171     
                   59    0.29249999999999998          4.8149845352471567     
                   60    0.29749999999999999          4.9383267173199705     
