                    1     0.0000000000000000         -3.8092354305321559     
                    2     5.0000000000000001E-003    -2.9769324267291304     
                    3     1.0000000000000000E-002    -2.1019187539674800     
                    4     1.4999999999999999E-002    -1.2505157856233600     
                    5     2.0000000000000000E-002   -0.44692633195268616     
                    6     2.5000000000000001E-002     4.8363638689622894E-002
                    7     2.9999999999999999E-002    0.44503625017675125     
                    8     3.5000000000000003E-002    0.82333952511328790     
                    9     4.0000000000000001E-002     1.1850175477053320     
                   10     4.4999999999999998E-002     1.5304027073941056     
                   11     5.0000000000000003E-002     1.8593304134283781     
                   12     5.5000000000000000E-002     2.1714926167005624     
                   13     5.9999999999999998E-002     2.4665938908092695     
                   14     6.5000000000000002E-002     2.7444243502604007     
                   15     7.0000000000000007E-002     3.0048921222605025     
                   16     7.4999999999999997E-002     3.2480341405680742     
                   17     8.0000000000000002E-002     3.4740149310911947     
                   18     8.5000000000000006E-002     3.6831188036786449     
                   19     8.9999999999999997E-002     3.8757385489963561     
                   20     9.5000000000000001E-002     4.0523624146892825     
                   21    0.10000000000000001          4.2135603774577417     
                   22    0.10500000000000000          4.3599703021509253     
                   23    0.11000000000000000          4.4922843470249836     
                   24    0.11500000000000000          4.6112358529026078     
                   25    0.12000000000000000          4.7175868923943325     
                   26    0.12500000000000000          4.8121166225502581     
                   27    0.13000000000000000          4.8956105620753112     
                   28    0.13500000000000001          4.9688508930229327     
                   29    0.14000000000000001          5.0326078628835713     
                   30    0.14499999999999999          5.0876323358599365     
                   31    0.14999999999999999          5.1346495132585970     
                   32    0.15500000000000000          5.1743538142791401     
                   33    0.16000000000000000          5.2074048818769949     
                   34    0.16500000000000001          5.2344246551919449     
                   35    0.17000000000000001          5.2559954311094224     
                   36    0.17500000000000002          5.2726588232042726     
                   37    0.17999999999999999          5.2849155165796562     
                   38    0.18500000000000000          5.2932257116825232     
                   39    0.19000000000000000          5.2980101486320912     
                   40    0.19500000000000001          5.2996516054398404     
                   41    0.20000000000000001          5.2984967684090432     
                   42    0.20500000000000002          5.2948583832947529     
                   43    0.20999999999999999          5.2890175879267360     
                   44    0.21500000000000000          5.2812263626098126     
                   45    0.22000000000000000          5.2717100296645825     
                   46    0.22500000000000001          5.2606697439275871     
                   47    0.23000000000000001          5.2482849281045629     
                   48    0.23500000000000001          5.2347156164447339     
                   49    0.23999999999999999          5.2201046791301726     
                   50    0.24500000000000000          5.2045799079486059     
                   51    0.25000000000000000          5.1882559511657833     
                   52    0.25500000000000000          5.1712360919716316     
                   53    0.26000000000000001          5.1536138703822960     
                   54    0.26500000000000001          5.1354745529777484     
                   55    0.27000000000000002          5.1168964582972141     
                   56    0.27500000000000002          5.0979521481141870     
                   57    0.28000000000000003          5.0787094963034400     
                   58    0.28500000000000003          5.0592326479084440     
                   59    0.28999999999999998          5.0395828817949146     
                   60    0.29499999999999998          5.0198193914221214     
                   61    0.29999999999999999          5.0000000000000000     
