                    1     2.5000000000000001E-003    -3.3930839286306433     
                    2     7.4999999999999997E-003    -2.5394255903483050     
                    3     1.2500000000000001E-002    -1.6762172697954201     
                    4     1.7500000000000002E-002   -0.84872105878802306     
                    5     2.2499999999999999E-002   -0.19928134663153163     
                    6     2.7500000000000000E-002    0.24669994443318707     
                    7     3.2500000000000001E-002    0.63418788764501954     
                    8     3.7500000000000006E-002     1.0041785364093099     
                    9     4.2499999999999996E-002     1.3577101275497188     
                   10     4.7500000000000001E-002     1.6948665604112418     
                   11     5.2500000000000005E-002     2.0154115150644705     
                   12     5.7499999999999996E-002     2.3190432537549159     
                   13     6.2500000000000000E-002     2.6055091205348351     
                   14     6.7500000000000004E-002     2.8746582362604514     
                   15     7.2500000000000009E-002     3.1264631314142886     
                   16     7.7499999999999999E-002     3.3610245358296345     
                   17     8.2500000000000004E-002     3.5785668673849198     
                   18     8.7499999999999994E-002     3.7794286763375005     
                   19     9.2499999999999999E-002     3.9640504818428193     
                   20     9.7500000000000003E-002     4.1329613960735117     
                   21    0.10250000000000001          4.2867653398043331     
                   22    0.10750000000000000          4.4261273245879540     
                   23    0.11250000000000000          4.5517600999637953     
                   24    0.11749999999999999          4.6644113726484697     
                   25    0.12250000000000000          4.7648517574722948     
                   26    0.12750000000000000          4.8538635923127842     
                   27    0.13250000000000001          4.9322307275491220     
                   28    0.13750000000000001          5.0007293779532525     
                   29    0.14250000000000002          5.0601200993717539     
                   30    0.14749999999999999          5.1111409245592672     
                   31    0.15250000000000000          5.1545016637688690     
                   32    0.15750000000000000          5.1908793480780675     
                   33    0.16250000000000001          5.2209147685344703     
                   34    0.16750000000000001          5.2452100431506832     
                   35    0.17250000000000001          5.2643271271568475     
                   36    0.17749999999999999          5.2787871698919648     
                   37    0.18250000000000000          5.2890706141310897     
                   38    0.18750000000000000          5.2956179301573076     
                   39    0.19250000000000000          5.2988308770359662     
                   40    0.19750000000000001          5.2990741869244413     
                   41    0.20250000000000001          5.2966775758518985     
                   42    0.20750000000000002          5.2919379856107440     
                   43    0.21249999999999999          5.2851219752682743     
                   44    0.21750000000000000          5.2764681961371975     
                   45    0.22250000000000000          5.2661898867960844     
                   46    0.22750000000000001          5.2544773360160750     
                   47    0.23250000000000001          5.2415002722746484     
                   48    0.23749999999999999          5.2274101477874533     
                   49    0.24249999999999999          5.2123422935393897     
                   50    0.24750000000000000          5.1964179295571942     
                   51    0.25250000000000000          5.1797460215687074     
                   52    0.25750000000000001          5.1624249811769634     
                   53    0.26250000000000001          5.1445442116800226     
                   54    0.26750000000000002          5.1261855056374817     
                   55    0.27250000000000002          5.1074243032057005     
                   56    0.27750000000000002          5.0883308222088139     
                   57    0.28250000000000003          5.0689710721059420     
                   58    0.28749999999999998          5.0494077648516793     
                   59    0.29249999999999998          5.0297011366085176     
                   60    0.29749999999999999          5.0099096957110607     
