                    1     0.0000000000000000         -5.0928981169938909     
                    2     5.0000000000000001E-003    -4.7474622944409672     
                    3     1.0000000000000000E-002    -4.3791821327148019     
                    4     1.4999999999999999E-002    -4.0122660276460049     
                    5     2.0000000000000000E-002    -3.6465931680102850     
                    6     2.5000000000000001E-002    -3.2825078896892590     
                    7     2.9999999999999999E-002    -2.9202907802468894     
                    8     3.5000000000000003E-002    -2.5602344925036680     
                    9     4.0000000000000001E-002    -2.2028159483409877     
                   10     4.4999999999999998E-002    -1.8487233456535725     
                   11     5.0000000000000003E-002    -1.4989817821479703     
                   12     5.5000000000000000E-002    -1.1554822118439250     
                   13     5.9999999999999998E-002   -0.82252478831887499     
                   14     6.5000000000000002E-002   -0.51128289411228134     
                   15     7.0000000000000007E-002   -0.26399765279443033     
                   16     7.4999999999999997E-002    -6.9734849821334877E-002
                   17     8.0000000000000002E-002     9.9279734193338132E-002
                   18     8.5000000000000006E-002    0.26327959893553554     
                   19     8.9999999999999997E-002    0.42345262199948464     
                   20     9.5000000000000001E-002    0.58026247393537012     
                   21    0.10000000000000001         0.73399121914560206     
                   22    0.10500000000000000         0.88481727110492792     
                   23    0.11000000000000000          1.0328555535778512     
                   24    0.11500000000000000          1.1781804969983798     
                   25    0.12000000000000000          1.3208403173190841     
                   26    0.12500000000000000          1.4608664094005581     
                   27    0.13000000000000000          1.5982797859972366     
                   28    0.13500000000000001          1.7330956225823850     
                   29    0.14000000000000001          1.8653265293352381     
                   30    0.14499999999999999          1.9949849341138224     
                   31    0.14999999999999999          2.1220848250048312     
                   32    0.15500000000000000          2.2466430207191950     
                   33    0.16000000000000000          2.3686800873206630     
                   34    0.16500000000000001          2.4882209874526682     
                   35    0.17000000000000001          2.6052955261963615     
                   36    0.17500000000000002          2.7199386419778908     
                   37    0.17999999999999999          2.8321905793196760     
                   38    0.18500000000000000          2.9420969714221066     
                   39    0.19000000000000000          3.0497088538042405     
                   40    0.19500000000000001          3.1550826250346571     
                   41    0.20000000000000001          3.2582799666052038     
                   42    0.20500000000000002          3.3593677309841135     
                   43    0.20999999999999999          3.4584178046266940     
                   44    0.21500000000000000          3.5555069510545225     
                   45    0.22000000000000000          3.6507166379004046     
                   46    0.22500000000000001          3.7441328509437053     
                   47    0.23000000000000001          3.8358458975378187     
                   48    0.23500000000000001          3.9259502013859264     
                   49    0.23999999999999999          4.0145440902955531     
                   50    0.24500000000000000          4.1017295782928000     
                   51    0.25000000000000000          4.1876121432700657     
                   52    0.25500000000000000          4.2723005011519390     
                   53    0.26000000000000001          4.3559063773754048     
                   54    0.26500000000000001          4.4385442762810081     
                   55    0.27000000000000002          4.5203312487946326     
                   56    0.27500000000000002          4.6013866585423768     
                   57    0.28000000000000003          4.6818319462845173     
                   58    0.28500000000000003          4.7617903922818261     
                   59    0.28999999999999998          4.8413868759239103     
                   60    0.29499999999999998          4.9207476316614107     
                   61    0.29999999999999999          5.0000000000000000     
