                    1     2.5000000000000001E-003    0.14700579380155049     
                    2     7.4999999999999997E-003    0.12984392874952411     
                    3     1.2500000000000001E-002    0.13002165180414826     
                    4     1.7500000000000002E-002    0.12990334714376914     
                    5     2.2499999999999999E-002    0.12981504894260193     
                    6     2.7500000000000000E-002    0.12968280239631735     
                    7     3.2500000000000001E-002    0.12947104275695898     
                    8     3.7500000000000006E-002    0.12924220249223178     
                    9     4.2499999999999996E-002    0.12901628278604091     
                   10     4.7500000000000001E-002    0.12876308602481562     
                   11     5.2500000000000005E-002    0.12848156248928122     
                   12     5.7499999999999996E-002    0.12821864289461724     
                   13     6.2500000000000000E-002    0.12802049971261689     
                   14     6.7500000000000004E-002    0.12788411355366336     
                   15     7.2500000000000009E-002    0.12780955111069736     
                   16     7.7499999999999999E-002    0.12779546410128245     
                   17     8.2500000000000004E-002    0.12779566187084185     
                   18     8.7499999999999994E-002    0.12780877418352635     
                   19     9.2499999999999999E-002    0.12777883507003779     
                   20     9.7500000000000003E-002    0.12763277389130240     
                   21    0.10250000000000001         0.12730026581359102     
                   22    0.10750000000000000         0.12657828652220079     
                   23    0.11250000000000000         0.12505288881304485     
                   24    0.11749999999999999         0.12182139888003654     
                   25    0.12250000000000000         0.11400011603336764     
                   26    0.12750000000000000          8.8515178606485168E-002
                   27    0.13250000000000001          3.8534074098417880E-002
                   28    0.13750000000000001          5.0375360903509242E-003
                   29    0.14250000000000002          0.0000000000000000     
                   30    0.14749999999999999          0.0000000000000000     
                   31    0.15250000000000000          0.0000000000000000     
                   32    0.15750000000000000          0.0000000000000000     
                   33    0.16250000000000001          0.0000000000000000     
                   34    0.16750000000000001          0.0000000000000000     
                   35    0.17250000000000001          0.0000000000000000     
                   36    0.17749999999999999          0.0000000000000000     
                   37    0.18250000000000000          0.0000000000000000     
                   38    0.18750000000000000          0.0000000000000000     
                   39    0.19250000000000000          0.0000000000000000     
                   40    0.19750000000000001          0.0000000000000000     
                   41    0.20250000000000001          0.0000000000000000     
                   42    0.20750000000000002          0.0000000000000000     
                   43    0.21249999999999999          0.0000000000000000     
                   44    0.21750000000000000          0.0000000000000000     
                   45    0.22250000000000000          0.0000000000000000     
                   46    0.22750000000000001          0.0000000000000000     
                   47    0.23250000000000001          0.0000000000000000     
                   48    0.23749999999999999          0.0000000000000000     
                   49    0.24249999999999999          0.0000000000000000     
                   50    0.24750000000000000          0.0000000000000000     
                   51    0.25250000000000000          0.0000000000000000     
                   52    0.25750000000000001          0.0000000000000000     
                   53    0.26250000000000001          0.0000000000000000     
                   54    0.26750000000000002          0.0000000000000000     
                   55    0.27250000000000002          0.0000000000000000     
                   56    0.27750000000000002          0.0000000000000000     
                   57    0.28250000000000003          0.0000000000000000     
                   58    0.28749999999999998          0.0000000000000000     
                   59    0.29249999999999998          0.0000000000000000     
                   60    0.29749999999999999          0.0000000000000000     
