                    1     0.0000000000000000          268.35375873244834     
                    2     5.0000000000000001E-003     268.61398268767823     
                    3     1.0000000000000000E-002     268.93242533794898     
                    4     1.4999999999999999E-002     269.25904930480260     
                    5     2.0000000000000000E-002     269.58962416498781     
                    6     2.5000000000000001E-002     269.92215902318554     
                    7     2.9999999999999999E-002     270.25573525782568     
                    8     3.5000000000000003E-002     270.58987626051680     
                    9     4.0000000000000001E-002     270.92442755889334     
                   10     4.4999999999999998E-002     271.25913369374524     
                   11     5.0000000000000003E-002     271.59389828842814     
                   12     5.5000000000000000E-002     271.92871082089329     
                   13     5.9999999999999998E-002     272.26327695963801     
                   14     6.5000000000000002E-002     272.59327955646859     
                   15     7.0000000000000007E-002     272.82485696883521     
                   16     7.4999999999999997E-002     273.00628066082464     
                   17     8.0000000000000002E-002     273.17098871466550     
                   18     8.5000000000000006E-002     273.33021728879510     
                   19     8.9999999999999997E-002     273.48553664260140     
                   20     9.5000000000000001E-002     273.63712082415844     
                   21    0.10000000000000001          273.78511720648163     
                   22    0.10500000000000000          273.92965011679280     
                   23    0.11000000000000000          274.07082509946622     
                   24    0.11500000000000000          274.20873300190408     
                   25    0.12000000000000000          274.34345351829802     
                   26    0.12500000000000000          274.47505810678649     
                   27    0.13000000000000000          274.60361232830280     
                   28    0.13500000000000001          274.72917770067636     
                   29    0.14000000000000001          274.85181316499501     
                   30    0.14499999999999999          274.97157624861137     
                   31    0.14999999999999999          275.08852399269898     
                   32    0.15500000000000000          275.20271369689561     
                   33    0.16000000000000000          275.31420352082313     
                   34    0.16500000000000001          275.42305297229103     
                   35    0.17000000000000001          275.52932330440046     
                   36    0.17500000000000002          275.63307783810916     
                   37    0.17999999999999999          275.73438222265810     
                   38    0.18500000000000000          275.83330464323569     
                   39    0.19000000000000000          275.92991598307287     
                   40    0.19500000000000001          276.02428994559983     
                   41    0.20000000000000001          276.11650314117509     
                   42    0.20500000000000002          276.20663514210099     
                   43    0.20999999999999999          276.29476850906389     
                   44    0.21500000000000000          276.38098879171872     
                   45    0.22000000000000000          276.46538450583012     
                   46    0.22500000000000001          276.54804708914656     
                   47    0.23000000000000001          276.62907083800405     
                   48    0.23500000000000001          276.70855282651218     
                   49    0.23999999999999999          276.78659281005332     
                   50    0.24500000000000000          276.86329311472980     
                   51    0.25000000000000000          276.93875851430141     
                   52    0.25500000000000000          277.01309609608347     
                   53    0.26000000000000001          277.08641511720214     
                   54    0.26500000000000001          277.15882685254047     
                   55    0.27000000000000002          277.23044443564561     
                   56    0.27500000000000002          277.30138269381428     
                   57    0.28000000000000003          277.37175797851268     
                   58    0.28500000000000003          277.44168799223922     
                   59    0.28999999999999998          277.51129161288139     
                   60    0.29499999999999998          277.58068871657179     
                   61    0.29999999999999999          277.64999999999998     
