                    1     2.5000000000000001E-003    0.28583324118441539     
                    2     7.4999999999999997E-003    0.24756960082403617     
                    3     1.2500000000000001E-002    0.24206957521458566     
                    4     1.7500000000000002E-002    0.23917642402952954     
                    5     2.2499999999999999E-002    0.23745996921709406     
                    6     2.7500000000000000E-002    0.23625569957384568     
                    7     3.2500000000000001E-002    0.23529805445260965     
                    8     3.7500000000000006E-002    0.23440282923259304     
                    9     4.2499999999999996E-002    0.23365837799883271     
                   10     4.7500000000000001E-002    0.23300186106611259     
                   11     5.2500000000000005E-002    0.23241143411120632     
                   12     5.7499999999999996E-002    0.23204428988325815     
                   13     6.2500000000000000E-002    0.23206065986915136     
                   14     6.7500000000000004E-002    0.23239533122275338     
                   15     7.2500000000000009E-002    0.23305940699905661     
                   16     7.7499999999999999E-002    0.23413316219783498     
                   17     8.2500000000000004E-002    0.23551061961284117     
                   18     8.7499999999999994E-002    0.23719105460732304     
                   19     9.2499999999999999E-002    0.23910345188361642     
                   20     9.7500000000000003E-002    0.24106492417877801     
                   21    0.10250000000000001         0.24301149145912371     
                   22    0.10750000000000000         0.24484985967150980     
                   23    0.11250000000000000         0.24641067282542625     
                   24    0.11749999999999999         0.24762478843844554     
                   25    0.12250000000000000         0.24846718850985069     
                   26    0.12750000000000000         0.24887404597610088     
                   27    0.13250000000000001         0.24881925009553241     
                   28    0.13750000000000001         0.24827317348970673     
                   29    0.14250000000000002         0.24720760455864543     
                   30    0.14749999999999999         0.24559514041479791     
                   31    0.15250000000000000         0.24337268869331985     
                   32    0.15750000000000000         0.24041785044633657     
                   33    0.16250000000000001         0.23648282567929996     
                   34    0.16750000000000001         0.23091970021672020     
                   35    0.17250000000000001         0.22128610973946949     
                   36    0.17749999999999999         0.18972092721410808     
                   37    0.18250000000000000         0.10290960229734705     
                   38    0.18750000000000000          2.7976852037595885E-002
                   39    0.19250000000000000          4.2362457029441521E-003
                   40    0.19750000000000001          0.0000000000000000     
                   41    0.20250000000000001          0.0000000000000000     
                   42    0.20750000000000002          0.0000000000000000     
                   43    0.21249999999999999          0.0000000000000000     
                   44    0.21750000000000000          0.0000000000000000     
                   45    0.22250000000000000          0.0000000000000000     
                   46    0.22750000000000001          0.0000000000000000     
                   47    0.23250000000000001          0.0000000000000000     
                   48    0.23749999999999999          0.0000000000000000     
                   49    0.24249999999999999          0.0000000000000000     
                   50    0.24750000000000000          0.0000000000000000     
                   51    0.25250000000000000          0.0000000000000000     
                   52    0.25750000000000001          0.0000000000000000     
                   53    0.26250000000000001          0.0000000000000000     
                   54    0.26750000000000002          0.0000000000000000     
                   55    0.27250000000000002          0.0000000000000000     
                   56    0.27750000000000002          0.0000000000000000     
                   57    0.28250000000000003          0.0000000000000000     
                   58    0.28749999999999998          0.0000000000000000     
                   59    0.29249999999999998          0.0000000000000000     
                   60    0.29749999999999999          0.0000000000000000     
