                    1     2.5000000000000001E-003    0.29154956705930246     
                    2     7.4999999999999997E-003    0.24556782832574242     
                    3     1.2500000000000001E-002    0.23744026196498086     
                    4     1.7500000000000002E-002    0.23353284695604920     
                    5     2.2499999999999999E-002    0.23141775740736781     
                    6     2.7500000000000000E-002    0.23019979429165888     
                    7     3.2500000000000001E-002    0.22949134034709234     
                    8     3.7500000000000006E-002    0.22874443069438299     
                    9     4.2499999999999996E-002    0.22799949500163574     
                   10     4.7500000000000001E-002    0.22734231862626236     
                   11     5.2500000000000005E-002    0.22666790420210703     
                   12     5.7499999999999996E-002    0.22612483529455485     
                   13     6.2500000000000000E-002    0.22580162622362376     
                   14     6.7500000000000004E-002    0.22570570702947626     
                   15     7.2500000000000009E-002    0.22581993710433843     
                   16     7.7499999999999999E-002    0.22609074437945828     
                   17     8.2500000000000004E-002    0.22651212042026753     
                   18     8.7499999999999994E-002    0.22707732437789374     
                   19     9.2499999999999999E-002    0.22782006753437650     
                   20     9.7500000000000003E-002    0.22866721991683342     
                   21    0.10250000000000001         0.22924124636054441     
                   22    0.10750000000000000         0.22940509801421283     
                   23    0.11250000000000000         0.22895706981490410     
                   24    0.11749999999999999         0.22738415758921740     
                   25    0.12250000000000000         0.22385470716809736     
                   26    0.12750000000000000         0.21658680327566315     
                   27    0.13250000000000001         0.20079707236337163     
                   28    0.13750000000000001         0.15877943351777929     
                   29    0.14250000000000002          8.2239053059816269E-002
                   30    0.14749999999999999          2.5046464843460091E-002
                   31    0.15250000000000000          2.5239104743506428E-003
                   32    0.15750000000000000          0.0000000000000000     
                   33    0.16250000000000001          0.0000000000000000     
                   34    0.16750000000000001          0.0000000000000000     
                   35    0.17250000000000001          0.0000000000000000     
                   36    0.17749999999999999          0.0000000000000000     
                   37    0.18250000000000000          0.0000000000000000     
                   38    0.18750000000000000          0.0000000000000000     
                   39    0.19250000000000000          0.0000000000000000     
                   40    0.19750000000000001          0.0000000000000000     
                   41    0.20250000000000001          0.0000000000000000     
                   42    0.20750000000000002          0.0000000000000000     
                   43    0.21249999999999999          0.0000000000000000     
                   44    0.21750000000000000          0.0000000000000000     
                   45    0.22250000000000000          0.0000000000000000     
                   46    0.22750000000000001          0.0000000000000000     
                   47    0.23250000000000001          0.0000000000000000     
                   48    0.23749999999999999          0.0000000000000000     
                   49    0.24249999999999999          0.0000000000000000     
                   50    0.24750000000000000          0.0000000000000000     
                   51    0.25250000000000000          0.0000000000000000     
                   52    0.25750000000000001          0.0000000000000000     
                   53    0.26250000000000001          0.0000000000000000     
                   54    0.26750000000000002          0.0000000000000000     
                   55    0.27250000000000002          0.0000000000000000     
                   56    0.27750000000000002          0.0000000000000000     
                   57    0.28250000000000003          0.0000000000000000     
                   58    0.28749999999999998          0.0000000000000000     
                   59    0.29249999999999998          0.0000000000000000     
                   60    0.29749999999999999          0.0000000000000000     
