                    1     2.5000000000000001E-003    0.31316763784641621     
                    2     7.4999999999999997E-003    0.26696280813193524     
                    3     1.2500000000000001E-002    0.25524643613285758     
                    4     1.7500000000000002E-002    0.21363781551429853     
                    5     2.2499999999999999E-002    0.17711150118772512     
                    6     2.7500000000000000E-002    0.17377021308663637     
                    7     3.2500000000000001E-002    0.17883763569343195     
                    8     3.7500000000000006E-002    0.18288105693834361     
                    9     4.2499999999999996E-002    0.18609679579121291     
                   10     4.7500000000000001E-002    0.18865871745647320     
                   11     5.2500000000000005E-002    0.19071082101682485     
                   12     5.7499999999999996E-002    0.19236415639003390     
                   13     6.2500000000000000E-002    0.19370230413628620     
                   14     6.7500000000000004E-002    0.19478867038987735     
                   15     7.2500000000000009E-002    0.19567237277055896     
                   16     7.7499999999999999E-002    0.19639225913139741     
                   17     8.2500000000000004E-002    0.19697951876671493     
                   18     8.7499999999999994E-002    0.19745940637955581     
                   19     9.2499999999999999E-002    0.19785244082805631     
                   20     9.7500000000000003E-002    0.19817529172919982     
                   21    0.10250000000000001         0.19844147094605064     
                   22    0.10750000000000000         0.19866189233992571     
                   23    0.11250000000000000         0.19884533509313934     
                   24    0.11749999999999999         0.19899883153370324     
                   25    0.12250000000000000         0.19912799297716077     
                   26    0.12750000000000000         0.19923728315866329     
                   27    0.13250000000000001         0.19933024663529325     
                   28    0.13750000000000001         0.19940969824631460     
                   29    0.14250000000000002         0.19947787890069693     
                   30    0.14749999999999999         0.19953658239185848     
                   31    0.15250000000000000         0.19958725749425668     
                   32    0.15750000000000000         0.19963108920447736     
                   33    0.16250000000000001         0.19966906261252418     
                   34    0.16750000000000001         0.19970201250982375     
                   35    0.17250000000000001         0.19973066145557494     
                   36    0.17749999999999999         0.19975564863748449     
                   37    0.18250000000000000         0.19977755148599330     
                   38    0.18750000000000000         0.19979690164341463     
                   39    0.19250000000000000         0.19981419656076385     
                   40    0.19750000000000001         0.19982990770325368     
                   41    0.20250000000000001         0.19984448609593644     
                   42    0.20750000000000002         0.19985836573749888     
                   43    0.21249999999999999         0.19987196519925660     
                   44    0.21750000000000000         0.19988568780259033     
                   45    0.22250000000000000         0.19989992045827981     
                   46    0.22750000000000001         0.19991503117657158     
                   47    0.23250000000000001         0.19993136551057283     
                   48    0.23749999999999999         0.19994924203535308     
                   49    0.24249999999999999         0.19996894701004139     
                   50    0.24750000000000000         0.19999072841695778     
                   51    0.25250000000000000         0.20001478961230232     
                   52    0.25750000000000001         0.20004128285866635     
                   53    0.26250000000000001         0.20007030303333231     
                   54    0.26750000000000002         0.20010188181152461     
                   55    0.27250000000000002         0.20013598260513632     
                   56    0.27750000000000002         0.20017249649124433     
                   57    0.28250000000000003         0.20021123928916434     
                   58    0.28749999999999998         0.20025194984042805     
                   59    0.29249999999999998         0.20029428941583594     
                   60    0.29749999999999999         0.20033784202303445     
