                    1     2.5000000000000001E-003    0.26019066518426681     
                    2     7.4999999999999997E-003    0.22531666597334782     
                    3     1.2500000000000001E-002    0.22026893494619626     
                    4     1.7500000000000002E-002    0.21758936437113499     
                    5     2.2499999999999999E-002    0.21597465937792859     
                    6     2.7500000000000000E-002    0.21481854685287782     
                    7     3.2500000000000001E-002    0.21387769159251627     
                    8     3.7500000000000006E-002    0.21298239128888824     
                    9     4.2499999999999996E-002    0.21221056314752451     
                   10     4.7500000000000001E-002    0.21150174968280838     
                   11     5.2500000000000005E-002    0.21083192366255998     
                   12     5.7499999999999996E-002    0.21033870926682360     
                   13     6.2500000000000000E-002    0.21016079644038954     
                   14     6.7500000000000004E-002    0.21022949777373107     
                   15     7.2500000000000009E-002    0.21054211383108160     
                   16     7.7499999999999999E-002    0.21115419821244960     
                   17     8.2500000000000004E-002    0.21194470370095708     
                   18     8.7499999999999994E-002    0.21287721060260362     
                   19     9.2499999999999999E-002    0.21383412459285073     
                   20     9.7500000000000003E-002    0.21456630842304084     
                   21    0.10250000000000001         0.21488041239425765     
                   22    0.10750000000000000         0.21445697816075582     
                   23    0.11250000000000000         0.21269937022254054     
                   24    0.11749999999999999         0.20861910929410654     
                   25    0.12250000000000000         0.19992261220155608     
                   26    0.12750000000000000         0.17836869088800067     
                   27    0.13250000000000001         0.11871851986540599     
                   28    0.13750000000000001          4.6111144056400329E-002
                   29    0.14250000000000002          1.1664994382677804E-002
                   30    0.14749999999999999          1.7728663948464894E-003
                   31    0.15250000000000000          0.0000000000000000     
                   32    0.15750000000000000          0.0000000000000000     
                   33    0.16250000000000001          0.0000000000000000     
                   34    0.16750000000000001          0.0000000000000000     
                   35    0.17250000000000001          0.0000000000000000     
                   36    0.17749999999999999          0.0000000000000000     
                   37    0.18250000000000000          0.0000000000000000     
                   38    0.18750000000000000          0.0000000000000000     
                   39    0.19250000000000000          0.0000000000000000     
                   40    0.19750000000000001          0.0000000000000000     
                   41    0.20250000000000001          0.0000000000000000     
                   42    0.20750000000000002          0.0000000000000000     
                   43    0.21249999999999999          0.0000000000000000     
                   44    0.21750000000000000          0.0000000000000000     
                   45    0.22250000000000000          0.0000000000000000     
                   46    0.22750000000000001          0.0000000000000000     
                   47    0.23250000000000001          0.0000000000000000     
                   48    0.23749999999999999          0.0000000000000000     
                   49    0.24249999999999999          0.0000000000000000     
                   50    0.24750000000000000          0.0000000000000000     
                   51    0.25250000000000000          0.0000000000000000     
                   52    0.25750000000000001          0.0000000000000000     
                   53    0.26250000000000001          0.0000000000000000     
                   54    0.26750000000000002          0.0000000000000000     
                   55    0.27250000000000002          0.0000000000000000     
                   56    0.27750000000000002          0.0000000000000000     
                   57    0.28250000000000003          0.0000000000000000     
                   58    0.28749999999999998          0.0000000000000000     
                   59    0.29249999999999998          0.0000000000000000     
                   60    0.29749999999999999          0.0000000000000000     
