                    1     2.5000000000000001E-003    -1.6764132566523115E-016
                    2     7.4999999999999997E-003    -2.9826456262537189E-016
                    3     1.2500000000000001E-002    -4.1219981509780347E-016
                    4     1.7500000000000002E-002    -5.7392408637630483E-016
                    5     2.2499999999999999E-002    -8.1104814179264832E-016
                    6     2.7500000000000000E-002    -1.1718399024253333E-015
                    7     3.2500000000000001E-002    -1.7367948069186648E-015
                    8     3.7500000000000006E-002    -2.6572726690514395E-015
                    9     4.2499999999999996E-002    -4.2170590067195725E-015
                   10     4.7500000000000001E-002    -6.9902200041010033E-015
                   11     5.2500000000000005E-002    -1.2224196452092445E-014
                   12     5.7499999999999996E-002    -2.2827613747889924E-014
                   13     6.2500000000000000E-002    -4.6280140229499914E-014
                   14     6.7500000000000004E-002    -1.0445745411490019E-013
                   15     7.2500000000000009E-002    -2.7354576519517139E-013
                   16     7.7499999999999999E-002    -8.8940554835665910E-013
                   17     8.2500000000000004E-002    -4.0936515984824283E-012
                   18     8.7499999999999994E-002    -3.5279036927921317E-011
                   19     9.2499999999999999E-002    -1.0008216299785310E-009
                   20     9.7500000000000003E-002    -2.9183795162292872E-008
                   21    0.10250000000000001         -8.3247133395580331E-008
                   22    0.10750000000000000         -1.0158972882203412E-007
                   23    0.11250000000000000         -9.7916648831771421E-008
                   24    0.11749999999999999         -9.0790059591388038E-008
                   25    0.12250000000000000         -8.7919371084625795E-008
                   26    0.12750000000000000         -8.4797022879276622E-008
                   27    0.13250000000000001         -8.1592943414702513E-008
                   28    0.13750000000000001         -7.8411790568436936E-008
                   29    0.14250000000000002         -7.5304432857987931E-008
                   30    0.14749999999999999         -7.2288186108728529E-008
                   31    0.15250000000000000         -6.9363072214540350E-008
                   32    0.15750000000000000         -6.6521939491339403E-008
                   33    0.16250000000000001         -6.3755772415356011E-008
                   34    0.16750000000000001         -6.1056019951951468E-008
                   35    0.17250000000000001         -5.8415343359458427E-008
                   36    0.17749999999999999         -5.5827647527596433E-008
                   37    0.18250000000000000         -5.3287857307519313E-008
                   38    0.18750000000000000         -5.0791653127408871E-008
                   39    0.19250000000000000         -4.8335247425595845E-008
                   40    0.19750000000000001         -4.5915220602584501E-008
                   41    0.20250000000000001         -4.3528410108991405E-008
                   42    0.20750000000000002         -4.1171839350010079E-008
                   43    0.21249999999999999         -3.8842673669349302E-008
                   44    0.21750000000000000         -3.6538193599500808E-008
                   45    0.22250000000000000         -3.4255778614520300E-008
                   46    0.22750000000000001         -3.1992897051997689E-008
                   47    0.23250000000000001         -2.9747099570746374E-008
                   48    0.23749999999999999         -2.7516014609023989E-008
                   49    0.24249999999999999         -2.5297344972695078E-008
                   50    0.24750000000000000         -2.3088865068033173E-008
                   51    0.25250000000000000         -2.0888418504563388E-008
                   52    0.25750000000000001         -1.8693915905976605E-008
                   53    0.26250000000000001         -1.6503332825317602E-008
                   54    0.26750000000000002         -1.4314707688806265E-008
                   55    0.27250000000000002         -1.2126139708217016E-008
                   56    0.27750000000000002         -9.9357867090042550E-009
                   57    0.28250000000000003         -7.7418628255209472E-009
                   58    0.28749999999999998         -5.5426360172627550E-009
                   59    0.29249999999999998         -3.3364253617666504E-009
                   60    0.29749999999999999         -1.1215980800750518E-009
