                    1     2.5000000000000001E-003     2.2095187582042011E-002
                    2     7.4999999999999997E-003     2.2214490498608786E-002
                    3     1.2500000000000001E-002     2.2372528184585551E-002
                    4     1.7500000000000002E-002     2.2556363194608749E-002
                    5     2.2499999999999999E-002     2.2769746116961545E-002
                    6     2.7500000000000000E-002     2.3018564389983051E-002
                    7     3.2500000000000001E-002     2.3311149304805805E-002
                    8     3.7500000000000006E-002     2.3659082495431805E-002
                    9     4.2499999999999996E-002     2.4078543121773256E-002
                   10     4.7500000000000001E-002     2.4592334489223169E-002
                   11     5.2500000000000005E-002     2.5233961424325334E-002
                   12     5.7499999999999996E-002     2.6054313178318727E-002
                   13     6.2500000000000000E-002     2.7133556343461214E-002
                   14     6.7500000000000004E-002     2.8605046084375259E-002
                   15     7.2500000000000009E-002     3.0709075255777707E-002
                   16     7.7499999999999999E-002     3.3921989549792406E-002
                   17     8.2500000000000004E-002     3.9320135351591581E-002
                   18     8.7499999999999994E-002     4.9813630149442359E-002
                   19     9.2499999999999999E-002     7.4306985395330927E-002
                   20     9.7500000000000003E-002    0.11908544862275121     
                   21    0.10250000000000001         0.15061495263261149     
                   22    0.10750000000000000         0.15881366838598340     
                   23    0.11250000000000000         0.16258593601437371     
                   24    0.11749999999999999         0.16426632153027917     
                   25    0.12250000000000000         0.16643627626984045     
                   26    0.12750000000000000         0.16842781969444307     
                   27    0.13250000000000001         0.17025445132954117     
                   28    0.13750000000000001         0.17193073568965339     
                   29    0.14250000000000002         0.17347080780358060     
                   30    0.14749999999999999         0.17488753647954725     
                   31    0.15250000000000000         0.17619223289401301     
                   32    0.15750000000000000         0.17739467547867158     
                   33    0.16250000000000001         0.17850327485003198     
                   34    0.16750000000000001         0.17952527637862201     
                   35    0.17250000000000001         0.18046695181903741     
                   36    0.17749999999999999         0.18133376248969968     
                   37    0.18250000000000000         0.18213049165913264     
                   38    0.18750000000000000         0.18286134986392838     
                   39    0.19250000000000000         0.18353005844536144     
                   40    0.19750000000000001         0.18413991625310797     
                   41    0.20250000000000001         0.18469385352680392     
                   42    0.20750000000000002         0.18519447599550329     
                   43    0.21249999999999999         0.18564410142909749     
                   44    0.21750000000000000         0.18604479026807780     
                   45    0.22250000000000000         0.18639837152143318     
                   46    0.22750000000000001         0.18670646481541073     
                   47    0.23250000000000001         0.18697049926054254     
                   48    0.23749999999999999         0.18719172965172798     
                   49    0.24249999999999999         0.18737125040576305     
                   50    0.24750000000000000         0.18751000755874872     
                   51    0.25250000000000000         0.18760880908323607     
                   52    0.25750000000000001         0.18766833373589306     
                   53    0.26250000000000001         0.18768913860706568     
                   54    0.26750000000000002         0.18767166551126888     
                   55    0.27250000000000002         0.18761624633059992     
                   56    0.27750000000000002         0.18752310740004569     
                   57    0.28250000000000003         0.18739237300367648     
                   58    0.28749999999999998         0.18722406803302266     
                   59    0.29249999999999998         0.18701811984289254     
                   60    0.29749999999999999         0.18677435932497002     
