                    1     2.5000000000000001E-003    -217.59307107568867     
                    2     7.4999999999999997E-003    -217.43694785355237     
                    3     1.2500000000000001E-002    -217.25617071275252     
                    4     1.7500000000000002E-002    -217.04529721793722     
                    5     2.2499999999999999E-002    -216.80381062311693     
                    6     2.7500000000000000E-002    -216.52976078228897     
                    7     3.2500000000000001E-002    -216.22125153006886     
                    8     3.7500000000000006E-002    -215.87554603115839     
                    9     4.2499999999999996E-002    -215.49105597530360     
                   10     4.7500000000000001E-002    -215.06278907006674     
                   11     5.2500000000000005E-002    -214.58231854784549     
                   12     5.7499999999999996E-002    -214.03650676646515     
                   13     6.2500000000000000E-002    -213.39937715949191     
                   14     6.7500000000000004E-002    -212.61562600665565     
                   15     7.2500000000000009E-002    -211.55721717883466     
                   16     7.7499999999999999E-002    -209.83514168371369     
                   17     8.2500000000000004E-002    -206.69997038991099     
                   18     8.7499999999999994E-002    -180.99854174723598     
                   19     9.2499999999999999E-002    -165.37737710618455     
                   20     9.7500000000000003E-002    -162.35491688172206     
                   21    0.10250000000000001         -161.32391513023902     
                   22    0.10750000000000000         -160.29926062142897     
                   23    0.11250000000000000         -159.28783307665520     
                   24    0.11749999999999999         -158.29128433492863     
                   25    0.12250000000000000         -157.30898338076412     
                   26    0.12750000000000000         -156.33964364877161     
                   27    0.13250000000000001         -155.38213934989577     
                   28    0.13750000000000001         -154.43584273284418     
                   29    0.14250000000000002         -153.50069854817349     
                   30    0.14749999999999999         -152.57716980486157     
                   31    0.15250000000000000         -151.66613279782194     
                   32    0.15750000000000000         -150.76876327842433     
                   33    0.16250000000000001         -149.88643377545472     
                   34    0.16750000000000001         -149.02062965543172     
                   35    0.17250000000000001         -148.17288498358107     
                   36    0.17749999999999999         -147.34473618901330     
                   37    0.18250000000000000         -146.53769040593815     
                   38    0.18750000000000000         -145.75320522506337     
                   39    0.19250000000000000         -144.99267691085061     
                   40    0.19750000000000001         -144.25743463017739     
                   41    0.20250000000000001         -143.54873874828507     
                   42    0.20750000000000002         -142.86778171074886     
                   43    0.21249999999999999         -142.21569042074032     
                   44    0.21750000000000000         -141.59352933569562     
                   45    0.22250000000000000         -141.00230375307788     
                   46    0.22750000000000001         -140.44296294136774     
                   47    0.23250000000000001         -139.91640291054230     
                   48    0.23749999999999999         -139.42346871585835     
                   49    0.24249999999999999         -138.96495625835894     
                   50    0.24750000000000000         -138.54161359234422     
                   51    0.25250000000000000         -138.15414177957973     
                   52    0.25750000000000001         -137.80319534710321     
                   53    0.26250000000000001         -137.48938241346650     
                   54    0.26750000000000002         -137.21326455002921     
                   55    0.27250000000000002         -136.97535644140311     
                   56    0.27750000000000002         -136.77612540408302     
                   57    0.28250000000000003         -136.61599081564233     
                   58    0.28749999999999998         -136.49532349947077     
                   59    0.29249999999999998         -136.41444510239782     
                   60    0.29749999999999999         -136.37362749495509     
