                    1     2.5000000000000001E-003     2.1029572861662599E-002
                    2     7.4999999999999997E-003     2.1072830154436239E-002
                    3     1.2500000000000001E-002     2.1131670958323332E-002
                    4     1.7500000000000002E-002     2.1200048894942567E-002
                    5     2.2499999999999999E-002     2.1278368023882294E-002
                    6     2.7500000000000000E-002     2.1368850546341342E-002
                    7     3.2500000000000001E-002     2.1472660977819365E-002
                    8     3.7500000000000006E-002     2.1591154227718515E-002
                    9     4.2499999999999996E-002     2.1728055880283731E-002
                   10     4.7500000000000001E-002     2.1888831555408769E-002
                   11     5.2500000000000005E-002     2.2077973394631186E-002
                   12     5.7499999999999996E-002     2.2303641232140660E-002
                   13     6.2500000000000000E-002     2.2577736110032224E-002
                   14     6.7500000000000004E-002     2.2912812737528855E-002
                   15     7.2500000000000009E-002     2.3328393978276431E-002
                   16     7.7499999999999999E-002     2.3856455548289385E-002
                   17     8.2500000000000004E-002     2.4542146806064917E-002
                   18     8.7499999999999994E-002     2.5461504079341425E-002
                   19     9.2499999999999999E-002     2.6739543248813464E-002
                   20     9.7500000000000003E-002     2.8597855496284331E-002
                   21    0.10250000000000001          3.1483068711211780E-002
                   22    0.10750000000000000          3.6396464856879820E-002
                   23    0.11250000000000000          4.5956875507661185E-002
                   24    0.11749999999999999          6.9053449384828769E-002
                   25    0.12250000000000000         0.13143731000606279     
                   26    0.12750000000000000         0.17213179907981244     
                   27    0.13250000000000001         0.16870856919329763     
                   28    0.13750000000000001         0.16816908335206623     
                   29    0.14250000000000002         0.16761293896821292     
                   30    0.14749999999999999         0.16703998363669076     
                   31    0.15250000000000000         0.16645008235825606     
                   32    0.15750000000000000         0.16584311460016365     
                   33    0.16250000000000001         0.16521897169379490     
                   34    0.16750000000000001         0.16457755456438322     
                   35    0.17250000000000001         0.16391877177692912     
                   36    0.17749999999999999         0.16324253787625798     
                   37    0.18250000000000000         0.16254877199756065     
                   38    0.18750000000000000         0.16183739672472991     
                   39    0.19250000000000000         0.16110833717573739     
                   40    0.19750000000000001         0.16036152029623962     
                   41    0.20250000000000001         0.15959687434416872     
                   42    0.20750000000000002         0.15881432854919078     
                   43    0.21249999999999999         0.15801381293168962     
                   44    0.21750000000000000         0.15719525826648045     
                   45    0.22250000000000000         0.15635859617688039     
                   46    0.22750000000000001         0.15550375934515037     
                   47    0.23250000000000001         0.15463068182570999     
                   48    0.23749999999999999         0.15373929944794734     
                   49    0.24249999999999999         0.15282955029589265     
                   50    0.24750000000000000         0.15190137525249914     
                   51    0.25250000000000000         0.15095471859676055     
                   52    0.25750000000000001         0.14998952864237983     
                   53    0.26250000000000001         0.14900575840717581     
                   54    0.26750000000000002         0.14800336630285948     
                   55    0.27250000000000002         0.14698231683522428     
                   56    0.27750000000000002         0.14594258130516419     
                   57    0.28250000000000003         0.14488413850126386     
                   58    0.28749999999999998         0.14380697537498655     
                   59    0.29249999999999998         0.14271108842399791     
                   60    0.29749999999999999         0.14159648470342573     
