                    1     2.5000000000000001E-003    -9.5223403867665937E-021
                    2     7.4999999999999997E-003    -1.6589320054707493E-020
                    3     1.2500000000000001E-002    -2.3362209437339826E-020
                    4     1.7500000000000002E-002    -3.1947389974790029E-020
                    5     2.2499999999999999E-002    -4.5420218664967306E-020
                    6     2.7500000000000000E-002    -6.4942731238918148E-020
                    7     3.2500000000000001E-002    -9.3810589546923134E-020
                    8     3.7500000000000006E-002    -1.3749515588318285E-019
                    9     4.2499999999999996E-002    -2.1135622978271240E-019
                   10     4.7500000000000001E-002    -3.3203107410290795E-019
                   11     5.2500000000000005E-002    -5.3918728051222120E-019
                   12     5.7499999999999996E-002    -9.2525816643063061E-019
                   13     6.2500000000000000E-002    -1.6646269906731012E-018
                   14     6.7500000000000004E-002    -3.1509001806313774E-018
                   15     7.2500000000000009E-002    -6.4931251596513393E-018
                   16     7.7499999999999999E-002    -1.4748058085894958E-017
                   17     8.2500000000000004E-002    -3.8273345800779440E-017
                   18     8.7499999999999994E-002    -1.2093750082295730E-016
                   19     9.2499999999999999E-002    -5.1053899159469355E-016
                   20     9.7500000000000003E-002    -3.6851375843981451E-015
                   21    0.10250000000000001         -9.4261919939219670E-014
                   22    0.10750000000000000         -9.0774576822562135E-010
                   23    0.11250000000000000         -2.4248511885033132E-007
                   24    0.11749999999999999          1.3493363883962572E-008
                   25    0.12250000000000000         -5.0307680167640916E-009
                   26    0.12750000000000000         -1.3252072726320904E-008
                   27    0.13250000000000001         -1.6755247190782772E-008
                   28    0.13750000000000001         -1.8047327664074507E-008
                   29    0.14250000000000002         -1.8321073007743210E-008
                   30    0.14749999999999999         -1.8154605716905674E-008
                   31    0.15250000000000000         -1.7824262047987889E-008
                   32    0.15750000000000000         -1.7455067815918090E-008
                   33    0.16250000000000001         -1.7096367699378062E-008
                   34    0.16750000000000001         -1.6760769745525316E-008
                   35    0.17250000000000001         -1.6444340211569515E-008
                   36    0.17749999999999999         -1.6136944784068055E-008
                   37    0.18250000000000000         -1.5827335977360842E-008
                   38    0.18750000000000000         -1.5505441424236039E-008
                   39    0.19250000000000000         -1.5163190151059709E-008
                   40    0.19750000000000001         -1.4794610521588207E-008
                   41    0.20250000000000001         -1.4395599258504901E-008
                   42    0.20750000000000002         -1.3963573307656443E-008
                   43    0.21249999999999999         -1.3497111048937629E-008
                   44    0.21750000000000000         -1.2995631218533338E-008
                   45    0.22250000000000000         -1.2459126828190380E-008
                   46    0.22750000000000001         -1.1887955680106580E-008
                   47    0.23250000000000001         -1.1282681944523018E-008
                   48    0.23749999999999999         -1.0643960709363097E-008
                   49    0.24249999999999999         -9.9724571511786638E-009
                   50    0.24750000000000000         -9.2687927511464039E-009
                   51    0.25250000000000000         -8.5335121203063945E-009
                   52    0.25750000000000001         -7.7670651752443887E-009
                   53    0.26250000000000001         -6.9698004759456298E-009
                   54    0.26750000000000002         -6.1419664573962617E-009
                   55    0.27250000000000002         -5.2837180572473916E-009
                   56    0.27750000000000002         -4.3951268862009587E-009
                   57    0.28250000000000003         -3.4761936333391520E-009
                   58    0.28749999999999998         -2.5268618729485498E-009
                   59    0.29249999999999998         -1.5470328659760599E-009
                   60    0.29749999999999999         -5.3658134798105979E-010
