                    1     2.5000000000000001E-003    -189.03564581412115     
                    2     7.4999999999999997E-003    -188.99743191085025     
                    3     1.2500000000000001E-002    -188.95823014318830     
                    4     1.7500000000000002E-002    -188.91480263603722     
                    5     2.2499999999999999E-002    -188.86595301540086     
                    6     2.7500000000000000E-002    -188.81127487918803     
                    7     3.2500000000000001E-002    -188.75048148572853     
                    8     3.7500000000000006E-002    -188.68343698456641     
                    9     4.2499999999999996E-002    -188.60998629022757     
                   10     4.7500000000000001E-002    -188.52991576956700     
                   11     5.2500000000000005E-002    -188.44309956302070     
                   12     5.7499999999999996E-002    -188.34919841985658     
                   13     6.2500000000000000E-002    -188.24796236587812     
                   14     6.7500000000000004E-002    -188.13885774629722     
                   15     7.2500000000000009E-002    -188.02123565567041     
                   16     7.7499999999999999E-002    -187.89416061397216     
                   17     8.2500000000000004E-002    -187.75630197831882     
                   18     8.7499999999999994E-002    -187.60576113119924     
                   19     9.2499999999999999E-002    -187.43965166072502     
                   20     9.7500000000000003E-002    -187.25337943819750     
                   21    0.10250000000000001         -187.03956987135160     
                   22    0.10750000000000000         -186.78557951183666     
                   23    0.11250000000000000         -186.46799915177414     
                   24    0.11749999999999999         -186.03903263037498     
                   25    0.12250000000000000         -185.43456358788308     
                   26    0.12750000000000000         -185.45954423494919     
                   27    0.13250000000000001         -173.78891278277069     
                   28    0.13750000000000001         -167.33771672253494     
                   29    0.14250000000000002         -166.70325761892943     
                   30    0.14749999999999999         -166.21260930419839     
                   31    0.15250000000000000         -165.73027548028398     
                   32    0.15750000000000000         -165.25762894632726     
                   33    0.16250000000000001         -164.79584467028758     
                   34    0.16750000000000001         -164.34582225169692     
                   35    0.17250000000000001         -163.90822406235398     
                   36    0.17749999999999999         -163.48354510907041     
                   37    0.18250000000000000         -163.07217741300576     
                   38    0.18750000000000000         -162.67445783788739     
                   39    0.19250000000000000         -162.29069943002415     
                   40    0.19750000000000001         -161.92120982999575     
                   41    0.20250000000000001         -161.56630064436871     
                   42    0.20750000000000002         -161.22629096286315     
                   43    0.21249999999999999         -160.90150734216184     
                   44    0.21750000000000000         -160.59228184177897     
                   45    0.22250000000000000         -160.29894914654548     
                   46    0.22750000000000001         -160.02184342254486     
                   47    0.23250000000000001         -159.76129528985129     
                   48    0.23749999999999999         -159.51762912063072     
                   49    0.24249999999999999         -159.29116075777699     
                   50    0.24750000000000000         -159.08219567786114     
                   51    0.25250000000000000         -158.89102757899283     
                   52    0.25750000000000001         -158.71793735000557     
                   53    0.26250000000000001         -158.56319236551215     
                   54    0.26750000000000002         -158.42704604756318     
                   55    0.27250000000000002         -158.30973763564288     
                   56    0.27750000000000002         -158.21149211060629     
                   57    0.28250000000000003         -158.13252022344992     
                   58    0.28749999999999998         -158.07301858569986     
                   59    0.29249999999999998         -158.03316978422077     
                   60    0.29749999999999999         -158.01314248904762     
