                    1     0.0000000000000000         -6.6104901724391532     
                    2     5.0000000000000001E-003    -10.222190315184950     
                    3     1.0000000000000000E-002    -11.390420312603940     
                    4     1.4999999999999999E-002    -11.423530677633593     
                    5     2.0000000000000000E-002    -11.951541367584529     
                    6     2.5000000000000001E-002    -12.131008193968153     
                    7     2.9999999999999999E-002    -12.335647356070361     
                    8     3.5000000000000003E-002    -12.124328831341932     
                    9     4.0000000000000001E-002    -12.331771737938261     
                   10     4.4999999999999998E-002    -12.411026933404870     
                   11     5.0000000000000003E-002    -12.324547050973012     
                   12     5.5000000000000000E-002    -12.384415366542763     
                   13     5.9999999999999998E-002    -12.469040362889416     
                   14     6.5000000000000002E-002    -12.264474313681882     
                   15     7.0000000000000007E-002    -12.168987277108094     
                   16     7.4999999999999997E-002    -12.074204297997142     
                   17     8.0000000000000002E-002    -11.825272705394431     
                   18     8.5000000000000006E-002    -11.709256673216874     
                   19     8.9999999999999997E-002    -11.381840391046246     
                   20     9.5000000000000001E-002    -11.058786362822929     
                   21    0.10000000000000001         -10.642793189181342     
                   22    0.10500000000000000         -10.234538881392757     
                   23    0.11000000000000000         -15.279894778971865     
                   24    0.11500000000000000         -19.097283708573947     
                   25    0.12000000000000000         -19.240387306168174     
                   26    0.12500000000000000         -19.293361240734939     
                   27    0.13000000000000000         -19.308931183298363     
                   28    0.13500000000000001         -19.311466116859464     
                   29    0.14000000000000001         -19.311973512628892     
                   30    0.14499999999999999         -19.315174776834507     
                   31    0.14999999999999999         -19.322874264118632     
                   32    0.15500000000000000         -19.335569920005245     
                   33    0.16000000000000000         -19.353220043366662     
                   34    0.16500000000000001         -19.375601177874675     
                   35    0.17000000000000001         -19.402467124462841     
                   36    0.17500000000000002         -19.433611967888478     
                   37    0.17999999999999999         -19.468888098645827     
                   38    0.18500000000000000         -19.508204540848563     
                   39    0.19000000000000000         -19.551517978524576     
                   40    0.19500000000000001         -19.598822308021763     
                   41    0.20000000000000001         -19.650139219235676     
                   42    0.20500000000000002         -19.705510662442411     
                   43    0.20999999999999999         -19.764993285651798     
                   44    0.21500000000000000         -19.828654605244459     
                   45    0.22000000000000000         -19.896570574244528     
                   46    0.22500000000000001         -19.968824218100888     
                   47    0.23000000000000001         -20.045505055164220     
                   48    0.23500000000000001         -20.126709077353713     
                   49    0.23999999999999999         -20.212539121787501     
                   50    0.24500000000000000         -20.303105511084059     
                   51    0.25000000000000000         -20.398526877568354     
                   52    0.25500000000000000         -20.498931115556495     
                   53    0.26000000000000001         -20.604456427723232     
                   54    0.26500000000000001         -20.715252447827133     
                   55    0.27000000000000002         -20.831481434148760     
                   56    0.27500000000000002         -20.953319537005420     
                   57    0.28000000000000003         -21.080958150505190     
                   58    0.28500000000000003         -21.214605363936084     
                   59    0.28999999999999998         -21.354487532314185     
                   60    0.29499999999999998         -21.500850988952092     
                   61    0.29999999999999999         -21.653963925651016     
