                    1     2.5000000000000001E-003    0.29616191374002088     
                    2     7.4999999999999997E-003    0.24730055598960793     
                    3     1.2500000000000001E-002    0.23637058642598283     
                    4     1.7500000000000002E-002    0.23147811629809001     
                    5     2.2499999999999999E-002    0.22545836582371601     
                    6     2.7500000000000000E-002    0.22223225288607518     
                    7     3.2500000000000001E-002    0.22218020675350847     
                    8     3.7500000000000006E-002    0.22209284756013981     
                    9     4.2499999999999996E-002    0.21965470206875168     
                   10     4.7500000000000001E-002    0.21955762726093869     
                   11     5.2500000000000005E-002    0.21959081210102652     
                   12     5.7499999999999996E-002    0.21823123844936668     
                   13     6.2500000000000000E-002    0.21893596289142520     
                   14     6.7500000000000004E-002    0.22104137842926147     
                   15     7.2500000000000009E-002    0.22221794876384765     
                   16     7.7499999999999999E-002    0.22458833953020596     
                   17     8.2500000000000004E-002    0.22705169768812883     
                   18     8.7499999999999994E-002    0.23007324547561248     
                   19     9.2499999999999999E-002    0.23474414907248534     
                   20     9.7500000000000003E-002    0.24007560280746443     
                   21    0.10250000000000001         0.24648915817670317     
                   22    0.10750000000000000         0.25442781789118973     
                   23    0.11250000000000000         0.26636610457267873     
                   24    0.11749999999999999         0.26869869170584360     
                   25    0.12250000000000000         0.12291591600465854     
                   26    0.12750000000000000          5.0805494700944089E-003
                   27    0.13250000000000001          0.0000000000000000     
                   28    0.13750000000000001          0.0000000000000000     
                   29    0.14250000000000002          0.0000000000000000     
                   30    0.14749999999999999          0.0000000000000000     
                   31    0.15250000000000000          0.0000000000000000     
                   32    0.15750000000000000          0.0000000000000000     
                   33    0.16250000000000001          0.0000000000000000     
                   34    0.16750000000000001          0.0000000000000000     
                   35    0.17250000000000001          0.0000000000000000     
                   36    0.17749999999999999          0.0000000000000000     
                   37    0.18250000000000000          0.0000000000000000     
                   38    0.18750000000000000          0.0000000000000000     
                   39    0.19250000000000000          0.0000000000000000     
                   40    0.19750000000000001          0.0000000000000000     
                   41    0.20250000000000001          0.0000000000000000     
                   42    0.20750000000000002          0.0000000000000000     
                   43    0.21249999999999999          0.0000000000000000     
                   44    0.21750000000000000          0.0000000000000000     
                   45    0.22250000000000000          0.0000000000000000     
                   46    0.22750000000000001          0.0000000000000000     
                   47    0.23250000000000001          0.0000000000000000     
                   48    0.23749999999999999          0.0000000000000000     
                   49    0.24249999999999999          0.0000000000000000     
                   50    0.24750000000000000          0.0000000000000000     
                   51    0.25250000000000000          0.0000000000000000     
                   52    0.25750000000000001          0.0000000000000000     
                   53    0.26250000000000001          0.0000000000000000     
                   54    0.26750000000000002          0.0000000000000000     
                   55    0.27250000000000002          0.0000000000000000     
                   56    0.27750000000000002          0.0000000000000000     
                   57    0.28250000000000003          0.0000000000000000     
                   58    0.28749999999999998          0.0000000000000000     
                   59    0.29249999999999998          0.0000000000000000     
                   60    0.29749999999999999          0.0000000000000000     
