                    1     0.0000000000000000         -6.6112642420194074     
                    2     5.0000000000000001E-003    -10.223271461091199     
                    3     1.0000000000000000E-002    -11.392066823476876     
                    4     1.4999999999999999E-002    -11.425864205891012     
                    5     2.0000000000000000E-002    -11.954885871353813     
                    6     2.5000000000000001E-002    -12.135801438997532     
                    7     2.9999999999999999E-002    -12.342572208434579     
                    8     3.5000000000000003E-002    -12.134399803428787     
                    9     4.0000000000000001E-002    -12.347325608968170     
                   10     4.4999999999999998E-002    -12.436904031328083     
                   11     5.0000000000000003E-002    -12.374031164284824     
                   12     5.5000000000000000E-002    -12.534945357465572     
                   13     5.9999999999999998E-002    -16.485330175677504     
                   14     6.5000000000000002E-002    -19.371916311973052     
                   15     7.0000000000000007E-002    -19.158763934699259     
                   16     7.4999999999999997E-002    -18.981407132216482     
                   17     8.0000000000000002E-002    -18.822347511444711     
                   18     8.5000000000000006E-002    -18.676916103996493     
                   19     8.9999999999999997E-002    -18.544554510570471     
                   20     9.5000000000000001E-002    -18.425340942284436     
                   21    0.10000000000000001         -18.318971780837305     
                   22    0.10500000000000000         -18.224681127297735     
                   23    0.11000000000000000         -18.141418099282184     
                   24    0.11500000000000000         -18.068031679949609     
                   25    0.12000000000000000         -18.003397254997857     
                   26    0.12500000000000000         -17.946484931052115     
                   27    0.13000000000000000         -17.896386718309898     
                   28    0.13500000000000001         -17.852319405301206     
                   29    0.14000000000000001         -17.813615266218434     
                   30    0.14499999999999999         -17.779708110074420     
                   31    0.14999999999999999         -17.750118777030824     
                   32    0.15500000000000000         -17.724442014809210     
                   33    0.16000000000000000         -17.702335418117897     
                   34    0.16500000000000001         -17.683510467853822     
                   35    0.17000000000000001         -17.667725420893579     
                   36    0.17500000000000002         -17.654779712555261     
                   37    0.17999999999999999         -17.644509542256085     
                   38    0.18500000000000000         -17.636784361504308     
                   39    0.19000000000000000         -17.631504042185536     
                   40    0.19500000000000001         -17.628596558061009     
                   41    0.20000000000000001         -17.628016058156437     
                   42    0.20500000000000002         -17.629741246378170     
                   43    0.20999999999999999         -17.633774008319051     
                   44    0.21500000000000000         -17.640138245545060     
                   45    0.22000000000000000         -17.648878891454292     
                   46    0.22500000000000001         -17.660061092598752     
                   47    0.23000000000000001         -17.673769546373297     
                   48    0.23500000000000001         -17.690107991120747     
                   49    0.23999999999999999         -17.709198848646768     
                   50    0.24500000000000000         -17.731183022361964     
                   51    0.25000000000000000         -17.756219857114449     
                   52    0.25500000000000000         -17.784487269494488     
                   53    0.26000000000000001         -17.816182060176413     
                   54    0.26500000000000001         -17.851520422873087     
                   55    0.27000000000000002         -17.890738667863676     
                   56    0.27500000000000002         -17.934094181970739     
                   57    0.28000000000000003         -17.981866651478995     
                   58    0.28500000000000003         -18.034359580008310     
                   59    0.28999999999999998         -18.091902140026122     
                   60    0.29499999999999998         -18.154851404819464     
                   61    0.29999999999999999         -18.223595017738521     
