                    1     2.5000000000000001E-003    -1.2444954814377875E-017
                    2     7.4999999999999997E-003    -7.2470300162463741E-016
                    3     1.2500000000000001E-002    -4.1832128160352436E-007
                    4     1.7500000000000002E-002    -2.3531656368440219E-007
                    5     2.2499999999999999E-002    -1.5237056057007252E-007
                    6     2.7500000000000000E-002    -1.1518190131239109E-007
                    7     3.2500000000000001E-002    -1.0648508769571275E-007
                    8     3.7500000000000006E-002    -1.0728127043770077E-007
                    9     4.2499999999999996E-002    -1.0858144162804230E-007
                   10     4.7500000000000001E-002    -1.0813702351303834E-007
                   11     5.2500000000000005E-002    -1.0633887595794056E-007
                   12     5.7499999999999996E-002    -1.0406073633940082E-007
                   13     6.2500000000000000E-002    -1.0191777975993024E-007
                   14     6.7500000000000004E-002    -1.0016862484610078E-007
                   15     7.2500000000000009E-002    -9.8819567201119210E-008
                   16     7.7499999999999999E-002    -9.7746613717036413E-008
                   17     8.2500000000000004E-002    -9.6781414624423508E-008
                   18     8.7499999999999994E-002    -9.5759123667379390E-008
                   19     9.2499999999999999E-002    -9.4540284349197097E-008
                   20     9.7500000000000003E-002    -9.3018346492937604E-008
                   21    0.10250000000000001         -9.1120338188572238E-008
                   22    0.10750000000000000         -8.8804637225636144E-008
                   23    0.11250000000000000         -8.6057587183200375E-008
                   24    0.11749999999999999         -8.2889627571980087E-008
                   25    0.12250000000000000         -7.9331189821101386E-008
                   26    0.12750000000000000         -7.5428497416244214E-008
                   27    0.13250000000000001         -7.1239399250845682E-008
                   28    0.13750000000000001         -6.6829371345174282E-008
                   29    0.14250000000000002         -6.2267815288399660E-008
                   30    0.14749999999999999         -5.7624760109877634E-008
                   31    0.15250000000000000         -5.2968043857948474E-008
                   32    0.15750000000000000         -4.8361018348094917E-008
                   33    0.16250000000000001         -4.3860789765170237E-008
                   34    0.16750000000000001         -3.9516981458444102E-008
                   35    0.17250000000000001         -3.5370984306396177E-008
                   36    0.17749999999999999         -3.1455644533868078E-008
                   37    0.18250000000000000         -2.7795328483875251E-008
                   38    0.18750000000000000         -2.4406298022525974E-008
                   39    0.19250000000000000         -2.1297328366043347E-008
                   40    0.19750000000000001         -1.8470501524349417E-008
                   41    0.20250000000000001         -1.5922112625364592E-008
                   42    0.20750000000000002         -1.3643632498847468E-008
                   43    0.21249999999999999         -1.1622677455067108E-008
                   44    0.21750000000000000         -9.8439456130775563E-009
                   45    0.22250000000000000         -8.2900878745313042E-009
                   46    0.22750000000000001         -6.9424902134117221E-009
                   47    0.23250000000000001         -5.7819519433863763E-009
                   48    0.23749999999999999         -4.7892517005693086E-009
                   49    0.24249999999999999         -3.9455988039384606E-009
                   50    0.24750000000000000         -3.2329722881744925E-009
                   51    0.25250000000000000         -2.6343531959859554E-009
                   52    0.25750000000000001         -2.1338577020407034E-009
                   53    0.26250000000000001         -1.7167794168862472E-009
                   54    0.26750000000000002         -1.3695489344872345E-009
                   55    0.27250000000000002         -1.0796175206869803E-009
                   56    0.27750000000000002         -8.3526999085893846E-010
                   57    0.28250000000000003         -6.2536949967092597E-010
                   58    0.28749999999999998         -4.3903437187237921E-010
                   59    0.29249999999999998         -2.6524444865069914E-010
                   60    0.29749999999999999         -9.2371914620312894E-011
