                    1   2.5000000000000001E-003  0.21707480859020975     
                    2   7.4999999999999997E-003  0.21634079238872794     
                    3   1.2500000000000001E-002  0.21457477266901703     
                    4   1.7500000000000002E-002  0.21486374011682585     
                    5   2.2499999999999999E-002  0.21621356477274040     
                    6   2.7500000000000000E-002  0.21659489249713970     
                    7   3.2500000000000001E-002  0.21712362106322439     
                    8   3.7500000000000006E-002  0.21667651774487812     
                    9   4.2499999999999996E-002  0.21578000657395113     
                   10   4.7500000000000001E-002  0.21618045965401367     
                   11   5.2500000000000005E-002  0.21656385165361239     
                   12   5.7499999999999996E-002  0.21697698628416770     
                   13   6.2500000000000000E-002  0.21697567899922382     
                   14   6.7500000000000004E-002  0.21711921033136253     
                   15   7.2500000000000009E-002  0.21740329388273044     
                   16   7.7499999999999999E-002  0.21729985956967041     
                   17   8.2500000000000004E-002  0.21746554438815452     
                   18   8.7499999999999994E-002  0.21729882662618918     
                   19   9.2499999999999999E-002  0.21734560116740292     
                   20   9.7500000000000003E-002  0.21743443587939282     
                   21  0.10250000000000001       0.21765914476061360     
                   22  0.10750000000000000       0.21798471661669652     
                   23  0.11250000000000000       0.21815134403175887     
                   24  0.11749999999999999       0.21826956431904657     
                   25  0.12250000000000000       0.21865005544659863     
                   26  0.12750000000000000       0.21915736117868245     
                   27  0.13250000000000001       0.21995753000179316     
                   28  0.13750000000000001       0.22145218011457085     
                   29  0.14250000000000002       0.22356079099651296     
                   30  0.14749999999999999       0.21951377994433252     
                   31  0.15250000000000000       0.19487072266968422     
                   32  0.15750000000000000       0.18609395099036583     
                   33  0.16250000000000001       0.19692247131151039     
                   34  0.16750000000000001       0.19933474088714861     
                   35  0.17250000000000001       0.19990028898569789     
                   36  0.17749999999999999       0.20002819945223529     
                   37  0.18250000000000000       0.20005668731035853     
                   38  0.18750000000000000       0.20006405668471516     
                   39  0.19250000000000000       0.20006725082457558     
                   40  0.19750000000000001       0.20006972172964949     
                   41  0.20250000000000001       0.20007213854165604     
                   42  0.20750000000000002       0.20007462722233232     
                   43  0.21249999999999999       0.20007721236154147     
                   44  0.21750000000000000       0.20007989830593614     
                   45  0.22250000000000000       0.20008267910073035     
                   46  0.22750000000000001       0.20008552887842315     
                   47  0.23250000000000001       0.20008837411325819     
                   48  0.23749999999999999       0.20009103282927704     
                   49  0.24249999999999999       0.20009309220863161     
                   50  0.24750000000000000       0.20009368011499234     
                   51  0.25250000000000000       0.20009107100498144     
                   52  0.25750000000000001       0.20008206191085345     
                   53  0.26250000000000001       0.20006107456454844     
                   54  0.26750000000000002       0.20001900151363144     
                   55  0.27250000000000002       0.19994192479867551     
                   56  0.27750000000000002       0.19980998080226828     
                   57  0.28250000000000003       0.19959677901461118     
                   58  0.28749999999999998       0.19926983920078989     
                   59  0.29249999999999998       0.19879243668008356     
                   60  0.29749999999999999       0.19812703083110328     
