                    1     0.0000000000000000          265.64140062762999     
                    2     5.0000000000000001E-003     265.88899034517414     
                    3     1.0000000000000000E-002     266.37237529650224     
                    4     1.4999999999999999E-002     266.93333321069281     
                    5     2.0000000000000000E-002     267.51028937128882     
                    6     2.5000000000000001E-002     268.09172312237456     
                    7     2.9999999999999999E-002     268.67317988695856     
                    8     3.5000000000000003E-002     269.25456563985614     
                    9     4.0000000000000001E-002     269.83464892150101     
                   10     4.4999999999999998E-002     270.41262772700310     
                   11     5.0000000000000003E-002     270.99081153538441     
                   12     5.5000000000000000E-002     271.57239587775018     
                   13     5.9999999999999998E-002     272.30134358149496     
                   14     6.5000000000000002E-002     273.01720926795366     
                   15     7.0000000000000007E-002     273.71745793957979     
                   16     7.4999999999999997E-002     274.39610204694679     
                   17     8.0000000000000002E-002     275.05485655381693     
                   18     8.5000000000000006E-002     275.69560042219422     
                   19     8.9999999999999997E-002     276.31963420551011     
                   20     9.5000000000000001E-002     276.92793574512962     
                   21    0.10000000000000001          277.52128041563861     
                   22    0.10500000000000000          278.10030532494210     
                   23    0.11000000000000000          278.66554766353789     
                   24    0.11500000000000000          279.21746990541118     
                   25    0.12000000000000000          279.75647766541590     
                   26    0.12500000000000000          280.28293307430420     
                   27    0.13000000000000000          280.79716519089766     
                   28    0.13500000000000001          281.29947832086140     
                   29    0.14000000000000001          281.79015877660373     
                   30    0.14499999999999999          282.26948042904382     
                   31    0.14999999999999999          282.73770929469384     
                   32    0.15500000000000000          283.19510733516188     
                   33    0.16000000000000000          283.64193560303607     
                   34    0.16500000000000001          284.07845683880743     
                   35    0.17000000000000001          284.50493760282069     
                   36    0.17500000000000002          284.92165001115234     
                   37    0.17999999999999999          285.32887313295294     
                   38    0.18500000000000000          285.72689409795834     
                   39    0.19000000000000000          286.11600895585030     
                   40    0.19500000000000001          286.49652332340668     
                   41    0.20000000000000001          286.86875285062337     
                   42    0.20500000000000002          287.23302353297913     
                   43    0.20999999999999999          287.58967189361414     
                   44    0.21500000000000000          287.93904505627808     
                   45    0.22000000000000000          288.28150072741289     
                   46    0.22500000000000001          288.61740710358930     
                   47    0.23000000000000001          288.94714271867878     
                   48    0.23500000000000001          289.27109624356075     
                   49    0.23999999999999999          289.58966624981520     
                   50    0.24500000000000000          289.90326094769455     
                   51    0.25000000000000000          290.21229790768700     
                   52    0.25500000000000000          290.51720377415563     
                   53    0.26000000000000001          290.81841397884477     
                   54    0.26500000000000001          291.11637246148365     
                   55    0.27000000000000002          291.41153140426570     
                   56    0.27500000000000002          291.70435098665143     
                   57    0.28000000000000003          291.99529916671958     
                   58    0.28500000000000003          292.28485149519065     
                   59    0.28999999999999998          292.57349096826744     
                   60    0.29499999999999998          292.86170792559932     
                   61    0.29999999999999999          293.14999999999998     
