                    1     2.5000000000000001E-003    -4.6694450516823860     
                    2     7.4999999999999997E-003    -4.4338849876759259     
                    3     1.2500000000000001E-002    -4.1370717406908870     
                    4     1.7500000000000002E-002    -3.8297219539835181     
                    5     2.2499999999999999E-002    -3.5183722372041708     
                    6     2.7500000000000000E-002    -3.2055133798672237     
                    7     3.2500000000000001E-002    -2.8922351552615648     
                    8     3.7500000000000006E-002    -2.5791613368080579     
                    9     4.2499999999999996E-002    -2.2665265250587208     
                   10     4.7500000000000001E-002    -1.9543574878723642     
                   11     5.2500000000000005E-002    -1.6431040164051371     
                   12     5.7499999999999996E-002    -1.3337778271597709     
                   13     6.2500000000000000E-002    -1.0275594490663147     
                   14     6.7500000000000004E-002   -0.72890606464411689     
                   15     7.2500000000000009E-002   -0.46470968541633367     
                   16     7.7499999999999999E-002   -0.25001693165740169     
                   17     8.2500000000000004E-002    -6.5944042472467684E-002
                   18     8.7499999999999994E-002    0.10337424871978151     
                   19     9.2499999999999999E-002    0.26535618779481229     
                   20     9.7500000000000003E-002    0.42268073708230791     
                   21    0.10250000000000001         0.57570591915900526     
                   22    0.10750000000000000         0.72471973009949120     
                   23    0.11250000000000000         0.86995161333861781     
                   24    0.11749999999999999          1.0115848455719503     
                   25    0.12250000000000000          1.1497674905679942     
                   26    0.12750000000000000          1.2846213993555979     
                   27    0.13250000000000001          1.4162493343217264     
                   28    0.13750000000000001          1.5447404794006656     
                   29    0.14250000000000002          1.6701746347128335     
                   30    0.14749999999999999          1.7926253746155405     
                   31    0.15250000000000000          1.9121624087371716     
                   32    0.15750000000000000          2.0288533414255214     
                   33    0.16250000000000001          2.1427649831948878     
                   34    0.16750000000000001          2.2539643313457844     
                   35    0.17250000000000001          2.3625193069945727     
                   36    0.17749999999999999          2.4684993121642664     
                   37    0.18250000000000000          2.5719756526350732     
                   38    0.18750000000000000          2.6730218589800305     
                   39    0.19250000000000000          2.7717139286410171     
                   40    0.19750000000000001          2.8681305051498449     
                   41    0.20250000000000001          2.9623530059267469     
                   42    0.20750000000000002          3.0544657069055732     
                   43    0.21249999999999999          3.1445557900927774     
                   44    0.21750000000000000          3.2327133587359951     
                   45    0.22250000000000000          3.3190314238223952     
                   46    0.22750000000000001          3.4036058649838528     
                   47    0.23250000000000001          3.4865353684449687     
                   48    0.23749999999999999          3.5679213443383033     
                   49    0.24249999999999999          3.6478678254819856     
                   50    0.24750000000000000          3.7264813495385569     
                   51    0.25250000000000000          3.8038708263322745     
                   52    0.25750000000000001          3.8801473919840115     
                   53    0.26250000000000001          3.9554242514216447     
                   54    0.26750000000000002          4.0298165107354151     
                   55    0.27250000000000002          4.1034410007695481     
                   56    0.27750000000000002          4.1764160932719463     
                   57    0.28250000000000003          4.2488615108617660     
                   58    0.28749999999999998          4.3208981320194679     
                   59    0.29249999999999998          4.3926477922548539     
                   60    0.29749999999999999          4.4642330825653280     
