                    1     0.0000000000000000         -5.4765698626494617     
                    2     5.0000000000000001E-003    -5.4000642814146289     
                    3     1.0000000000000000E-002    -5.2782199541759613     
                    4     1.4999999999999999E-002    -5.1496659792594670     
                    5     2.0000000000000000E-002    -5.0183713703995521     
                    6     2.5000000000000001E-002    -4.8857743397026727     
                    7     2.9999999999999999E-002    -4.7524341629757050     
                    8     3.5000000000000003E-002    -4.6186037826684050     
                    9     4.0000000000000001E-002    -4.4844434570746161     
                   10     4.4999999999999998E-002    -4.3498572530866761     
                   11     5.0000000000000003E-002    -4.2147883074498722     
                   12     5.5000000000000000E-002    -4.0794174265889360     
                   13     5.9999999999999998E-002    -3.9439149874883732     
                   14     6.5000000000000002E-002    -3.8083630396583610     
                   15     7.0000000000000007E-002    -3.6729638122798285     
                   16     7.4999999999999997E-002    -3.5380405398235499     
                   17     8.0000000000000002E-002    -3.4037158450703640     
                   18     8.5000000000000006E-002    -3.2701826365095128     
                   19     8.9999999999999997E-002    -3.1376155086340862     
                   20     9.5000000000000001E-002    -3.0060842916080590     
                   21    0.10000000000000001         -2.8758145296724225     
                   22    0.10500000000000000         -2.7469590455962214     
                   23    0.11000000000000000         -2.6195280472718596     
                   24    0.11500000000000000         -2.4934867778259298     
                   25    0.12000000000000000         -2.3686915056122411     
                   26    0.12500000000000000         -2.2450288341980289     
                   27    0.13000000000000000         -2.1224285360301676     
                   28    0.13500000000000001         -2.0007116111017100     
                   29    0.14000000000000001         -1.8796611229701528     
                   30    0.14499999999999999         -1.7591528817595554     
                   31    0.14999999999999999         -1.6390826895670230     
                   32    0.15500000000000000         -1.5193294774432275     
                   33    0.16000000000000000         -1.3998630974153097     
                   34    0.16500000000000001         -1.2807795232254031     
                   35    0.17000000000000001         -1.1623483911744046     
                   36    0.17500000000000002         -1.0449791003562137     
                   37    0.17999999999999999        -0.92826561567520094     
                   38    0.18500000000000000        -0.80424686311402338     
                   39    0.19000000000000000        -0.64098981976909730     
                   40    0.19500000000000001        -0.42801374876820292     
                   41    0.20000000000000001        -0.19235533820833919     
                   42    0.20500000000000002          4.7694881627129301E-002
                   43    0.20999999999999999         0.28739833345053967     
                   44    0.21500000000000000         0.52601385882915230     
                   45    0.22000000000000000         0.76366497958256896     
                   46    0.22500000000000001          1.0004575123326394     
                   47    0.23000000000000001          1.2364852058564069     
                   48    0.23500000000000001          1.4718331656903163     
                   49    0.23999999999999999          1.7065798795512217     
                   50    0.24500000000000000          1.9407985069154770     
                   51    0.25000000000000000          2.1745577951121664     
                   52    0.25500000000000000          2.4079227928323776     
                   53    0.26000000000000001          2.6409554383512819     
                   54    0.26500000000000001          2.8737150592196699     
                   55    0.27000000000000002          3.1062588035968095     
                   56    0.27500000000000002          3.3386420165941035     
                   57    0.28000000000000003          3.5709185719419558     
                   58    0.28500000000000003          3.8031411676165767     
                   59    0.28999999999999998          4.0353615929052147     
                   60    0.29499999999999998          4.2676309734508253     
                   61    0.29999999999999999          4.5000000000000000     
