                    1     0.0000000000000000          270.11124619785858     
                    2     5.0000000000000001E-003     270.58117004736010     
                    3     1.0000000000000000E-002     271.31138839744176     
                    4     1.4999999999999999E-002     272.10608924253609     
                    5     2.0000000000000000E-002     272.78023550149186     
                    6     2.5000000000000001E-002     273.20910758956819     
                    7     2.9999999999999999E-002     273.59509701232821     
                    8     3.5000000000000003E-002     273.95772003929477     
                    9     4.0000000000000001E-002     274.29930737507328     
                   10     4.4999999999999998E-002     274.62133414275684     
                   11     5.0000000000000003E-002     274.92478116961928     
                   12     5.5000000000000000E-002     275.21034214426481     
                   13     5.9999999999999998E-002     275.47854986805532     
                   14     6.5000000000000002E-002     275.72985545108202     
                   15     7.0000000000000007E-002     275.96467843278327     
                   16     7.4999999999999997E-002     276.18343818149862     
                   17     8.0000000000000002E-002     276.38657287575296     
                   18     8.5000000000000006E-002     276.57455006689952     
                   19     8.9999999999999997E-002     276.74787144110877     
                   20     9.5000000000000001E-002     276.90707353918668     
                   21    0.10000000000000001          277.05272564938741     
                   22    0.10500000000000000          277.18542574364102     
                   23    0.11000000000000000          277.30579510713056     
                   24    0.11500000000000000          277.41447216590240     
                   25    0.12000000000000000          277.51210591541542     
                   26    0.12500000000000000          277.59934927536420     
                   27    0.13000000000000000          277.67685263198189     
                   28    0.13500000000000001          277.74525777308577     
                   29    0.14000000000000001          277.80519237110559     
                   30    0.14499999999999999          277.85726512453766     
                   31    0.14999999999999999          277.90206162858391     
                   32    0.15500000000000000          277.94014101119012     
                   33    0.16000000000000000          277.97203334127096     
                   34    0.16500000000000001          277.99823779145851     
                   35    0.17000000000000001          278.01922151799351     
                   36    0.17500000000000002          278.03541920506865     
                   37    0.17999999999999999          278.04723320965059     
                   38    0.18500000000000000          278.05503423514256     
                   39    0.19000000000000000          278.05916245776814     
                   40    0.19500000000000001          278.05992902781895     
                   41    0.20000000000000001          278.05761786845949     
                   42    0.20500000000000002          278.05248769716638     
                   43    0.20999999999999999          278.04477419867476     
                   44    0.21500000000000000          278.03469247712496     
                   45    0.22000000000000000          278.02243901940375     
                   46    0.22500000000000001          278.00819402381154     
                   47    0.23000000000000001          277.99212364434197     
                   48    0.23500000000000001          277.97438208812559     
                   49    0.23999999999999999          277.95511357366212     
                   50    0.24500000000000000          277.93445412611999     
                   51    0.25000000000000000          277.91253319274989     
                   52    0.25500000000000000          277.88947506777680     
                   53    0.26000000000000001          277.86540012202931     
                   54    0.26500000000000001          277.84042583801011     
                   55    0.27000000000000002          277.81466765609611     
                   56    0.27500000000000002          277.78823964206759     
                   57    0.28000000000000003          277.76125499018167     
                   58    0.28500000000000003          277.73382637951926     
                   59    0.28999999999999998          277.70606620431329     
                   60    0.29499999999999998          277.67808670142205     
                   61    0.29999999999999999          277.64999999999998     
