                    1     2.5000000000000001E-003    -8.7490948833952406E-016
                    2     7.4999999999999997E-003    -2.2068011402676973E-015
                    3     1.2500000000000001E-002    -2.7257469553904865E-015
                    4     1.7500000000000002E-002    -3.2602866366882540E-015
                    5     2.2499999999999999E-002    -3.8713054521508729E-015
                    6     2.7500000000000000E-002    -4.5990905259064748E-015
                    7     3.2500000000000001E-002    -5.4829519735529831E-015
                    8     3.7500000000000006E-002    -6.5658766453567631E-015
                    9     4.2499999999999996E-002    -7.9063687467537018E-015
                   10     4.7500000000000001E-002    -9.6006949797509196E-015
                   11     5.2500000000000005E-002    -1.1724173181029431E-014
                   12     5.7499999999999996E-002    -1.4407229280519909E-014
                   13     6.2500000000000000E-002    -1.7821505905197612E-014
                   14     6.7500000000000004E-002    -2.2220685063163852E-014
                   15     7.2500000000000009E-002    -2.7863376546555512E-014
                   16     7.7499999999999999E-002    -3.5196299555361310E-014
                   17     8.2500000000000004E-002    -4.4848575181091468E-014
                   18     8.7499999999999994E-002    -5.7575824232179334E-014
                   19     9.2499999999999999E-002    -7.4670269571410773E-014
                   20     9.7500000000000003E-002    -9.7795043468895451E-014
                   21    0.10250000000000001         -1.2932497143094999E-013
                   22    0.10750000000000000         -1.7316099551762036E-013
                   23    0.11250000000000000         -2.3508253150947646E-013
                   24    0.11749999999999999         -3.2438215737052429E-013
                   25    0.12250000000000000         -4.5626517334151890E-013
                   26    0.12750000000000000         -6.5525000987529489E-013
                   27    0.13250000000000001         -9.6450055700387526E-013
                   28    0.13750000000000001         -1.4627294788314068E-012
                   29    0.14250000000000002         -2.2966245501830943E-012
                   30    0.14749999999999999         -3.7558297570567053E-012
                   31    0.15250000000000000         -6.4561816961928033E-012
                   32    0.15750000000000000         -1.1798230718103607E-011
                   33    0.16250000000000001         -2.3254246506423771E-011
                   34    0.16750000000000001         -5.0445460068496643E-011
                   35    0.17250000000000001         -1.2370187655882967E-010
                   36    0.17749999999999999         -3.5802885866924775E-010
                   37    0.18250000000000000         -1.3460725381358023E-009
                   38    0.18750000000000000         -7.4978548085770180E-009
                   39    0.19250000000000000         -3.7565837999465669E-008
                   40    0.19750000000000001         -5.3165456155824436E-008
                   41    0.20250000000000001         -2.1854552429064578E-008
                   42    0.20750000000000002         -7.4092588117002499E-009
                   43    0.21249999999999999         -7.0349324154629328E-009
                   44    0.21750000000000000         -6.6877586996801053E-009
                   45    0.22250000000000000         -6.3525249893028919E-009
                   46    0.22750000000000001         -6.0164363615477822E-009
                   47    0.23250000000000001         -5.6722453018655023E-009
                   48    0.23749999999999999         -5.3167783400400194E-009
                   49    0.24249999999999999         -4.9491055629243537E-009
                   50    0.24750000000000000         -4.5693437681323084E-009
                   51    0.25250000000000000         -4.1780281126466834E-009
                   52    0.25750000000000001         -3.7758213784205994E-009
                   53    0.26250000000000001         -3.3633925489661937E-009
                   54    0.26750000000000002         -2.9413724443593066E-009
                   55    0.27250000000000002         -2.5103422030962906E-009
                   56    0.27750000000000002         -2.0708350987144988E-009
                   57    0.28250000000000003         -1.6233436199598157E-009
                   58    0.28749999999999998         -1.1683287571729466E-009
                   59    0.29249999999999998         -7.0623060070899184E-010
                   60    0.29749999999999999         -2.3748022661648071E-010
