                    1     0.0000000000000000         -4.6477612010328162     
                    2     5.0000000000000001E-003    -11.128798489710352     
                    3     1.0000000000000000E-002    -11.971897990742871     
                    4     1.4999999999999999E-002    -12.703337994444901     
                    5     2.0000000000000000E-002    -19.323134163639963     
                    6     2.5000000000000001E-002    -21.328088882961897     
                    7     2.9999999999999999E-002    -20.105581070710585     
                    8     3.5000000000000003E-002    -19.319869110615411     
                    9     4.0000000000000001E-002    -18.764937856731308     
                   10     4.4999999999999998E-002    -18.354642884658585     
                   11     5.0000000000000003E-002    -18.042733563825113     
                   12     5.5000000000000000E-002    -17.801097479389362     
                   13     5.9999999999999998E-002    -17.611380386815185     
                   14     6.5000000000000002E-002    -17.460991241658032     
                   15     7.0000000000000007E-002    -17.340951317079401     
                   16     7.4999999999999997E-002    -17.244652124690518     
                   17     8.0000000000000002E-002    -17.167104162819143     
                   18     8.5000000000000006E-002    -17.104464939375784     
                   19     8.9999999999999997E-002    -17.053731442705796     
                   20     9.5000000000000001E-002    -17.012532290975091     
                   21    0.10000000000000001         -16.978982089171343     
                   22    0.10500000000000000         -16.951575830043964     
                   23    0.11000000000000000         -16.929109928111938     
                   24    0.11500000000000000         -16.910621577546308     
                   25    0.12000000000000000         -16.895341159796885     
                   26    0.12500000000000000         -16.882654269280373     
                   27    0.13000000000000000         -16.872071063693230     
                   28    0.13500000000000001         -16.863201358295747     
                   29    0.14000000000000001         -16.855734334522527     
                   30    0.14499999999999999         -16.849422021685172     
                   31    0.14999999999999999         -16.844065898066194     
                   32    0.15500000000000000         -16.839506083381199     
                   33    0.16000000000000000         -16.835612683092254     
                   34    0.16500000000000001         -16.832278911739834     
                   35    0.17000000000000001         -16.829415676523126     
                   36    0.17500000000000002         -16.826947348981093     
                   37    0.17999999999999999         -16.824808494440500     
                   38    0.18500000000000000         -16.822941367001423     
                   39    0.19000000000000000         -16.821294012482088     
                   40    0.19500000000000001         -16.819818852808872     
                   41    0.20000000000000001         -16.818471652556930     
                   42    0.20500000000000002         -16.817210791471592     
                   43    0.20999999999999999         -16.815996785595612     
                   44    0.21500000000000000         -16.814792023822271     
                   45    0.22000000000000000         -16.813560654227871     
                   46    0.22500000000000001         -16.812268646339433     
                   47    0.23000000000000001         -16.810883981755914     
                   48    0.23500000000000001         -16.809376957899648     
                   49    0.23999999999999999         -16.807720588424349     
                   50    0.24500000000000000         -16.805891080202297     
                   51    0.25000000000000000         -16.803868364159808     
                   52    0.25500000000000000         -16.801636654474184     
                   53    0.26000000000000001         -16.799185008506644     
                   54    0.26500000000000001         -16.796507858976344     
                   55    0.27000000000000002         -16.793605490845767     
                   56    0.27500000000000002         -16.790484438621505     
                   57    0.28000000000000003         -16.787157785539009     
                   58    0.28500000000000003         -16.783645354454112     
                   59    0.28999999999999998         -16.779973791042771     
                   60    0.29499999999999998         -16.776176552722205     
                   61    0.29999999999999999         -16.772293830955149     
