                    1     2.5000000000000001E-003     2.1882444023747123E-002
                    2     7.4999999999999997E-003     2.1919104559209011E-002
                    3     1.2500000000000001E-002     2.1982601852233573E-002
                    4     1.7500000000000002E-002     2.2053849794133482E-002
                    5     2.2499999999999999E-002     2.2131381292489573E-002
                    6     2.7500000000000000E-002     2.2214981063493459E-002
                    7     3.2500000000000001E-002     2.2305002334426859E-002
                    8     3.7500000000000006E-002     2.2402126731327691E-002
                    9     4.2499999999999996E-002     2.2507197897829880E-002
                   10     4.7500000000000001E-002     2.2621123477428447E-002
                   11     5.2500000000000005E-002     2.2744933203226313E-002
                   12     5.7499999999999996E-002     2.2879803044864085E-002
                   13     6.2500000000000000E-002     2.3026986836512393E-002
                   14     6.7500000000000004E-002     2.3187864319062619E-002
                   15     7.2500000000000009E-002     2.3363809489934356E-002
                   16     7.7499999999999999E-002     2.3556400324449604E-002
                   17     8.2500000000000004E-002     2.3767445462663288E-002
                   18     8.7499999999999994E-002     2.3999029012948130E-002
                   19     9.2499999999999999E-002     2.4253684585196340E-002
                   20     9.7500000000000003E-002     2.4534407371023768E-002
                   21    0.10250000000000001          2.4845003139632931E-002
                   22    0.10750000000000000          2.5190412363790007E-002
                   23    0.11250000000000000          2.5576992793380340E-002
                   24    0.11749999999999999          2.6013186304853959E-002
                   25    0.12250000000000000          2.6509803324266334E-002
                   26    0.12750000000000000          2.7081422674677415E-002
                   27    0.13250000000000001          2.7748063834814304E-002
                   28    0.13750000000000001          2.8536649096743208E-002
                   29    0.14250000000000002          2.9485341582324298E-002
                   30    0.14749999999999999          3.0648835306605775E-002
                   31    0.15250000000000000          3.2109466753503652E-002
                   32    0.15750000000000000          3.3994238404344554E-002
                   33    0.16250000000000001          3.6510276250420852E-002
                   34    0.16750000000000001          4.0015665561509803E-002
                   35    0.17250000000000001          4.5170596275349612E-002
                   36    0.17749999999999999          5.3292869845368560E-002
                   37    0.18250000000000000          6.6649586893574489E-002
                   38    0.18750000000000000          8.4273248918153659E-002
                   39    0.19250000000000000          9.7166588871224827E-002
                   40    0.19750000000000001         0.10047682426621156     
                   41    0.20250000000000001         0.10181754970089657     
                   42    0.20750000000000002         0.10302261193516460     
                   43    0.21249999999999999         0.10435832412777472     
                   44    0.21750000000000000         0.10553986477501645     
                   45    0.22250000000000000         0.10658125097135934     
                   46    0.22750000000000001         0.10749429975275615     
                   47    0.23250000000000001         0.10828906733401998     
                   48    0.23749999999999999         0.10897415809147880     
                   49    0.24249999999999999         0.10955695064061959     
                   50    0.24750000000000000         0.11004377059798251     
                   51    0.25250000000000000         0.11044002822249595     
                   52    0.25750000000000001         0.11075033182190089     
                   53    0.26250000000000001         0.11097858320671275     
                   54    0.26750000000000002         0.11112805869681169     
                   55    0.27250000000000002         0.11120147762258997     
                   56    0.27750000000000002         0.11120105946534067     
                   57    0.28250000000000003         0.11112857042290060     
                   58    0.28749999999999998         0.11098536003952635     
                   59    0.29249999999999998         0.11077238845939097     
                   60    0.29749999999999999         0.11049024476998549     
