                    1     2.5000000000000001E-003    -3.1139429603999846E-015
                    2     7.4999999999999997E-003    -8.5254385060676911E-015
                    3     1.2500000000000001E-002    -1.2040177134990996E-014
                    4     1.7500000000000002E-002    -1.6740056372692752E-014
                    5     2.2499999999999999E-002    -2.3487473743288676E-014
                    6     2.7500000000000000E-002    -3.3557718872482981E-014
                    7     3.2500000000000001E-002    -4.9176705835390129E-014
                    8     3.7500000000000006E-002    -7.4235521450707448E-014
                    9     4.2499999999999996E-002    -1.1607407802968926E-013
                   10     4.7500000000000001E-002    -1.8889737887322852E-013
                   11     5.2500000000000005E-002    -3.2297519951221265E-013
                   12     5.7499999999999996E-002    -5.8555839535619256E-013
                   13     6.2500000000000000E-002    -1.1428073618020396E-012
                   14     6.7500000000000004E-002    -2.4481804190203194E-012
                   15     7.2500000000000009E-002    -5.9395554035612132E-012
                   16     7.7499999999999999E-002    -1.7183800944598915E-011
                   17     8.2500000000000004E-002    -6.4984393782693922E-011
                   18     8.7499999999999994E-002    -3.8616425867483168E-010
                   19     9.2499999999999999E-002    -5.1144750060441884E-009
                   20     9.7500000000000003E-002    -5.5147722922230742E-008
                   21    0.10250000000000001         -1.1705321753886800E-007
                   22    0.10750000000000000         -1.3336322880175822E-007
                   23    0.11250000000000000         -1.3444404324868589E-007
                   24    0.11749999999999999         -1.1790610157041670E-007
                   25    0.12250000000000000         -1.1177982075167790E-007
                   26    0.12750000000000000         -1.0650085182482342E-007
                   27    0.13250000000000001         -1.0166314607940765E-007
                   28    0.13750000000000001         -9.7106544189660640E-008
                   29    0.14250000000000002         -9.2765279205305424E-008
                   30    0.14749999999999999         -8.8608671703817947E-008
                   31    0.15250000000000000         -8.4618417300481763E-008
                   32    0.15750000000000000         -8.0780319777581849E-008
                   33    0.16250000000000001         -7.7081596425244148E-008
                   34    0.16750000000000001         -7.3510205424977344E-008
                   35    0.17250000000000001         -7.0054808079374034E-008
                   36    0.17749999999999999         -6.6704858221238681E-008
                   37    0.18250000000000000         -6.3450660532960755E-008
                   38    0.18750000000000000         -6.0283369451526185E-008
                   39    0.19250000000000000         -5.7194941443202513E-008
                   40    0.19750000000000001         -5.4178060803028331E-008
                   41    0.20250000000000001         -5.1226055521484363E-008
                   42    0.20750000000000002         -4.8332814017371931E-008
                   43    0.21249999999999999         -4.5492708646268075E-008
                   44    0.21750000000000000         -4.2700528506471123E-008
                   45    0.22250000000000000         -3.9951422008242458E-008
                   46    0.22750000000000001         -3.7240848572061694E-008
                   47    0.23250000000000001         -3.4564538335969594E-008
                   48    0.23749999999999999         -3.1918458621646402E-008
                   49    0.24249999999999999         -2.9298785963435131E-008
                   50    0.24750000000000000         -2.6701882641582964E-008
                   51    0.25250000000000000         -2.4124276821259548E-008
                   52    0.25750000000000001         -2.1562645553264241E-008
                   53    0.26250000000000001         -1.9013800028157281E-008
                   54    0.26750000000000002         -1.6474672588163163E-008
                   55    0.27250000000000002         -1.3942305093594437E-008
                   56    0.27750000000000002         -1.1413838311929776E-008
                   57    0.28250000000000003         -8.8865020550654387E-009
                   58    0.28749999999999998         -6.3576058331675833E-009
                   59    0.29249999999999998         -3.8245298277356002E-009
                   60    0.29749999999999999         -1.2847160106974525E-009
