                    1     2.5000000000000001E-003    0.35956838302016730     
                    2     7.4999999999999997E-003    0.27791085690684436     
                    3     1.2500000000000001E-002    0.26354165693714027     
                    4     1.7500000000000002E-002    0.21151165532339833     
                    5     2.2499999999999999E-002    0.16630501930589270     
                    6     2.7500000000000000E-002    0.16310722595205984     
                    7     3.2500000000000001E-002    0.17131548116536505     
                    8     3.7500000000000006E-002    0.17723916944424795     
                    9     4.2499999999999996E-002    0.18174201123654318     
                   10     4.7500000000000001E-002    0.18524899640877390     
                   11     5.2500000000000005E-002    0.18802031024961802     
                   12     5.7499999999999996E-002    0.19023164189974900     
                   13     6.2500000000000000E-002    0.19200797898568581     
                   14     6.7500000000000004E-002    0.19344143854248269     
                   15     7.2500000000000009E-002    0.19460181377863917     
                   16     7.7499999999999999E-002    0.19554316486619713     
                   17     8.2500000000000004E-002    0.19630808053307147     
                   18     8.7499999999999994E-002    0.19693052199687330     
                   19     9.2499999999999999E-002    0.19743778770619747     
                   20     9.7500000000000003E-002    0.19785192174886432     
                   21    0.10250000000000001         0.19819076068145011     
                   22    0.10750000000000000         0.19846873735732656     
                   23    0.11250000000000000         0.19869751509322517     
                   24    0.11749999999999999         0.19888649852706494     
                   25    0.12250000000000000         0.19904325125240380     
                   26    0.12750000000000000         0.19917384038478853     
                   27    0.13250000000000001         0.19928312208431453     
                   28    0.13750000000000001         0.19937497823905534     
                   29    0.14250000000000002         0.19945251211196444     
                   30    0.14749999999999999         0.19951820921759494     
                   31    0.15250000000000000         0.19957406867717503     
                   32    0.15750000000000000         0.19962170958196998     
                   33    0.16250000000000001         0.19966245633983620     
                   34    0.16750000000000001         0.19969740650852782     
                   35    0.17250000000000001         0.19972748418877828     
                   36    0.17749999999999999         0.19975348164136689     
                   37    0.18250000000000000         0.19977609140058861     
                   38    0.18750000000000000         0.19979593078481794     
                   39    0.19250000000000000         0.19981356035948056     
                   40    0.19750000000000001         0.19982949759550669     
                   41    0.20250000000000001         0.19984422669309632     
                   42    0.20750000000000002         0.19985820531108170     
                   43    0.21249999999999999         0.19987186870397444     
                   44    0.21750000000000000         0.19988563181838592     
                   45    0.22250000000000000         0.19989988956704652     
                   46    0.22750000000000001         0.19991501539734197     
                   47    0.23250000000000001         0.19993135850526617     
                   48    0.23749999999999999         0.19994923986980878     
                   49    0.24249999999999999         0.19996894730979337     
                   50    0.24750000000000000         0.19999072980005431     
                   51    0.25250000000000000         0.20001479131403516     
                   52    0.25750000000000001         0.20004128448745118     
                   53    0.26250000000000001         0.20007030441498613     
                   54    0.26750000000000002         0.20010188289231176     
                   55    0.27250000000000002         0.20013598339341931     
                   56    0.27750000000000002         0.20017249702434559     
                   57    0.28250000000000003         0.20021123961689272     
                   58    0.28749999999999998         0.20025195002023466     
                   59    0.29249999999999998         0.20029428951720984     
                   60    0.29749999999999999         0.20033784214087924     
