                    1     0.0000000000000000         -4.6360071457547765     
                    2     5.0000000000000001E-003    -11.110150257174160     
                    3     1.0000000000000000E-002    -11.928801594326167     
                    4     1.4999999999999999E-002    -12.256081166016143     
                    5     2.0000000000000000E-002    -12.404014844300441     
                    6     2.5000000000000001E-002    -12.481372723929475     
                    7     2.9999999999999999E-002    -12.530763363709040     
                    8     3.5000000000000003E-002    -12.563087186906454     
                    9     4.0000000000000001E-002    -12.583659954835140     
                   10     4.4999999999999998E-002    -12.632850493549617     
                   11     5.0000000000000003E-002    -12.663186614945202     
                   12     5.5000000000000000E-002    -12.679519107648838     
                   13     5.9999999999999998E-002    -12.678656951923450     
                   14     6.5000000000000002E-002    -12.679519133011880     
                   15     7.0000000000000007E-002    -12.641495796782053     
                   16     7.4999999999999997E-002    -12.583470806680355     
                   17     8.0000000000000002E-002    -12.522607689389281     
                   18     8.5000000000000006E-002    -12.429341454972135     
                   19     8.9999999999999997E-002    -12.336497561193923     
                   20     9.5000000000000001E-002    -12.230028542276715     
                   21    0.10000000000000001         -12.096510133814823     
                   22    0.10500000000000000         -11.962179002399822     
                   23    0.11000000000000000         -11.825714189664380     
                   24    0.11500000000000000         -11.695686965122439     
                   25    0.12000000000000000         -11.581606249882842     
                   26    0.12500000000000000         -11.467768963331988     
                   27    0.13000000000000000         -11.361228944892847     
                   28    0.13500000000000001         -11.272166313118888     
                   29    0.14000000000000001         -11.194989297768760     
                   30    0.14499999999999999         -11.117020862598880     
                   31    0.14999999999999999         -11.044229559485704     
                   32    0.15500000000000000         -10.968965196737640     
                   33    0.16000000000000000         -10.876681778211118     
                   34    0.16500000000000001         -10.750482200852383     
                   35    0.17000000000000001         -10.562067257798237     
                   36    0.17500000000000002         -10.290665116871493     
                   37    0.17999999999999999         -10.049074948970144     
                   38    0.18500000000000000         -10.955726257062251     
                   39    0.19000000000000000         -17.752859652153528     
                   40    0.19500000000000001         -28.263206417943387     
                   41    0.20000000000000001         -32.503402064081548     
                   42    0.20500000000000002         -32.979868890978722     
                   43    0.20999999999999999         -32.529875028478358     
                   44    0.21500000000000000         -32.141872931064832     
                   45    0.22000000000000000         -31.804569753322706     
                   46    0.22500000000000001         -31.510043541293406     
                   47    0.23000000000000001         -31.252680320961574     
                   48    0.23500000000000001         -31.028320773473059     
                   49    0.23999999999999999         -30.833736756595233     
                   50    0.24500000000000000         -30.666335758809627     
                   51    0.25000000000000000         -30.523992793431116     
                   52    0.25500000000000000         -30.404948735172681     
                   53    0.26000000000000001         -30.307743621984162     
                   54    0.26500000000000001         -30.231169615296569     
                   55    0.27000000000000002         -30.174236146689591     
                   56    0.27500000000000002         -30.136143403720030     
                   57    0.28000000000000003         -30.116261996968376     
                   58    0.28500000000000003         -30.114117482391762     
                   59    0.28999999999999998         -30.129378862472770     
                   60    0.29499999999999998         -30.161850459461228     
                   61    0.29999999999999999         -30.211466735172944     
