   0.0000000000000000        1.0000000000000000     
   1.0000000000000000       0.95400000000000007     
   1.9540000000000002       0.91011600000000015     
   2.8641160000000001       0.96472296000000024     
   3.8288389600000006        1.0226063376000003     
   4.8514452976000007        1.0839627178560003     
   5.9354080154560007        1.1490004809273604     
   7.0844084963833609        1.2179405097830021     
   8.3023490061663630        1.2910169403699823     
   9.5933659465363448        1.3684779567921812     
   10.961843903328527        1.4505866341997122     
   12.412430537528239        1.5376218322516950     
   13.950052369779934        1.6298791421867969     
   15.579931511966731        1.7276718907180049     
   17.307603402684734        1.8313322041610853     
   19.138935606845820        1.9412121364107506     
   21.080147743256571        2.0576848645953958     
   23.137832607851966        2.1811459564711195     
   25.318978564323086        2.3120147138593867     
   27.630993278182473        2.4507355966909499     
   30.081728874873424        2.5977797324924068     
   32.679508607365833        2.7536465164419512     
   35.433155123807786        2.9188653074284683     
   38.352020431236255        3.0939972258741766     
   41.446017657110431        3.2796370594266273     
   44.725654716537058        3.4764152829922250     
   48.202069999529286        3.6850001999717588     
   51.887070199501046        3.9061002119700645     
   55.793170411471110        4.1404662246882689     
   59.933636636159378        3.5111153585356520     
   63.444751994695032        3.7217822800477913     
   67.166534274742830        3.7217822800477913     
   70.888316554790620        3.9450892168506591     
   74.833405771641281        4.1817945698616992     
   79.015200341502975        4.4327022440534014     
   83.447902585556378        4.6986643786966056     
   88.146566964252983        4.9805842414184021     
   93.127151205671382        5.2794192959035060     
   98.406570501574890        5.5961844536577168     
   104.00275495523260        5.9319555208771799     
   109.93471047610979        6.2878728521298113     
   116.22258332823959        6.6651452232576007     
   122.88772855149719        6.6651452232576007     
   129.55287377475480        7.0650539366530571     
   136.61792771140784        7.4889571728522411     
   144.10688488426010        7.9382946032233761     
   152.04517948748347        8.4145922794167785     
   160.45977176690025        8.9194678161817862     
   169.37923958308204        9.4546358851526939     
   178.83387546823474        10.021914038261857     
   188.85578950649659        10.021914038261857     
   198.87770354475845        10.623228880557569     
   209.50093242531602        10.623228880557569     
   220.12416130587360        10.623228880557569     
   230.74739018643118        11.260622613391025     
   242.00801279982221        11.936259970194486     
   253.94427277001671        12.652435568406156     
   266.59670833842284        13.411581702510526     
   280.00829004093339        14.216276604661159     
   294.22456664559456        14.216276604661159     
   308.44084325025574        15.069253200940830     
   323.51009645119655        15.973408392997280     
   339.48350484419382        16.931812896577117     
   356.41531774077094        17.947721670371745     
   374.36303941114267        19.024584970594052     
   393.38762438173671        19.024584970594052     
   412.41220935233076        19.024584970594052     
   431.43679432292481        19.024584970594052     
   450.46137929351886        20.166060068829697     
   470.62743936234858        21.376023672959480     
   492.00346303530807        21.376023672959480     
   513.37948670826756        21.376023672959480     
   534.75551038122705        22.658585093337049     
   557.41409547456408        24.018100198937272     
   581.43219567350138        25.459186210873511     
   606.89138188437494        26.986737383525924     
   633.87811926790084        28.605941626537479     
   662.48406089443836        28.605941626537479     
   691.09000252097587        28.605941626537479     
   719.69594414751339        30.322298124129730     
   750.01824227164309        32.141636011577518     
   782.15987828322056        34.070134172272169     
   816.23001245549278        36.114342222608499     
   852.34435467810124        36.114342222608499     
   888.45869690070970        30.624962204772011     
   919.08365910548173        32.462459937058334     
   951.54611904254011        32.462459937058334     
   984.00857897959850        34.410207533281834     
   1018.4187865128804        36.474819985278749     
   1054.8936064981592        38.663309184395473     
   1093.5569156825547        40.983107735459207     
   1134.5400234180140        43.442094199586762     
   1177.9821176176008        43.442094199586762     
   1221.4242118171876        46.048619851561973     
   1267.4728316687497        46.048619851561973     
   1313.5214515203118        48.811537042655694     
   1362.3329885629676        51.740229265215035     
   1414.0732178281826        51.740229265215035     
   1465.8134470933976        51.740229265215035     
   1517.5536763586126        54.844643021127943     
   1572.3983193797405        54.844643021127943     
   1627.2429624008685        54.844643021127943     
   1682.0876054219964        46.508257281916499     
   1728.5958627039129        49.298752718831494     
   1777.8946154227444        49.298752718831494     
   1827.1933681415760        52.256677881961387     
   1879.4500460235374        55.392078554879070     
   1934.8421245784166        58.715603268171819     
   1993.5577278465885        62.238539464262132     
   2055.7962673108505        62.238539464262132     
   2118.0348067751124        65.972851832117868     
   2184.0076586072305        69.931222942044940     
   2253.9388815492753        74.127096318567638     
   2328.0659778678428        78.574722097681700     
   2406.6406999655246        78.574722097681700     
   2485.2154220632065        83.289205423542612     
   2568.5046274867491        83.289205423542612     
   2651.7938329102917        83.289205423542612     
   2735.0830383338343        88.286557748955175     
   2823.3695960827895        88.286557748955175     
   2911.6561538317446        88.286557748955175     
   2999.9427115806998        88.286557748955175     
   3088.2292693296549        88.286557748955175     
   3176.5158270786101        93.583751213892484     
   3270.0995782925024        99.198776286726044     
   3369.2983545792285        99.198776286726044     
   3468.4971308659547        99.198776286726044     
   3567.6959071526808        99.198776286726044     
   3666.8946834394069        105.15070286392961     
   3772.0453863033363        105.15070286392961     
   3877.1960891672661        111.45974503576539     
   3988.6558342030316        111.45974503576539     
   4100.1155792387972        118.14732973791132     
   4218.2629089767088        118.14732973791132     
   4336.4102387146204        118.14732973791132     
   4454.5575684525320        118.14732973791132     
   4572.7048981904436        125.23616952218600     
   4697.9410677126298        125.23616952218600     
   4823.1772372348159        125.23616952218600     
   4948.4134067570021        132.75033969351716     
   5081.1637464505193        132.75033969351716     
   5213.9140861440364        132.75033969351716     
   5346.6644258375536        132.75033969351716     
   5479.4147655310708        132.75033969351716     
   5612.1651052245879        132.75033969351716     
   5744.9154449181051        132.75033969351716     
   5877.6657846116223        132.75033969351716     
   6010.4161243051394        132.75033969351716     
   6143.1664639986566        132.75033969351716     
   6275.9168036921737        132.75033969351716     
   6408.6671433856909        132.75033969351716     
   6541.4174830792081        132.75033969351716     
   6674.1678227727252        140.71536007512819     
   6814.8831828478533        149.15828167963588     
   6964.0414645274896        149.15828167963588     
   7113.1997462071258        149.15828167963588     
   7262.3580278867621        149.15828167963588     
   7411.5163095663984        149.15828167963588     
   7560.6745912460347        158.10777858041405     
   7718.7823698264483        167.59424529523889     
   7886.3766151216869        167.59424529523889     
   8053.9708604169255        167.59424529523889     
   8221.5651057121650        167.59424529523889     
   8389.1593510074035        177.64990001295322     
   8566.8092510203569        177.64990001295322     
   8744.4591510333103        177.64990001295322     
   8922.1090510462636        177.64990001295322     
   9099.7589510592170        177.64990001295322     
   9277.4088510721704        188.30889401373042     
   9465.7177450859017        199.60742765455427     
   9665.3251727404568        199.60742765455427     
   9864.9326003950118        199.60742765455427     
   10064.540028049567        199.60742765455427     
   10264.147455704122        199.60742765455427     
   10463.754883358677        200.00000000000000     
   10663.754883358677        200.00000000000000     
   10863.754883358677        200.00000000000000     
   11063.754883358677        200.00000000000000     
   11263.754883358677        200.00000000000000     
   11463.754883358677        200.00000000000000     
   11663.754883358677        200.00000000000000     
   11863.754883358677        200.00000000000000     
   12063.754883358677        200.00000000000000     
   12263.754883358677        200.00000000000000     
   12463.754883358677        200.00000000000000     
   12663.754883358677        200.00000000000000     
   12863.754883358677        200.00000000000000     
   13063.754883358677        200.00000000000000     
   13263.754883358677        200.00000000000000     
   13463.754883358677        200.00000000000000     
   13663.754883358677        200.00000000000000     
   13863.754883358677        200.00000000000000     
   14063.754883358677        200.00000000000000     
   14263.754883358677        200.00000000000000     
   14463.754883358677        200.00000000000000     
   14663.754883358677        200.00000000000000     
   14863.754883358677        200.00000000000000     
   15063.754883358677        200.00000000000000     
   15263.754883358677        200.00000000000000     
   15463.754883358677        200.00000000000000     
   15663.754883358677        200.00000000000000     
   15863.754883358677        200.00000000000000     
   16063.754883358677        200.00000000000000     
   16263.754883358677        200.00000000000000     
   16463.754883358677        200.00000000000000     
   16663.754883358677        200.00000000000000     
   16863.754883358677        200.00000000000000     
   17063.754883358677        200.00000000000000     
   17263.754883358677        200.00000000000000     
   17463.754883358677        200.00000000000000     
   17663.754883358677        200.00000000000000     
   17863.754883358677        200.00000000000000     
   18063.754883358677        200.00000000000000     
   18263.754883358677        200.00000000000000     
   18463.754883358677        200.00000000000000     
   18663.754883358677        200.00000000000000     
   18863.754883358677        200.00000000000000     
   19063.754883358677        200.00000000000000     
   19263.754883358677        200.00000000000000     
   19463.754883358677        200.00000000000000     
   19663.754883358677        200.00000000000000     
   19863.754883358677        200.00000000000000     
   20063.754883358677        200.00000000000000     
   20263.754883358677        200.00000000000000     
   20463.754883358677        200.00000000000000     
   20663.754883358677        200.00000000000000     
   20863.754883358677        200.00000000000000     
   21063.754883358677        200.00000000000000     
   21263.754883358677        200.00000000000000     
   21463.754883358677        200.00000000000000     
   21663.754883358677        200.00000000000000     
   21863.754883358677        200.00000000000000     
   22063.754883358677        200.00000000000000     
   22263.754883358677        200.00000000000000     
   22463.754883358677        200.00000000000000     
   22663.754883358677        200.00000000000000     
   22863.754883358677        200.00000000000000     
   23063.754883358677        200.00000000000000     
   23263.754883358677        200.00000000000000     
   23463.754883358677        200.00000000000000     
   23663.754883358677        200.00000000000000     
   23863.754883358677        200.00000000000000     
   24063.754883358677        200.00000000000000     
   24263.754883358677        200.00000000000000     
   24463.754883358677        200.00000000000000     
   24663.754883358677        200.00000000000000     
   24863.754883358677        200.00000000000000     
   25063.754883358677        200.00000000000000     
   25263.754883358677        200.00000000000000     
   25463.754883358677        200.00000000000000     
   25663.754883358677        200.00000000000000     
   25863.754883358677        200.00000000000000     
   26063.754883358677        200.00000000000000     
   26263.754883358677        200.00000000000000     
   26463.754883358677        200.00000000000000     
   26663.754883358677        200.00000000000000     
   26863.754883358677        200.00000000000000     
   27063.754883358677        200.00000000000000     
   27263.754883358677        200.00000000000000     
   27463.754883358677        200.00000000000000     
   27663.754883358677        200.00000000000000     
   27863.754883358677        200.00000000000000     
   28063.754883358677        200.00000000000000     
   28263.754883358677        200.00000000000000     
   28463.754883358677        200.00000000000000     
   28663.754883358677        200.00000000000000     
   28863.754883358677        200.00000000000000     
   29063.754883358677        200.00000000000000     
   29263.754883358677        200.00000000000000     
   29463.754883358677        200.00000000000000     
   29663.754883358677        200.00000000000000     
   29863.754883358677        200.00000000000000     
   30063.754883358677        200.00000000000000     
   30263.754883358677        200.00000000000000     
   30463.754883358677        200.00000000000000     
   30663.754883358677        200.00000000000000     
   30863.754883358677        200.00000000000000     
   31063.754883358677        200.00000000000000     
   31263.754883358677        200.00000000000000     
   31463.754883358677        200.00000000000000     
   31663.754883358677        200.00000000000000     
   31863.754883358677        200.00000000000000     
   32063.754883358677        200.00000000000000     
   32263.754883358677        200.00000000000000     
   32463.754883358677        200.00000000000000     
   32663.754883358677        200.00000000000000     
   32863.754883358677        200.00000000000000     
   33063.754883358677        200.00000000000000     
   33263.754883358677        200.00000000000000     
   33463.754883358677        200.00000000000000     
   33663.754883358677        200.00000000000000     
   33863.754883358677        200.00000000000000     
   34063.754883358677        200.00000000000000     
   34263.754883358677        200.00000000000000     
   34463.754883358677        200.00000000000000     
   34663.754883358677        200.00000000000000     
   34863.754883358677        200.00000000000000     
   35063.754883358677        200.00000000000000     
   35263.754883358677        200.00000000000000     
   35463.754883358677        200.00000000000000     
   35663.754883358677        200.00000000000000     
   35863.754883358677        200.00000000000000     
   36063.754883358677        200.00000000000000     
   36263.754883358677        200.00000000000000     
   36463.754883358677        200.00000000000000     
   36663.754883358677        200.00000000000000     
   36863.754883358677        200.00000000000000     
   37063.754883358677        200.00000000000000     
   37263.754883358677        200.00000000000000     
   37463.754883358677        200.00000000000000     
   37663.754883358677        200.00000000000000     
   37863.754883358677        200.00000000000000     
   38063.754883358677        200.00000000000000     
   38263.754883358677        200.00000000000000     
   38463.754883358677        200.00000000000000     
   38663.754883358677        200.00000000000000     
   38863.754883358677        200.00000000000000     
   39063.754883358677        200.00000000000000     
   39263.754883358677        200.00000000000000     
   39463.754883358677        200.00000000000000     
   39663.754883358677        200.00000000000000     
   39863.754883358677        200.00000000000000     
   40063.754883358677        200.00000000000000     
   40263.754883358677        200.00000000000000     
   40463.754883358677        200.00000000000000     
   40663.754883358677        200.00000000000000     
   40863.754883358677        200.00000000000000     
   41063.754883358677        200.00000000000000     
   41263.754883358677        200.00000000000000     
   41463.754883358677        200.00000000000000     
   41663.754883358677        200.00000000000000     
   41863.754883358677        200.00000000000000     
   42063.754883358677        200.00000000000000     
   42263.754883358677        200.00000000000000     
   42463.754883358677        200.00000000000000     
   42663.754883358677        200.00000000000000     
   42863.754883358677        200.00000000000000     
   43063.754883358677        200.00000000000000     
   43263.754883358677        200.00000000000000     
   43463.754883358677        200.00000000000000     
   43663.754883358677        200.00000000000000     
   43863.754883358677        200.00000000000000     
   44063.754883358677        200.00000000000000     
   44263.754883358677        200.00000000000000     
   44463.754883358677        200.00000000000000     
   44663.754883358677        200.00000000000000     
   44863.754883358677        200.00000000000000     
   45063.754883358677        200.00000000000000     
   45263.754883358677        200.00000000000000     
   45463.754883358677        200.00000000000000     
   45663.754883358677        200.00000000000000     
   45863.754883358677        200.00000000000000     
   46063.754883358677        200.00000000000000     
   46263.754883358677        200.00000000000000     
   46463.754883358677        200.00000000000000     
   46663.754883358677        200.00000000000000     
   46863.754883358677        200.00000000000000     
   47063.754883358677        200.00000000000000     
   47263.754883358677        200.00000000000000     
   47463.754883358677        200.00000000000000     
   47663.754883358677        200.00000000000000     
   47863.754883358677        200.00000000000000     
   48063.754883358677        200.00000000000000     
   48263.754883358677        200.00000000000000     
   48463.754883358677        200.00000000000000     
   48663.754883358677        200.00000000000000     
   48863.754883358677        200.00000000000000     
   49063.754883358677        200.00000000000000     
   49263.754883358677        200.00000000000000     
   49463.754883358677        200.00000000000000     
   49663.754883358677        200.00000000000000     
   49863.754883358677        200.00000000000000     
   50063.754883358677        200.00000000000000     
   50263.754883358677        200.00000000000000     
   50463.754883358677        200.00000000000000     
   50663.754883358677        200.00000000000000     
   50863.754883358677        200.00000000000000     
   51063.754883358677        200.00000000000000     
   51263.754883358677        200.00000000000000     
   51463.754883358677        200.00000000000000     
   51663.754883358677        200.00000000000000     
   51863.754883358677        200.00000000000000     
   52063.754883358677        200.00000000000000     
   52263.754883358677        200.00000000000000     
   52463.754883358677        200.00000000000000     
   52663.754883358677        200.00000000000000     
   52863.754883358677        200.00000000000000     
   53063.754883358677        200.00000000000000     
   53263.754883358677        200.00000000000000     
   53463.754883358677        200.00000000000000     
   53663.754883358677        200.00000000000000     
   53863.754883358677        200.00000000000000     
   54063.754883358677        200.00000000000000     
   54263.754883358677        200.00000000000000     
   54463.754883358677        200.00000000000000     
   54663.754883358677        200.00000000000000     
   54863.754883358677        200.00000000000000     
   55063.754883358677        200.00000000000000     
   55263.754883358677        200.00000000000000     
   55463.754883358677        200.00000000000000     
   55663.754883358677        200.00000000000000     
   55863.754883358677        200.00000000000000     
   56063.754883358677        200.00000000000000     
   56263.754883358677        200.00000000000000     
   56463.754883358677        200.00000000000000     
   56663.754883358677        200.00000000000000     
   56863.754883358677        200.00000000000000     
   57063.754883358677        200.00000000000000     
   57263.754883358677        200.00000000000000     
   57463.754883358677        200.00000000000000     
   57663.754883358677        200.00000000000000     
   57863.754883358677        200.00000000000000     
   58063.754883358677        200.00000000000000     
   58263.754883358677        200.00000000000000     
   58463.754883358677        200.00000000000000     
   58663.754883358677        200.00000000000000     
   58863.754883358677        200.00000000000000     
   59063.754883358677        200.00000000000000     
   59263.754883358677        200.00000000000000     
   59463.754883358677        200.00000000000000     
   59663.754883358677        200.00000000000000     
   59863.754883358677        200.00000000000000     
   60063.754883358677        200.00000000000000     
   60263.754883358677        200.00000000000000     
   60463.754883358677        200.00000000000000     
   60663.754883358677        200.00000000000000     
   60863.754883358677        200.00000000000000     
   61063.754883358677        200.00000000000000     
   61263.754883358677        200.00000000000000     
   61463.754883358677        200.00000000000000     
   61663.754883358677        200.00000000000000     
   61863.754883358677        200.00000000000000     
   62063.754883358677        200.00000000000000     
   62263.754883358677        200.00000000000000     
   62463.754883358677        200.00000000000000     
   62663.754883358677        200.00000000000000     
   62863.754883358677        200.00000000000000     
   63063.754883358677        200.00000000000000     
   63263.754883358677        200.00000000000000     
   63463.754883358677        200.00000000000000     
   63663.754883358677        200.00000000000000     
   63863.754883358677        200.00000000000000     
   64063.754883358677        200.00000000000000     
   64263.754883358677        200.00000000000000     
   64463.754883358677        200.00000000000000     
   64663.754883358677        200.00000000000000     
   64863.754883358677        200.00000000000000     
   65063.754883358677        200.00000000000000     
   65263.754883358677        200.00000000000000     
   65463.754883358677        200.00000000000000     
   65663.754883358677        200.00000000000000     
   65863.754883358677        200.00000000000000     
   66063.754883358677        200.00000000000000     
   66263.754883358677        200.00000000000000     
   66463.754883358677        200.00000000000000     
   66663.754883358677        200.00000000000000     
   66863.754883358677        200.00000000000000     
   67063.754883358677        200.00000000000000     
   67263.754883358677        200.00000000000000     
   67463.754883358677        200.00000000000000     
   67663.754883358677        200.00000000000000     
   67863.754883358677        200.00000000000000     
   68063.754883358677        200.00000000000000     
   68263.754883358677        200.00000000000000     
   68463.754883358677        200.00000000000000     
   68663.754883358677        200.00000000000000     
   68863.754883358677        200.00000000000000     
   69063.754883358677        200.00000000000000     
   69263.754883358677        200.00000000000000     
   69463.754883358677        200.00000000000000     
   69663.754883358677        200.00000000000000     
   69863.754883358677        200.00000000000000     
   70063.754883358677        200.00000000000000     
   70263.754883358677        200.00000000000000     
   70463.754883358677        200.00000000000000     
   70663.754883358677        200.00000000000000     
   70863.754883358677        200.00000000000000     
   71063.754883358677        200.00000000000000     
   71263.754883358677        200.00000000000000     
   71463.754883358677        200.00000000000000     
   71663.754883358677        200.00000000000000     
   71863.754883358677        200.00000000000000     
   72063.754883358677        200.00000000000000     
   72263.754883358677        200.00000000000000     
   72463.754883358677        200.00000000000000     
   72663.754883358677        200.00000000000000     
   72863.754883358677        200.00000000000000     
   73063.754883358677        200.00000000000000     
   73263.754883358677        200.00000000000000     
   73463.754883358677        200.00000000000000     
   73663.754883358677        200.00000000000000     
   73863.754883358677        200.00000000000000     
   74063.754883358677        200.00000000000000     
   74263.754883358677        200.00000000000000     
   74463.754883358677        200.00000000000000     
   74663.754883358677        200.00000000000000     
   74863.754883358677        200.00000000000000     
   75063.754883358677        200.00000000000000     
   75263.754883358677        200.00000000000000     
   75463.754883358677        200.00000000000000     
   75663.754883358677        200.00000000000000     
   75863.754883358677        200.00000000000000     
   76063.754883358677        200.00000000000000     
   76263.754883358677        200.00000000000000     
   76463.754883358677        200.00000000000000     
   76663.754883358677        200.00000000000000     
   76863.754883358677        200.00000000000000     
   77063.754883358677        200.00000000000000     
   77263.754883358677        200.00000000000000     
   77463.754883358677        200.00000000000000     
   77663.754883358677        200.00000000000000     
   77863.754883358677        200.00000000000000     
   78063.754883358677        200.00000000000000     
   78263.754883358677        200.00000000000000     
   78463.754883358677        200.00000000000000     
   78663.754883358677        200.00000000000000     
   78863.754883358677        200.00000000000000     
   79063.754883358677        200.00000000000000     
   79263.754883358677        200.00000000000000     
   79463.754883358677        200.00000000000000     
   79663.754883358677        200.00000000000000     
   79863.754883358677        200.00000000000000     
   80063.754883358677        200.00000000000000     
   80263.754883358677        200.00000000000000     
   80463.754883358677        200.00000000000000     
   80663.754883358677        200.00000000000000     
   80863.754883358677        200.00000000000000     
   81063.754883358677        200.00000000000000     
   81263.754883358677        200.00000000000000     
   81463.754883358677        200.00000000000000     
   81663.754883358677        200.00000000000000     
   81863.754883358677        200.00000000000000     
   82063.754883358677        200.00000000000000     
   82263.754883358677        200.00000000000000     
   82463.754883358677        200.00000000000000     
   82663.754883358677        200.00000000000000     
   82863.754883358677        200.00000000000000     
   83063.754883358677        200.00000000000000     
   83263.754883358677        200.00000000000000     
   83463.754883358677        200.00000000000000     
   83663.754883358677        200.00000000000000     
   83863.754883358677        200.00000000000000     
   84063.754883358677        200.00000000000000     
   84263.754883358677        200.00000000000000     
   84463.754883358677        200.00000000000000     
   84663.754883358677        200.00000000000000     
   84863.754883358677        200.00000000000000     
   85063.754883358677        200.00000000000000     
   85263.754883358677        200.00000000000000     
   85463.754883358677        200.00000000000000     
   85663.754883358677        200.00000000000000     
   85863.754883358677        200.00000000000000     
   86063.754883358677        200.00000000000000     
   86263.754883358677        200.00000000000000     
   86463.754883358677        200.00000000000000     
   86663.754883358677        200.00000000000000     
   86863.754883358677        200.00000000000000     
   87063.754883358677        200.00000000000000     
   87263.754883358677        200.00000000000000     
   87463.754883358677        200.00000000000000     
   87663.754883358677        200.00000000000000     
   87863.754883358677        200.00000000000000     
   88063.754883358677        200.00000000000000     
   88263.754883358677        200.00000000000000     
   88463.754883358677        200.00000000000000     
   88663.754883358677        200.00000000000000     
   88863.754883358677        200.00000000000000     
   89063.754883358677        200.00000000000000     
   89263.754883358677        200.00000000000000     
   89463.754883358677        200.00000000000000     
   89663.754883358677        200.00000000000000     
   89863.754883358677        200.00000000000000     
   90063.754883358677        200.00000000000000     
   90263.754883358677        200.00000000000000     
   90463.754883358677        200.00000000000000     
   90663.754883358677        200.00000000000000     
   90863.754883358677        200.00000000000000     
   91063.754883358677        200.00000000000000     
   91263.754883358677        200.00000000000000     
   91463.754883358677        200.00000000000000     
   91663.754883358677        200.00000000000000     
   91863.754883358677        200.00000000000000     
   92063.754883358677        200.00000000000000     
   92263.754883358677        200.00000000000000     
   92463.754883358677        200.00000000000000     
   92663.754883358677        200.00000000000000     
   92863.754883358677        200.00000000000000     
   93063.754883358677        200.00000000000000     
   93263.754883358677        200.00000000000000     
   93463.754883358677        200.00000000000000     
   93663.754883358677        200.00000000000000     
   93863.754883358677        200.00000000000000     
   94063.754883358677        200.00000000000000     
   94263.754883358677        200.00000000000000     
   94463.754883358677        200.00000000000000     
   94663.754883358677        200.00000000000000     
   94863.754883358677        200.00000000000000     
   95063.754883358677        200.00000000000000     
   95263.754883358677        200.00000000000000     
   95463.754883358677        200.00000000000000     
   95663.754883358677        200.00000000000000     
   95863.754883358677        200.00000000000000     
   96063.754883358677        200.00000000000000     
   96263.754883358677        200.00000000000000     
   96463.754883358677        200.00000000000000     
   96663.754883358677        200.00000000000000     
   96863.754883358677        200.00000000000000     
   97063.754883358677        200.00000000000000     
   97263.754883358677        200.00000000000000     
   97463.754883358677        200.00000000000000     
   97663.754883358677        200.00000000000000     
   97863.754883358677        200.00000000000000     
   98063.754883358677        200.00000000000000     
   98263.754883358677        200.00000000000000     
   98463.754883358677        200.00000000000000     
   98663.754883358677        200.00000000000000     
   98863.754883358677        200.00000000000000     
   99063.754883358677        200.00000000000000     
   99263.754883358677        200.00000000000000     
   99463.754883358677        200.00000000000000     
   99663.754883358677        200.00000000000000     
   99863.754883358677        200.00000000000000     
   100063.75488335868        200.00000000000000     
   100263.75488335868        200.00000000000000     
   100463.75488335868        200.00000000000000     
   100663.75488335868        200.00000000000000     
   100863.75488335868        200.00000000000000     
   101063.75488335868        200.00000000000000     
   101263.75488335868        200.00000000000000     
   101463.75488335868        200.00000000000000     
   101663.75488335868        200.00000000000000     
   101863.75488335868        200.00000000000000     
   102063.75488335868        200.00000000000000     
   102263.75488335868        200.00000000000000     
   102463.75488335868        200.00000000000000     
   102663.75488335868        200.00000000000000     
   102863.75488335868        200.00000000000000     
   103063.75488335868        200.00000000000000     
   103263.75488335868        200.00000000000000     
   103463.75488335868        200.00000000000000     
   103663.75488335868        200.00000000000000     
   103863.75488335868        200.00000000000000     
   104063.75488335868        200.00000000000000     
   104263.75488335868        200.00000000000000     
   104463.75488335868        200.00000000000000     
   104663.75488335868        200.00000000000000     
   104863.75488335868        200.00000000000000     
   105063.75488335868        200.00000000000000     
   105263.75488335868        200.00000000000000     
   105463.75488335868        200.00000000000000     
   105663.75488335868        200.00000000000000     
   105863.75488335868        200.00000000000000     
   106063.75488335868        200.00000000000000     
   106263.75488335868        200.00000000000000     
   106463.75488335868        200.00000000000000     
   106663.75488335868        200.00000000000000     
   106863.75488335868        200.00000000000000     
   107063.75488335868        200.00000000000000     
   107263.75488335868        200.00000000000000     
   107463.75488335868        200.00000000000000     
   107663.75488335868        200.00000000000000     
   107863.75488335868        200.00000000000000     
   108063.75488335868        200.00000000000000     
   108263.75488335868        200.00000000000000     
   108463.75488335868        200.00000000000000     
   108663.75488335868        200.00000000000000     
   108863.75488335868        200.00000000000000     
   109063.75488335868        200.00000000000000     
   109263.75488335868        200.00000000000000     
   109463.75488335868        200.00000000000000     
   109663.75488335868        200.00000000000000     
   109863.75488335868        200.00000000000000     
   110063.75488335868        200.00000000000000     
   110263.75488335868        200.00000000000000     
   110463.75488335868        200.00000000000000     
   110663.75488335868        200.00000000000000     
   110863.75488335868        200.00000000000000     
   111063.75488335868        200.00000000000000     
   111263.75488335868        200.00000000000000     
   111463.75488335868        200.00000000000000     
   111663.75488335868        200.00000000000000     
   111863.75488335868        200.00000000000000     
   112063.75488335868        200.00000000000000     
   112263.75488335868        200.00000000000000     
   112463.75488335868        200.00000000000000     
   112663.75488335868        200.00000000000000     
   112863.75488335868        200.00000000000000     
   113063.75488335868        200.00000000000000     
   113263.75488335868        200.00000000000000     
   113463.75488335868        200.00000000000000     
   113663.75488335868        200.00000000000000     
   113863.75488335868        200.00000000000000     
   114063.75488335868        200.00000000000000     
   114263.75488335868        200.00000000000000     
   114463.75488335868        200.00000000000000     
   114663.75488335868        200.00000000000000     
   114863.75488335868        200.00000000000000     
   115063.75488335868        200.00000000000000     
   115263.75488335868        200.00000000000000     
   115463.75488335868        200.00000000000000     
   115663.75488335868        200.00000000000000     
   115863.75488335868        200.00000000000000     
   116063.75488335868        200.00000000000000     
   116263.75488335868        200.00000000000000     
   116463.75488335868        200.00000000000000     
   116663.75488335868        200.00000000000000     
   116863.75488335868        200.00000000000000     
   117063.75488335868        200.00000000000000     
   117263.75488335868        200.00000000000000     
   117463.75488335868        200.00000000000000     
   117663.75488335868        200.00000000000000     
   117863.75488335868        200.00000000000000     
   118063.75488335868        200.00000000000000     
   118263.75488335868        200.00000000000000     
   118463.75488335868        200.00000000000000     
   118663.75488335868        200.00000000000000     
   118863.75488335868        200.00000000000000     
   119063.75488335868        200.00000000000000     
   119263.75488335868        200.00000000000000     
   119463.75488335868        200.00000000000000     
   119663.75488335868        200.00000000000000     
   119863.75488335868        200.00000000000000     
   120063.75488335868        200.00000000000000     
   120263.75488335868        200.00000000000000     
   120463.75488335868        200.00000000000000     
   120663.75488335868        200.00000000000000     
   120863.75488335868        200.00000000000000     
   121063.75488335868        200.00000000000000     
   121263.75488335868        200.00000000000000     
   121463.75488335868        200.00000000000000     
   121663.75488335868        200.00000000000000     
   121863.75488335868        200.00000000000000     
   122063.75488335868        200.00000000000000     
   122263.75488335868        200.00000000000000     
   122463.75488335868        200.00000000000000     
   122663.75488335868        200.00000000000000     
   122863.75488335868        200.00000000000000     
   123063.75488335868        200.00000000000000     
   123263.75488335868        200.00000000000000     
   123463.75488335868        200.00000000000000     
   123663.75488335868        200.00000000000000     
   123863.75488335868        200.00000000000000     
   124063.75488335868        200.00000000000000     
   124263.75488335868        200.00000000000000     
   124463.75488335868        200.00000000000000     
   124663.75488335868        200.00000000000000     
   124863.75488335868        200.00000000000000     
   125063.75488335868        200.00000000000000     
   125263.75488335868        200.00000000000000     
   125463.75488335868        200.00000000000000     
   125663.75488335868        200.00000000000000     
   125863.75488335868        200.00000000000000     
   126063.75488335868        200.00000000000000     
   126263.75488335868        200.00000000000000     
   126463.75488335868        200.00000000000000     
   126663.75488335868        200.00000000000000     
   126863.75488335868        200.00000000000000     
   127063.75488335868        200.00000000000000     
   127263.75488335868        200.00000000000000     
   127463.75488335868        200.00000000000000     
   127663.75488335868        200.00000000000000     
   127863.75488335868        200.00000000000000     
   128063.75488335868        200.00000000000000     
   128263.75488335868        200.00000000000000     
   128463.75488335868        200.00000000000000     
   128663.75488335868        200.00000000000000     
   128863.75488335868        200.00000000000000     
   129063.75488335868        200.00000000000000     
   129263.75488335868        200.00000000000000     
   129463.75488335868        200.00000000000000     
   129663.75488335868        200.00000000000000     
   129863.75488335868        200.00000000000000     
   130063.75488335868        200.00000000000000     
   130263.75488335868        200.00000000000000     
   130463.75488335868        200.00000000000000     
   130663.75488335868        200.00000000000000     
   130863.75488335868        200.00000000000000     
   131063.75488335868        200.00000000000000     
   131263.75488335866        200.00000000000000     
   131463.75488335866        200.00000000000000     
   131663.75488335866        200.00000000000000     
   131863.75488335866        200.00000000000000     
   132063.75488335866        200.00000000000000     
   132263.75488335866        200.00000000000000     
   132463.75488335866        200.00000000000000     
   132663.75488335866        200.00000000000000     
   132863.75488335866        200.00000000000000     
   133063.75488335866        200.00000000000000     
   133263.75488335866        200.00000000000000     
   133463.75488335866        200.00000000000000     
   133663.75488335866        200.00000000000000     
   133863.75488335866        200.00000000000000     
   134063.75488335866        200.00000000000000     
   134263.75488335866        200.00000000000000     
   134463.75488335866        200.00000000000000     
   134663.75488335866        200.00000000000000     
   134863.75488335866        200.00000000000000     
   135063.75488335866        200.00000000000000     
   135263.75488335866        200.00000000000000     
   135463.75488335866        200.00000000000000     
   135663.75488335866        200.00000000000000     
   135863.75488335866        200.00000000000000     
   136063.75488335866        200.00000000000000     
   136263.75488335866        200.00000000000000     
   136463.75488335866        200.00000000000000     
   136663.75488335866        200.00000000000000     
   136863.75488335866        200.00000000000000     
   137063.75488335866        200.00000000000000     
   137263.75488335866        200.00000000000000     
   137463.75488335866        200.00000000000000     
   137663.75488335866        200.00000000000000     
   137863.75488335866        200.00000000000000     
   138063.75488335866        200.00000000000000     
   138263.75488335866        200.00000000000000     
   138463.75488335866        200.00000000000000     
   138663.75488335866        200.00000000000000     
   138863.75488335866        200.00000000000000     
   139063.75488335866        200.00000000000000     
   139263.75488335866        200.00000000000000     
   139463.75488335866        200.00000000000000     
   139663.75488335866        200.00000000000000     
   139863.75488335866        200.00000000000000     
   140063.75488335866        200.00000000000000     
   140263.75488335866        200.00000000000000     
   140463.75488335866        200.00000000000000     
   140663.75488335866        200.00000000000000     
   140863.75488335866        200.00000000000000     
   141063.75488335866        200.00000000000000     
   141263.75488335866        200.00000000000000     
   141463.75488335866        200.00000000000000     
   141663.75488335866        200.00000000000000     
   141863.75488335866        200.00000000000000     
   142063.75488335866        200.00000000000000     
   142263.75488335866        200.00000000000000     
   142463.75488335866        200.00000000000000     
   142663.75488335866        200.00000000000000     
   142863.75488335866        200.00000000000000     
   143063.75488335866        200.00000000000000     
   143263.75488335866        200.00000000000000     
   143463.75488335866        200.00000000000000     
   143663.75488335866        200.00000000000000     
   143863.75488335866        200.00000000000000     
   144063.75488335866        200.00000000000000     
   144263.75488335866        200.00000000000000     
   144463.75488335866        200.00000000000000     
   144663.75488335866        200.00000000000000     
   144863.75488335866        200.00000000000000     
   145063.75488335866        200.00000000000000     
   145263.75488335866        200.00000000000000     
   145463.75488335866        200.00000000000000     
   145663.75488335866        200.00000000000000     
   145863.75488335866        200.00000000000000     
   146063.75488335866        200.00000000000000     
   146263.75488335866        200.00000000000000     
   146463.75488335866        200.00000000000000     
   146663.75488335866        200.00000000000000     
   146863.75488335866        200.00000000000000     
   147063.75488335866        200.00000000000000     
   147263.75488335866        200.00000000000000     
   147463.75488335866        200.00000000000000     
   147663.75488335866        200.00000000000000     
   147863.75488335866        200.00000000000000     
   148063.75488335866        200.00000000000000     
   148263.75488335866        200.00000000000000     
   148463.75488335866        200.00000000000000     
   148663.75488335866        200.00000000000000     
   148863.75488335866        200.00000000000000     
   149063.75488335866        200.00000000000000     
   149263.75488335866        200.00000000000000     
   149463.75488335866        200.00000000000000     
   149663.75488335866        200.00000000000000     
   149863.75488335866        200.00000000000000     
   150063.75488335866        200.00000000000000     
   150263.75488335866        200.00000000000000     
   150463.75488335866        200.00000000000000     
   150663.75488335866        200.00000000000000     
   150863.75488335866        200.00000000000000     
   151063.75488335866        200.00000000000000     
   151263.75488335866        200.00000000000000     
   151463.75488335866        200.00000000000000     
   151663.75488335866        200.00000000000000     
   151863.75488335866        200.00000000000000     
   152063.75488335866        200.00000000000000     
   152263.75488335866        200.00000000000000     
   152463.75488335866        200.00000000000000     
   152663.75488335866        200.00000000000000     
   152863.75488335866        200.00000000000000     
   153063.75488335866        200.00000000000000     
   153263.75488335866        200.00000000000000     
   153463.75488335866        200.00000000000000     
   153663.75488335866        200.00000000000000     
   153863.75488335866        200.00000000000000     
   154063.75488335866        200.00000000000000     
   154263.75488335866        200.00000000000000     
   154463.75488335866        200.00000000000000     
   154663.75488335866        200.00000000000000     
   154863.75488335866        200.00000000000000     
   155063.75488335866        200.00000000000000     
   155263.75488335866        200.00000000000000     
   155463.75488335866        200.00000000000000     
   155663.75488335866        200.00000000000000     
   155863.75488335866        200.00000000000000     
   156063.75488335866        200.00000000000000     
   156263.75488335866        200.00000000000000     
   156463.75488335866        200.00000000000000     
   156663.75488335866        200.00000000000000     
   156863.75488335866        200.00000000000000     
   157063.75488335866        200.00000000000000     
   157263.75488335866        200.00000000000000     
   157463.75488335866        200.00000000000000     
   157663.75488335866        200.00000000000000     
   157863.75488335866        200.00000000000000     
   158063.75488335866        200.00000000000000     
   158263.75488335866        200.00000000000000     
   158463.75488335866        200.00000000000000     
   158663.75488335866        200.00000000000000     
   158863.75488335866        200.00000000000000     
   159063.75488335866        200.00000000000000     
   159263.75488335866        200.00000000000000     
   159463.75488335866        200.00000000000000     
   159663.75488335866        200.00000000000000     
   159863.75488335866        200.00000000000000     
   160063.75488335866        200.00000000000000     
   160263.75488335866        200.00000000000000     
   160463.75488335866        200.00000000000000     
   160663.75488335866        200.00000000000000     
   160863.75488335866        200.00000000000000     
   161063.75488335866        200.00000000000000     
   161263.75488335866        200.00000000000000     
   161463.75488335866        200.00000000000000     
   161663.75488335866        200.00000000000000     
   161863.75488335866        200.00000000000000     
   162063.75488335866        200.00000000000000     
   162263.75488335866        200.00000000000000     
   162463.75488335866        200.00000000000000     
   162663.75488335866        200.00000000000000     
   162863.75488335866        200.00000000000000     
   163063.75488335866        200.00000000000000     
   163263.75488335866        200.00000000000000     
   163463.75488335866        200.00000000000000     
   163663.75488335866        200.00000000000000     
   163863.75488335866        200.00000000000000     
   164063.75488335866        200.00000000000000     
   164263.75488335866        200.00000000000000     
   164463.75488335866        200.00000000000000     
   164663.75488335866        200.00000000000000     
   164863.75488335866        200.00000000000000     
   165063.75488335866        200.00000000000000     
   165263.75488335866        200.00000000000000     
   165463.75488335866        200.00000000000000     
   165663.75488335866        200.00000000000000     
   165863.75488335866        200.00000000000000     
   166063.75488335866        200.00000000000000     
   166263.75488335866        200.00000000000000     
   166463.75488335866        200.00000000000000     
   166663.75488335866        200.00000000000000     
   166863.75488335866        200.00000000000000     
   167063.75488335866        200.00000000000000     
   167263.75488335866        200.00000000000000     
   167463.75488335866        200.00000000000000     
   167663.75488335866        200.00000000000000     
   167863.75488335866        200.00000000000000     
   168063.75488335866        200.00000000000000     
   168263.75488335866        200.00000000000000     
   168463.75488335866        200.00000000000000     
   168663.75488335866        200.00000000000000     
   168863.75488335866        200.00000000000000     
   169063.75488335866        200.00000000000000     
   169263.75488335866        200.00000000000000     
   169463.75488335866        200.00000000000000     
   169663.75488335866        200.00000000000000     
   169863.75488335866        200.00000000000000     
   170063.75488335866        200.00000000000000     
   170263.75488335866        200.00000000000000     
   170463.75488335866        200.00000000000000     
   170663.75488335866        200.00000000000000     
   170863.75488335866        200.00000000000000     
   171063.75488335866        200.00000000000000     
   171263.75488335866        200.00000000000000     
   171463.75488335866        200.00000000000000     
   171663.75488335866        200.00000000000000     
   171863.75488335866        200.00000000000000     
   172063.75488335866        200.00000000000000     
   172263.75488335866        200.00000000000000     
   172463.75488335866        200.00000000000000     
   172663.75488335866        200.00000000000000     
   172863.75488335866        200.00000000000000     
   173063.75488335866        200.00000000000000     
   173263.75488335866        200.00000000000000     
   173463.75488335866        200.00000000000000     
   173663.75488335866        200.00000000000000     
   173863.75488335866        200.00000000000000     
   174063.75488335866        200.00000000000000     
   174263.75488335866        200.00000000000000     
   174463.75488335866        200.00000000000000     
   174663.75488335866        200.00000000000000     
   174863.75488335866        200.00000000000000     
   175063.75488335866        200.00000000000000     
   175263.75488335866        200.00000000000000     
   175463.75488335866        200.00000000000000     
   175663.75488335866        200.00000000000000     
   175863.75488335866        200.00000000000000     
   176063.75488335866        200.00000000000000     
   176263.75488335866        200.00000000000000     
   176463.75488335866        200.00000000000000     
   176663.75488335866        200.00000000000000     
   176863.75488335866        200.00000000000000     
   177063.75488335866        200.00000000000000     
   177263.75488335866        200.00000000000000     
   177463.75488335866        200.00000000000000     
   177663.75488335866        200.00000000000000     
   177863.75488335866        200.00000000000000     
   178063.75488335866        200.00000000000000     
   178263.75488335866        200.00000000000000     
   178463.75488335866        200.00000000000000     
   178663.75488335866        200.00000000000000     
   178863.75488335866        200.00000000000000     
   179063.75488335866        200.00000000000000     
   179263.75488335866        200.00000000000000     
   179463.75488335866        200.00000000000000     
   179663.75488335866        200.00000000000000     
   179863.75488335866        200.00000000000000     
   180063.75488335866        200.00000000000000     
   180263.75488335866        200.00000000000000     
   180463.75488335866        200.00000000000000     
   180663.75488335866        200.00000000000000     
   180863.75488335866        200.00000000000000     
   181063.75488335866        200.00000000000000     
   181263.75488335866        200.00000000000000     
   181463.75488335866        200.00000000000000     
   181663.75488335866        200.00000000000000     
   181863.75488335866        200.00000000000000     
   182063.75488335866        200.00000000000000     
   182263.75488335866        200.00000000000000     
   182463.75488335866        200.00000000000000     
   182663.75488335866        200.00000000000000     
   182863.75488335866        200.00000000000000     
   183063.75488335866        200.00000000000000     
   183263.75488335866        200.00000000000000     
   183463.75488335866        200.00000000000000     
   183663.75488335866        200.00000000000000     
   183863.75488335866        200.00000000000000     
   184063.75488335866        200.00000000000000     
   184263.75488335866        200.00000000000000     
   184463.75488335866        200.00000000000000     
   184663.75488335866        200.00000000000000     
   184863.75488335866        200.00000000000000     
   185063.75488335866        200.00000000000000     
   185263.75488335866        200.00000000000000     
   185463.75488335866        200.00000000000000     
   185663.75488335866        200.00000000000000     
   185863.75488335866        200.00000000000000     
   186063.75488335866        200.00000000000000     
   186263.75488335866        200.00000000000000     
   186463.75488335866        200.00000000000000     
   186663.75488335866        200.00000000000000     
   186863.75488335866        200.00000000000000     
   187063.75488335866        200.00000000000000     
   187263.75488335866        200.00000000000000     
   187463.75488335866        200.00000000000000     
   187663.75488335866        200.00000000000000     
   187863.75488335866        200.00000000000000     
   188063.75488335866        200.00000000000000     
   188263.75488335866        200.00000000000000     
   188463.75488335866        200.00000000000000     
   188663.75488335866        200.00000000000000     
   188863.75488335866        200.00000000000000     
   189063.75488335866        200.00000000000000     
   189263.75488335866        200.00000000000000     
   189463.75488335866        200.00000000000000     
   189663.75488335866        200.00000000000000     
   189863.75488335866        200.00000000000000     
   190063.75488335866        200.00000000000000     
   190263.75488335866        200.00000000000000     
   190463.75488335866        200.00000000000000     
   190663.75488335866        200.00000000000000     
   190863.75488335866        200.00000000000000     
   191063.75488335866        200.00000000000000     
   191263.75488335866        200.00000000000000     
   191463.75488335866        200.00000000000000     
   191663.75488335866        200.00000000000000     
   191863.75488335866        200.00000000000000     
   192063.75488335866        200.00000000000000     
   192263.75488335866        200.00000000000000     
   192463.75488335866        200.00000000000000     
   192663.75488335866        200.00000000000000     
   192863.75488335866        200.00000000000000     
   193063.75488335866        200.00000000000000     
   193263.75488335866        200.00000000000000     
   193463.75488335866        200.00000000000000     
   193663.75488335866        200.00000000000000     
   193863.75488335866        200.00000000000000     
   194063.75488335866        200.00000000000000     
   194263.75488335866        200.00000000000000     
   194463.75488335866        200.00000000000000     
   194663.75488335866        200.00000000000000     
   194863.75488335866        200.00000000000000     
   195063.75488335866        200.00000000000000     
   195263.75488335866        200.00000000000000     
   195463.75488335866        200.00000000000000     
   195663.75488335866        200.00000000000000     
   195863.75488335866        200.00000000000000     
   196063.75488335866        200.00000000000000     
   196263.75488335866        200.00000000000000     
   196463.75488335866        200.00000000000000     
   196663.75488335866        200.00000000000000     
   196863.75488335866        200.00000000000000     
   197063.75488335866        200.00000000000000     
   197263.75488335866        200.00000000000000     
   197463.75488335866        200.00000000000000     
   197663.75488335866        200.00000000000000     
   197863.75488335866        200.00000000000000     
   198063.75488335866        200.00000000000000     
   198263.75488335866        200.00000000000000     
   198463.75488335866        200.00000000000000     
   198663.75488335866        200.00000000000000     
   198863.75488335866        200.00000000000000     
   199063.75488335866        200.00000000000000     
   199263.75488335866        200.00000000000000     
   199463.75488335866        200.00000000000000     
   199663.75488335866        200.00000000000000     
   199863.75488335866        200.00000000000000     
   200063.75488335866        200.00000000000000     
   200263.75488335866        200.00000000000000     
   200463.75488335866        200.00000000000000     
   200663.75488335866        200.00000000000000     
   200863.75488335866        200.00000000000000     
   201063.75488335866        200.00000000000000     
   201263.75488335866        200.00000000000000     
   201463.75488335866        200.00000000000000     
   201663.75488335866        200.00000000000000     
   201863.75488335866        200.00000000000000     
   202063.75488335866        200.00000000000000     
   202263.75488335866        200.00000000000000     
   202463.75488335866        200.00000000000000     
   202663.75488335866        200.00000000000000     
   202863.75488335866        200.00000000000000     
   203063.75488335866        200.00000000000000     
   203263.75488335866        200.00000000000000     
   203463.75488335866        200.00000000000000     
   203663.75488335866        200.00000000000000     
   203863.75488335866        200.00000000000000     
   204063.75488335866        200.00000000000000     
   204263.75488335866        200.00000000000000     
   204463.75488335866        200.00000000000000     
   204663.75488335866        200.00000000000000     
   204863.75488335866        200.00000000000000     
   205063.75488335866        200.00000000000000     
   205263.75488335866        200.00000000000000     
   205463.75488335866        200.00000000000000     
   205663.75488335866        200.00000000000000     
   205863.75488335866        200.00000000000000     
   206063.75488335866        200.00000000000000     
   206263.75488335866        200.00000000000000     
   206463.75488335866        200.00000000000000     
   206663.75488335866        200.00000000000000     
   206863.75488335866        200.00000000000000     
   207063.75488335866        200.00000000000000     
   207263.75488335866        200.00000000000000     
   207463.75488335866        200.00000000000000     
   207663.75488335866        200.00000000000000     
   207863.75488335866        200.00000000000000     
   208063.75488335866        200.00000000000000     
   208263.75488335866        200.00000000000000     
   208463.75488335866        200.00000000000000     
   208663.75488335866        200.00000000000000     
   208863.75488335866        200.00000000000000     
   209063.75488335866        200.00000000000000     
   209263.75488335866        200.00000000000000     
   209463.75488335866        200.00000000000000     
   209663.75488335866        200.00000000000000     
   209863.75488335866        200.00000000000000     
   210063.75488335866        200.00000000000000     
   210263.75488335866        200.00000000000000     
   210463.75488335866        200.00000000000000     
   210663.75488335866        200.00000000000000     
   210863.75488335866        200.00000000000000     
   211063.75488335866        200.00000000000000     
   211263.75488335866        200.00000000000000     
   211463.75488335866        200.00000000000000     
   211663.75488335866        200.00000000000000     
   211863.75488335866        200.00000000000000     
   212063.75488335866        200.00000000000000     
   212263.75488335866        200.00000000000000     
   212463.75488335866        200.00000000000000     
   212663.75488335866        200.00000000000000     
   212863.75488335866        200.00000000000000     
   213063.75488335866        200.00000000000000     
   213263.75488335866        200.00000000000000     
   213463.75488335866        200.00000000000000     
   213663.75488335866        200.00000000000000     
   213863.75488335866        200.00000000000000     
   214063.75488335866        200.00000000000000     
   214263.75488335866        200.00000000000000     
   214463.75488335866        200.00000000000000     
   214663.75488335866        200.00000000000000     
   214863.75488335866        200.00000000000000     
   215063.75488335866        200.00000000000000     
   215263.75488335866        200.00000000000000     
   215463.75488335866        200.00000000000000     
   215663.75488335866        200.00000000000000     
   215863.75488335866        200.00000000000000     
   216063.75488335866        200.00000000000000     
   216263.75488335866        200.00000000000000     
   216463.75488335866        200.00000000000000     
   216663.75488335866        200.00000000000000     
   216863.75488335866        200.00000000000000     
   217063.75488335866        200.00000000000000     
   217263.75488335866        200.00000000000000     
   217463.75488335866        200.00000000000000     
   217663.75488335866        200.00000000000000     
   217863.75488335866        200.00000000000000     
   218063.75488335866        200.00000000000000     
   218263.75488335866        200.00000000000000     
   218463.75488335866        200.00000000000000     
   218663.75488335866        200.00000000000000     
   218863.75488335866        200.00000000000000     
   219063.75488335866        200.00000000000000     
   219263.75488335866        200.00000000000000     
   219463.75488335866        200.00000000000000     
   219663.75488335866        200.00000000000000     
   219863.75488335866        200.00000000000000     
   220063.75488335866        200.00000000000000     
   220263.75488335866        200.00000000000000     
   220463.75488335866        200.00000000000000     
   220663.75488335866        200.00000000000000     
   220863.75488335866        200.00000000000000     
   221063.75488335866        200.00000000000000     
   221263.75488335866        200.00000000000000     
   221463.75488335866        200.00000000000000     
   221663.75488335866        200.00000000000000     
   221863.75488335866        200.00000000000000     
   222063.75488335866        200.00000000000000     
   222263.75488335866        200.00000000000000     
   222463.75488335866        200.00000000000000     
   222663.75488335866        200.00000000000000     
   222863.75488335866        200.00000000000000     
   223063.75488335866        200.00000000000000     
   223263.75488335866        200.00000000000000     
   223463.75488335866        200.00000000000000     
   223663.75488335866        200.00000000000000     
   223863.75488335866        200.00000000000000     
   224063.75488335866        200.00000000000000     
   224263.75488335866        200.00000000000000     
   224463.75488335866        200.00000000000000     
   224663.75488335866        200.00000000000000     
   224863.75488335866        200.00000000000000     
   225063.75488335866        200.00000000000000     
   225263.75488335866        200.00000000000000     
   225463.75488335866        200.00000000000000     
   225663.75488335866        200.00000000000000     
   225863.75488335866        200.00000000000000     
   226063.75488335866        200.00000000000000     
   226263.75488335866        200.00000000000000     
   226463.75488335866        200.00000000000000     
   226663.75488335866        200.00000000000000     
   226863.75488335866        200.00000000000000     
   227063.75488335866        200.00000000000000     
   227263.75488335866        200.00000000000000     
   227463.75488335866        200.00000000000000     
   227663.75488335866        200.00000000000000     
   227863.75488335866        200.00000000000000     
   228063.75488335866        200.00000000000000     
   228263.75488335866        200.00000000000000     
   228463.75488335866        200.00000000000000     
   228663.75488335866        200.00000000000000     
   228863.75488335866        200.00000000000000     
   229063.75488335866        200.00000000000000     
   229263.75488335866        200.00000000000000     
   229463.75488335866        200.00000000000000     
   229663.75488335866        200.00000000000000     
   229863.75488335866        200.00000000000000     
   230063.75488335866        200.00000000000000     
   230263.75488335866        200.00000000000000     
   230463.75488335866        200.00000000000000     
   230663.75488335866        200.00000000000000     
   230863.75488335866        200.00000000000000     
   231063.75488335866        200.00000000000000     
   231263.75488335866        200.00000000000000     
   231463.75488335866        200.00000000000000     
   231663.75488335866        200.00000000000000     
   231863.75488335866        200.00000000000000     
   232063.75488335866        200.00000000000000     
   232263.75488335866        200.00000000000000     
   232463.75488335866        200.00000000000000     
   232663.75488335866        200.00000000000000     
   232863.75488335866        200.00000000000000     
   233063.75488335866        200.00000000000000     
   233263.75488335866        200.00000000000000     
   233463.75488335866        200.00000000000000     
   233663.75488335866        200.00000000000000     
   233863.75488335866        200.00000000000000     
   234063.75488335866        200.00000000000000     
   234263.75488335866        200.00000000000000     
   234463.75488335866        200.00000000000000     
   234663.75488335866        200.00000000000000     
   234863.75488335866        200.00000000000000     
   235063.75488335866        200.00000000000000     
   235263.75488335866        200.00000000000000     
   235463.75488335866        200.00000000000000     
   235663.75488335866        200.00000000000000     
   235863.75488335866        200.00000000000000     
   236063.75488335866        200.00000000000000     
   236263.75488335866        200.00000000000000     
   236463.75488335866        200.00000000000000     
   236663.75488335866        200.00000000000000     
   236863.75488335866        200.00000000000000     
   237063.75488335866        200.00000000000000     
   237263.75488335866        200.00000000000000     
   237463.75488335866        200.00000000000000     
   237663.75488335866        200.00000000000000     
   237863.75488335866        200.00000000000000     
   238063.75488335866        200.00000000000000     
   238263.75488335866        200.00000000000000     
   238463.75488335866        200.00000000000000     
   238663.75488335866        200.00000000000000     
   238863.75488335866        200.00000000000000     
   239063.75488335866        200.00000000000000     
   239263.75488335866        200.00000000000000     
   239463.75488335866        200.00000000000000     
   239663.75488335866        200.00000000000000     
   239863.75488335866        200.00000000000000     
   240063.75488335866        200.00000000000000     
   240263.75488335866        200.00000000000000     
   240463.75488335866        200.00000000000000     
   240663.75488335866        200.00000000000000     
   240863.75488335866        200.00000000000000     
   241063.75488335866        200.00000000000000     
   241263.75488335866        200.00000000000000     
   241463.75488335866        200.00000000000000     
   241663.75488335866        200.00000000000000     
   241863.75488335866        200.00000000000000     
   242063.75488335866        200.00000000000000     
   242263.75488335866        200.00000000000000     
   242463.75488335866        200.00000000000000     
   242663.75488335866        200.00000000000000     
   242863.75488335866        200.00000000000000     
   243063.75488335866        200.00000000000000     
   243263.75488335866        200.00000000000000     
   243463.75488335866        200.00000000000000     
   243663.75488335866        200.00000000000000     
   243863.75488335866        200.00000000000000     
   244063.75488335866        200.00000000000000     
   244263.75488335866        200.00000000000000     
   244463.75488335866        200.00000000000000     
   244663.75488335866        200.00000000000000     
   244863.75488335866        200.00000000000000     
   245063.75488335866        200.00000000000000     
   245263.75488335866        200.00000000000000     
   245463.75488335866        200.00000000000000     
   245663.75488335866        200.00000000000000     
   245863.75488335866        200.00000000000000     
   246063.75488335866        200.00000000000000     
   246263.75488335866        200.00000000000000     
   246463.75488335866        200.00000000000000     
   246663.75488335866        200.00000000000000     
   246863.75488335866        200.00000000000000     
   247063.75488335866        200.00000000000000     
   247263.75488335866        200.00000000000000     
   247463.75488335866        200.00000000000000     
   247663.75488335866        200.00000000000000     
   247863.75488335866        200.00000000000000     
   248063.75488335866        200.00000000000000     
   248263.75488335866        200.00000000000000     
   248463.75488335866        200.00000000000000     
   248663.75488335866        200.00000000000000     
   248863.75488335866        200.00000000000000     
   249063.75488335866        200.00000000000000     
   249263.75488335866        200.00000000000000     
   249463.75488335866        200.00000000000000     
   249663.75488335866        200.00000000000000     
   249863.75488335866        200.00000000000000     
   250063.75488335866        200.00000000000000     
   250263.75488335866        200.00000000000000     
   250463.75488335866        200.00000000000000     
   250663.75488335866        200.00000000000000     
   250863.75488335866        200.00000000000000     
   251063.75488335866        200.00000000000000     
   251263.75488335866        200.00000000000000     
   251463.75488335866        200.00000000000000     
   251663.75488335866        200.00000000000000     
   251863.75488335866        200.00000000000000     
   252063.75488335866        200.00000000000000     
   252263.75488335866        200.00000000000000     
   252463.75488335866        200.00000000000000     
   252663.75488335866        200.00000000000000     
   252863.75488335866        200.00000000000000     
   253063.75488335866        200.00000000000000     
   253263.75488335866        200.00000000000000     
   253463.75488335866        200.00000000000000     
   253663.75488335866        200.00000000000000     
   253863.75488335866        200.00000000000000     
   254063.75488335866        200.00000000000000     
   254263.75488335866        200.00000000000000     
   254463.75488335866        200.00000000000000     
   254663.75488335866        200.00000000000000     
   254863.75488335866        200.00000000000000     
   255063.75488335866        200.00000000000000     
   255263.75488335866        200.00000000000000     
   255463.75488335866        200.00000000000000     
   255663.75488335866        200.00000000000000     
   255863.75488335866        200.00000000000000     
   256063.75488335866        200.00000000000000     
   256263.75488335866        200.00000000000000     
   256463.75488335866        200.00000000000000     
   256663.75488335866        200.00000000000000     
   256863.75488335866        200.00000000000000     
   257063.75488335866        200.00000000000000     
   257263.75488335866        200.00000000000000     
   257463.75488335866        200.00000000000000     
   257663.75488335866        200.00000000000000     
   257863.75488335866        200.00000000000000     
   258063.75488335866        200.00000000000000     
   258263.75488335866        200.00000000000000     
   258463.75488335866        200.00000000000000     
   258663.75488335866        200.00000000000000     
   258863.75488335866        200.00000000000000     
   259063.75488335866        200.00000000000000     
