                    1   2.5000000000000001E-003  -4.1881773186531817     
                    2   7.4999999999999997E-003  -4.1881773861640301     
                    3   1.2500000000000001E-002  -4.1881774537552090     
                    4   1.7500000000000002E-002  -4.1881775214277486     
                    5   2.2499999999999999E-002  -4.1881775891807731     
                    6   2.7500000000000000E-002  -3.3483811126194878     
                    7   3.2500000000000001E-002  -3.3483811473168630     
                    8   3.7500000000000006E-002  -3.3483811820476488     
                    9   4.2499999999999996E-002  -3.3483812168111413     
                   10   4.7500000000000001E-002  -3.3483812516080800     
                   11   5.2500000000000005E-002  -8.3818361013458933     
                   12   5.7499999999999996E-002  -8.3818366489771083     
                   13   6.2500000000000000E-002  -8.3818371979178945     
                   14   6.7500000000000004E-002  -8.3818377481700672     
                   15   7.2500000000000009E-002  -8.3818382997368666     
                   16   7.7499999999999999E-002  -5.0279794528109019     
                   17   8.2500000000000004E-002  -5.0279795723278422     
                   18   8.7499999999999994E-002  -5.0279796920160127     
                   19   9.2499999999999999E-002  -5.0279798118748529     
                   20   9.7500000000000003E-002  -5.0279799319053167     
                   21  0.10250000000000001        0.0000000000000000     
                   22  0.10750000000000000        0.0000000000000000     
                   23  0.11250000000000000        0.0000000000000000     
                   24  0.11749999999999999        0.0000000000000000     
                   25  0.12250000000000000        0.0000000000000000     
                   26  0.12750000000000000        1.6795663418928353     
                   27  0.13250000000000001        1.6795663374143857     
                   28  0.13750000000000001        1.6795663329378330     
                   29  0.14250000000000002        1.6795663284639035     
                   30  0.14749999999999999        1.6795663239918508     
                   31  0.15250000000000000        3.3483818665269824     
                   32  0.15750000000000000        3.3483818311443692     
                   33  0.16250000000000001        3.3483817957949396     
                   34  0.16750000000000001        3.3483817604796235     
                   35  0.17250000000000001        3.3483817251974388     
                   36  0.17749999999999999       0.83978116904862743     
                   37  0.18250000000000000       0.83978116849267015     
                   38  0.18750000000000000       0.83978116793685020     
                   39  0.19250000000000000       0.83978116738116304     
                   40  0.19750000000000001       0.83978116682560877     
                   41  0.20250000000000001        6.7022091136241180     
                   42  0.20750000000000002        6.7022088318320225     
                   43  0.21249999999999999        6.7022085505772120     
                   44  0.21750000000000000        6.7022082698582608     
                   45  0.22250000000000000        6.7022079896750304     
                   46  0.22750000000000001        5.8623994636802461     
                   47  0.23250000000000001        5.8623992768437319     
                   48  0.23749999999999999        5.8623990903188812     
                   49  0.24249999999999999        5.8623989041061337     
                   50  0.24750000000000000        5.8623987182042141     
                   51  0.25250000000000000        5.8677819047515669     
                   52  0.25750000000000001        5.8677817189605825     
                   53  0.26250000000000001        5.8677815334809997     
                   54  0.26750000000000002        5.8677813483116816     
                   55  0.27250000000000002        5.8677811634529284     
                   56  0.27750000000000002        6.9121577985566294     
                   57  0.28250000000000003        6.9121574974858593     
                   58  0.28749999999999998        6.9121571970105666     
                   59  0.29249999999999998        6.9121568971286242     
                   60  0.29749999999999999        6.9121565978402728     
