                    1   2.5000000000000001E-003  -112.11158380771877     
                    2   7.4999999999999997E-003  -111.88703102132735     
                    3   1.2500000000000001E-002  -111.57809126303883     
                    4   1.7500000000000002E-002  -111.17576071756793     
                    5   2.2499999999999999E-002  -110.66704111200738     
                    6   2.7500000000000000E-002  -110.03154371648034     
                    7   3.2500000000000001E-002  -109.23455797533856     
                    8   3.7500000000000006E-002  -108.21253182406925     
                    9   4.2499999999999996E-002  -106.83998045246167     
                   10   4.7500000000000001E-002  -104.83601122864597     
                   11   5.2500000000000005E-002  -101.45057909890718     
                   12   5.7499999999999996E-002  -94.229925512451928     
                   13   6.2500000000000000E-002  -75.724030259732345     
                   14   6.7500000000000004E-002  -55.949480644219719     
                   15   7.2500000000000009E-002  -47.010722481361086     
                   16   7.7499999999999999E-002  -44.720829276311648     
                   17   8.2500000000000004E-002  -44.083015945907171     
                   18   8.7499999999999994E-002  -43.470658396790633     
                   19   9.2499999999999999E-002  -42.845534024474134     
                   20   9.7500000000000003E-002  -42.209011084384827     
                   21  0.10250000000000001       -41.561900591499693     
                   22  0.10750000000000000       -40.904958396861034     
                   23  0.11250000000000000       -40.239055441508967     
                   24  0.11749999999999999       -39.565220667881874     
                   25  0.12250000000000000       -38.884635763298107     
                   26  0.12750000000000000       -38.198613378691405     
                   27  0.13250000000000001       -37.508571599729578     
                   28  0.13750000000000001       -36.816009685823310     
                   29  0.14250000000000002       -36.122486809496351     
                   30  0.14749999999999999       -35.429604125435255     
                   31  0.15250000000000000       -34.738989917791635     
                   32  0.15750000000000000       -34.052287366357142     
                   33  0.16250000000000001       -33.371144435608386     
                   34  0.16750000000000001       -32.697205430146532     
                   35  0.17250000000000001       -32.032103828988916     
                   36  0.17749999999999999       -31.377456086238688     
                   37  0.18250000000000000       -30.734856155789785     
                   38  0.18750000000000000       -30.105870558179532     
                   39  0.19250000000000000       -29.492033857202742     
                   40  0.19750000000000001       -28.894844452912622     
                   41  0.20250000000000001       -28.315760627359030     
                   42  0.20750000000000002       -27.756196801443817     
                   43  0.21249999999999999       -27.217519977036122     
                   44  0.21750000000000000       -26.701046349447090     
                   45  0.22250000000000000       -26.208038082637096     
                   46  0.22750000000000001       -25.739700244105713     
                   47  0.23250000000000001       -25.297177899065932     
                   48  0.23749999999999999       -24.881553364842443     
                   49  0.24249999999999999       -24.493843626890506     
                   50  0.24750000000000000       -24.134997917775323     
                   51  0.25250000000000000       -23.805895460107816     
                   52  0.25750000000000001       -23.507343373970730     
                   53  0.26250000000000001       -23.240074748896102     
                   54  0.26750000000000002       -23.004746880062481     
                   55  0.27250000000000002       -22.801939667978189     
                   56  0.27750000000000002       -22.632154180559446     
                   57  0.28250000000000003       -22.495811375856981     
                   58  0.28749999999999998       -22.393250982312061     
                   59  0.29249999999999998       -22.324730530047745     
                   60  0.29749999999999999       -22.290424518572276     
