   0.0000000000000000                         2
   1.0000000000000000                         2
   1.9540000000000002                         2
   2.8641160000000001                         2
   3.8288389600000006                         2
   4.8514452976000007                         2
   5.9354080154560007                         2
   7.0844084963833609                         2
   8.3023490061663630                         2
   9.5933659465363448                         2
   10.961843903328527                         2
   12.412430537528239                         2
   13.950052369779934                         2
   15.579931511966731                         2
   17.307603402684734                         2
   19.138935606845820                         2
   21.080147743256571                         2
   23.137832607851966                         2
   25.318978564323086                         2
   27.630993278182473                         2
   30.081728874873424                         2
   32.679508607365833                         2
   35.433155123807786                         2
   38.352020431236255                         2
   41.446017657110431                         2
   44.725654716537058                         2
   48.202069999529286                         2
   51.887070199501046                         2
   55.793170411471110                         2
   59.933636636159378                         2
   63.444751994695032                         3
   67.166534274742830                         2
   70.888316554790620                         2
   74.833405771641281                         2
   79.015200341502975                         2
   83.447902585556378                         2
   88.146566964252983                         2
   93.127151205671382                         2
   98.406570501574890                         2
   104.00275495523260                         2
   109.93471047610979                         2
   116.22258332823959                         3
   122.88772855149719                         2
   129.55287377475480                         2
   136.61792771140784                         2
   144.10688488426010                         2
   152.04517948748347                         2
   160.45977176690025                         2
   169.37923958308204                         2
   178.83387546823474                         3
   188.85578950649659                         2
   198.87770354475845                         3
   209.50093242531602                         3
   220.12416130587360                         2
   230.74739018643118                         2
   242.00801279982221                         2
   253.94427277001671                         2
   266.59670833842284                         2
   280.00829004093339                         3
   294.22456664559456                         2
   308.44084325025574                         2
   323.51009645119655                         2
   339.48350484419382                         2
   356.41531774077094                         2
   374.36303941114267                         3
   393.38762438173671                         3
   412.41220935233076                         3
   431.43679432292481                         2
   450.46137929351886                         2
   470.62743936234858                         3
   492.00346303530807                         3
   513.37948670826756                         2
   534.75551038122705                         2
   557.41409547456408                         2
   581.43219567350138                         2
   606.89138188437494                         2
   633.87811926790084                         3
   662.48406089443836                         3
   691.09000252097587                         2
   719.69594414751339                         2
   750.01824227164309                         2
   782.15987828322056                         2
   816.23001245549278                         3
   852.34435467810124                         2
   888.45869690070970                         2
   919.08365910548173                         3
   951.54611904254011                         2
   984.00857897959850                         2
   1018.4187865128804                         2
   1054.8936064981592                         2
   1093.5569156825547                         2
   1134.5400234180140                         3
   1177.9821176176008                         2
   1221.4242118171876                         3
   1267.4728316687497                         2
   1313.5214515203118                         2
   1362.3329885629676                         3
   1414.0732178281826                         3
   1465.8134470933976                         2
   1517.5536763586126                         3
   1572.3983193797405                         3
   1627.2429624008685                         2
   1682.0876054219964                         2
   1728.5958627039129                         3
   1777.8946154227444                         2
   1827.1933681415760                         2
   1879.4500460235374                         2
   1934.8421245784166                         2
   1993.5577278465885                         3
   2055.7962673108505                         2
   2118.0348067751124                         2
   2184.0076586072305                         2
   2253.9388815492753                         2
   2328.0659778678428                         3
   2406.6406999655246                         2
   2485.2154220632065                         3
   2568.5046274867491                         3
   2651.7938329102917                         2
   2735.0830383338343                         3
   2823.3695960827895                         3
   2911.6561538317446                         3
   2999.9427115806998                         3
   3088.2292693296549                         2
   3176.5158270786101                         2
   3270.0995782925024                         3
   3369.2983545792285                         3
   3468.4971308659547                         3
   3567.6959071526808                         2
   3666.8946834394069                         3
   3772.0453863033363                         2
   3877.1960891672661                         3
   3988.6558342030316                         2
   4100.1155792387972                         3
   4218.2629089767088                         3
   4336.4102387146204                         3
   4454.5575684525320                         2
   4572.7048981904436                         3
   4697.9410677126298                         3
   4823.1772372348159                         2
   4948.4134067570021                         3
   5081.1637464505193                         3
   5213.9140861440364                         3
   5346.6644258375536                         3
   5479.4147655310708                         3
   5612.1651052245879                         3
   5744.9154449181051                         3
   5877.6657846116223                         3
   6010.4161243051394                         3
   6143.1664639986566                         3
   6275.9168036921737                         3
   6408.6671433856909                         3
   6541.4174830792081                         2
   6674.1678227727252                         2
   6814.8831828478533                         3
   6964.0414645274896                         3
   7113.1997462071258                         3
   7262.3580278867621                         3
   7411.5163095663984                         2
   7560.6745912460347                         2
   7718.7823698264483                         3
   7886.3766151216869                         3
   8053.9708604169255                         3
   8221.5651057121650                         2
   8389.1593510074035                         3
   8566.8092510203569                         3
   8744.4591510333103                         3
   8922.1090510462636                         3
   9099.7589510592170                         2
   9277.4088510721704                         2
   9465.7177450859017                         3
   9665.3251727404568                         3
   9864.9326003950118                         3
   10064.540028049567                         3
   10264.147455704122                         2
   10463.754883358677                         3
   10663.754883358677                         3
   10863.754883358677                         3
   11063.754883358677                         3
   11263.754883358677                         2
   11463.754883358677                         2
   11663.754883358677                         2
   11863.754883358677                         3
   12063.754883358677                         2
   12263.754883358677                         2
   12463.754883358677                         2
   12663.754883358677                         3
   12863.754883358677                         3
   13063.754883358677                         3
   13263.754883358677                         2
   13463.754883358677                         2
   13663.754883358677                         2
   13863.754883358677                         2
   14063.754883358677                         3
   14263.754883358677                         2
   14463.754883358677                         2
   14663.754883358677                         2
   14863.754883358677                         3
   15063.754883358677                         2
   15263.754883358677                         3
   15463.754883358677                         2
   15663.754883358677                         2
   15863.754883358677                         2
   16063.754883358677                         2
   16263.754883358677                         2
   16463.754883358677                         2
   16663.754883358677                         2
   16863.754883358677                         2
   17063.754883358677                         2
   17263.754883358677                         3
   17463.754883358677                         2
   17663.754883358677                         3
   17863.754883358677                         2
   18063.754883358677                         2
   18263.754883358677                         2
   18463.754883358677                         2
   18663.754883358677                         2
   18863.754883358677                         2
   19063.754883358677                         2
   19263.754883358677                         2
   19463.754883358677                         2
   19663.754883358677                         2
   19863.754883358677                         2
   20063.754883358677                         3
   20263.754883358677                         2
   20463.754883358677                         2
   20663.754883358677                         2
   20863.754883358677                         2
   21063.754883358677                         2
   21263.754883358677                         2
   21463.754883358677                         2
   21663.754883358677                         2
   21863.754883358677                         2
   22063.754883358677                         2
   22263.754883358677                         2
   22463.754883358677                         2
   22663.754883358677                         2
   22863.754883358677                         3
   23063.754883358677                         2
   23263.754883358677                         2
   23463.754883358677                         2
   23663.754883358677                         2
   23863.754883358677                         2
   24063.754883358677                         2
   24263.754883358677                         2
   24463.754883358677                         3
   24663.754883358677                         2
   24863.754883358677                         2
   25063.754883358677                         2
   25263.754883358677                         2
   25463.754883358677                         2
   25663.754883358677                         2
   25863.754883358677                         2
   26063.754883358677                         2
   26263.754883358677                         2
   26463.754883358677                         2
   26663.754883358677                         2
   26863.754883358677                         2
   27063.754883358677                         2
   27263.754883358677                         2
   27463.754883358677                         2
   27663.754883358677                         3
   27863.754883358677                         2
   28063.754883358677                         2
   28263.754883358677                         2
   28463.754883358677                         2
   28663.754883358677                         2
   28863.754883358677                         2
   29063.754883358677                         2
   29263.754883358677                         2
   29463.754883358677                         2
   29663.754883358677                         2
   29863.754883358677                         2
   30063.754883358677                         2
   30263.754883358677                         2
   30463.754883358677                         2
   30663.754883358677                         2
   30863.754883358677                         2
   31063.754883358677                         2
   31263.754883358677                         2
   31463.754883358677                         2
   31663.754883358677                         2
   31863.754883358677                         2
   32063.754883358677                         2
   32263.754883358677                         2
   32463.754883358677                         2
   32663.754883358677                         2
   32863.754883358677                         2
   33063.754883358677                         2
   33263.754883358677                         2
   33463.754883358677                         2
   33663.754883358677                         2
   33863.754883358677                         2
   34063.754883358677                         2
   34263.754883358677                         2
   34463.754883358677                         2
   34663.754883358677                         2
   34863.754883358677                         2
   35063.754883358677                         2
   35263.754883358677                         2
   35463.754883358677                         2
   35663.754883358677                         2
   35863.754883358677                         2
   36063.754883358677                         2
   36263.754883358677                         2
   36463.754883358677                         2
   36663.754883358677                         2
   36863.754883358677                         2
   37063.754883358677                         2
   37263.754883358677                         2
   37463.754883358677                         2
   37663.754883358677                         2
   37863.754883358677                         2
   38063.754883358677                         2
   38263.754883358677                         2
   38463.754883358677                         2
   38663.754883358677                         2
   38863.754883358677                         2
   39063.754883358677                         2
   39263.754883358677                         2
   39463.754883358677                         2
   39663.754883358677                         2
   39863.754883358677                         2
   40063.754883358677                         2
   40263.754883358677                         2
   40463.754883358677                         2
   40663.754883358677                         2
   40863.754883358677                         2
   41063.754883358677                         2
   41263.754883358677                         2
   41463.754883358677                         2
   41663.754883358677                         2
   41863.754883358677                         2
   42063.754883358677                         2
   42263.754883358677                         2
   42463.754883358677                         2
   42663.754883358677                         2
   42863.754883358677                         2
   43063.754883358677                         2
   43263.754883358677                         2
   43463.754883358677                         2
   43663.754883358677                         2
   43863.754883358677                         2
   44063.754883358677                         2
   44263.754883358677                         2
   44463.754883358677                         2
   44663.754883358677                         2
   44863.754883358677                         2
   45063.754883358677                         2
   45263.754883358677                         2
   45463.754883358677                         2
   45663.754883358677                         2
   45863.754883358677                         2
   46063.754883358677                         2
   46263.754883358677                         2
   46463.754883358677                         2
   46663.754883358677                         2
   46863.754883358677                         2
   47063.754883358677                         2
   47263.754883358677                         2
   47463.754883358677                         2
   47663.754883358677                         2
   47863.754883358677                         2
   48063.754883358677                         2
   48263.754883358677                         2
   48463.754883358677                         2
   48663.754883358677                         2
   48863.754883358677                         2
   49063.754883358677                         2
   49263.754883358677                         2
   49463.754883358677                         2
   49663.754883358677                         2
   49863.754883358677                         2
   50063.754883358677                         2
   50263.754883358677                         2
   50463.754883358677                         2
   50663.754883358677                         2
   50863.754883358677                         2
   51063.754883358677                         2
   51263.754883358677                         2
   51463.754883358677                         2
   51663.754883358677                         2
   51863.754883358677                         2
   52063.754883358677                         2
   52263.754883358677                         2
   52463.754883358677                         2
   52663.754883358677                         2
   52863.754883358677                         2
   53063.754883358677                         2
   53263.754883358677                         2
   53463.754883358677                         2
   53663.754883358677                         2
   53863.754883358677                         2
   54063.754883358677                         2
   54263.754883358677                         2
   54463.754883358677                         2
   54663.754883358677                         2
   54863.754883358677                         2
   55063.754883358677                         2
   55263.754883358677                         2
   55463.754883358677                         2
   55663.754883358677                         2
   55863.754883358677                         2
   56063.754883358677                         2
   56263.754883358677                         1
   56463.754883358677                         1
   56663.754883358677                         1
   56863.754883358677                         1
   57063.754883358677                         2
   57263.754883358677                         2
   57463.754883358677                         2
   57663.754883358677                         2
   57863.754883358677                         2
   58063.754883358677                         2
   58263.754883358677                         2
   58463.754883358677                         2
   58663.754883358677                         2
   58863.754883358677                         2
   59063.754883358677                         2
   59263.754883358677                         2
   59463.754883358677                         2
   59663.754883358677                         2
   59863.754883358677                         2
   60063.754883358677                         1
   60263.754883358677                         1
   60463.754883358677                         1
   60663.754883358677                         1
   60863.754883358677                         1
   61063.754883358677                         2
   61263.754883358677                         2
   61463.754883358677                         2
   61663.754883358677                         2
   61863.754883358677                         2
   62063.754883358677                         2
   62263.754883358677                         2
   62463.754883358677                         2
   62663.754883358677                         2
   62863.754883358677                         1
   63063.754883358677                         1
   63263.754883358677                         1
   63463.754883358677                         1
   63663.754883358677                         1
   63863.754883358677                         1
   64063.754883358677                         1
   64263.754883358677                         1
   64463.754883358677                         1
   64663.754883358677                         2
   64863.754883358677                         2
   65063.754883358677                         2
   65263.754883358677                         2
   65463.754883358677                         2
   65663.754883358677                         1
   65863.754883358677                         2
   66063.754883358677                         1
   66263.754883358677                         2
   66463.754883358677                         2
   66663.754883358677                         2
   66863.754883358677                         2
   67063.754883358677                         2
   67263.754883358677                         1
   67463.754883358677                         1
   67663.754883358677                         1
   67863.754883358677                         1
   68063.754883358677                         1
   68263.754883358677                         1
   68463.754883358677                         1
   68663.754883358677                         1
   68863.754883358677                         1
   69063.754883358677                         1
   69263.754883358677                         1
   69463.754883358677                         1
   69663.754883358677                         2
   69863.754883358677                         2
   70063.754883358677                         2
   70263.754883358677                         2
   70463.754883358677                         1
   70663.754883358677                         1
   70863.754883358677                         1
   71063.754883358677                         1
   71263.754883358677                         1
   71463.754883358677                         1
   71663.754883358677                         1
   71863.754883358677                         1
   72063.754883358677                         1
   72263.754883358677                         1
   72463.754883358677                         1
   72663.754883358677                         1
   72863.754883358677                         1
   73063.754883358677                         2
   73263.754883358677                         1
   73463.754883358677                         1
   73663.754883358677                         1
   73863.754883358677                         1
   74063.754883358677                         1
   74263.754883358677                         1
   74463.754883358677                         1
   74663.754883358677                         1
   74863.754883358677                         1
   75063.754883358677                         1
   75263.754883358677                         1
   75463.754883358677                         2
   75663.754883358677                         2
   75863.754883358677                         1
   76063.754883358677                         1
   76263.754883358677                         1
   76463.754883358677                         1
   76663.754883358677                         1
   76863.754883358677                         1
   77063.754883358677                         1
   77263.754883358677                         1
   77463.754883358677                         1
   77663.754883358677                         1
   77863.754883358677                         1
   78063.754883358677                         1
   78263.754883358677                         1
   78463.754883358677                         1
   78663.754883358677                         1
   78863.754883358677                         1
   79063.754883358677                         1
   79263.754883358677                         2
   79463.754883358677                         2
   79663.754883358677                         1
   79863.754883358677                         1
   80063.754883358677                         1
   80263.754883358677                         1
   80463.754883358677                         1
   80663.754883358677                         1
   80863.754883358677                         1
   81063.754883358677                         1
   81263.754883358677                         1
   81463.754883358677                         1
   81663.754883358677                         1
   81863.754883358677                         1
   82063.754883358677                         1
   82263.754883358677                         1
   82463.754883358677                         1
   82663.754883358677                         1
   82863.754883358677                         1
   83063.754883358677                         1
   83263.754883358677                         1
   83463.754883358677                         1
   83663.754883358677                         1
   83863.754883358677                         1
   84063.754883358677                         1
   84263.754883358677                         1
   84463.754883358677                         1
   84663.754883358677                         1
   84863.754883358677                         1
   85063.754883358677                         1
   85263.754883358677                         1
   85463.754883358677                         1
   85663.754883358677                         1
   85863.754883358677                         1
   86063.754883358677                         1
   86263.754883358677                         1
   86463.754883358677                         1
   86663.754883358677                         1
   86863.754883358677                         1
   87063.754883358677                         1
   87263.754883358677                         1
   87463.754883358677                         1
   87663.754883358677                         1
   87863.754883358677                         1
   88063.754883358677                         1
   88263.754883358677                         1
   88463.754883358677                         1
   88663.754883358677                         1
   88863.754883358677                         1
   89063.754883358677                         1
   89263.754883358677                         1
   89463.754883358677                         1
   89663.754883358677                         1
   89863.754883358677                         1
   90063.754883358677                         1
   90263.754883358677                         1
   90463.754883358677                         1
   90663.754883358677                         2
   90863.754883358677                         1
   91063.754883358677                         1
   91263.754883358677                         1
   91463.754883358677                         1
   91663.754883358677                         1
   91863.754883358677                         1
   92063.754883358677                         1
   92263.754883358677                         1
   92463.754883358677                         1
   92663.754883358677                         1
   92863.754883358677                         1
   93063.754883358677                         1
   93263.754883358677                         1
   93463.754883358677                         1
   93663.754883358677                         1
   93863.754883358677                         1
   94063.754883358677                         1
   94263.754883358677                         1
   94463.754883358677                         1
   94663.754883358677                         1
   94863.754883358677                         1
   95063.754883358677                         1
   95263.754883358677                         1
   95463.754883358677                         1
   95663.754883358677                         1
   95863.754883358677                         1
   96063.754883358677                         1
   96263.754883358677                         1
   96463.754883358677                         1
   96663.754883358677                         1
   96863.754883358677                         1
   97063.754883358677                         1
   97263.754883358677                         1
   97463.754883358677                         1
   97663.754883358677                         1
   97863.754883358677                         1
   98063.754883358677                         1
   98263.754883358677                         1
   98463.754883358677                         1
   98663.754883358677                         1
   98863.754883358677                         1
   99063.754883358677                         1
   99263.754883358677                         1
   99463.754883358677                         1
   99663.754883358677                         1
   99863.754883358677                         1
   100063.75488335868                         1
   100263.75488335868                         1
   100463.75488335868                         1
   100663.75488335868                         1
   100863.75488335868                         1
   101063.75488335868                         1
   101263.75488335868                         1
   101463.75488335868                         1
   101663.75488335868                         1
   101863.75488335868                         1
   102063.75488335868                         1
   102263.75488335868                         1
   102463.75488335868                         1
   102663.75488335868                         1
   102863.75488335868                         1
   103063.75488335868                         1
   103263.75488335868                         1
   103463.75488335868                         1
   103663.75488335868                         1
   103863.75488335868                         1
   104063.75488335868                         1
   104263.75488335868                         1
   104463.75488335868                         1
   104663.75488335868                         1
   104863.75488335868                         1
   105063.75488335868                         1
   105263.75488335868                         1
   105463.75488335868                         1
   105663.75488335868                         1
   105863.75488335868                         1
   106063.75488335868                         1
   106263.75488335868                         1
   106463.75488335868                         1
   106663.75488335868                         1
   106863.75488335868                         1
   107063.75488335868                         1
   107263.75488335868                         1
   107463.75488335868                         1
   107663.75488335868                         1
   107863.75488335868                         1
   108063.75488335868                         1
   108263.75488335868                         1
   108463.75488335868                         1
   108663.75488335868                         1
   108863.75488335868                         1
   109063.75488335868                         1
   109263.75488335868                         1
   109463.75488335868                         1
   109663.75488335868                         1
   109863.75488335868                         1
   110063.75488335868                         1
   110263.75488335868                         1
   110463.75488335868                         1
   110663.75488335868                         1
   110863.75488335868                         1
   111063.75488335868                         1
   111263.75488335868                         1
   111463.75488335868                         1
   111663.75488335868                         1
   111863.75488335868                         1
   112063.75488335868                         1
   112263.75488335868                         1
   112463.75488335868                         1
   112663.75488335868                         1
   112863.75488335868                         1
   113063.75488335868                         1
   113263.75488335868                         1
   113463.75488335868                         1
   113663.75488335868                         1
   113863.75488335868                         1
   114063.75488335868                         1
   114263.75488335868                         1
   114463.75488335868                         1
   114663.75488335868                         1
   114863.75488335868                         1
   115063.75488335868                         1
   115263.75488335868                         1
   115463.75488335868                         1
   115663.75488335868                         1
   115863.75488335868                         1
   116063.75488335868                         1
   116263.75488335868                         1
   116463.75488335868                         1
   116663.75488335868                         1
   116863.75488335868                         1
   117063.75488335868                         1
   117263.75488335868                         1
   117463.75488335868                         1
   117663.75488335868                         1
   117863.75488335868                         1
   118063.75488335868                         1
   118263.75488335868                         1
   118463.75488335868                         1
   118663.75488335868                         1
   118863.75488335868                         1
   119063.75488335868                         1
   119263.75488335868                         1
   119463.75488335868                         1
   119663.75488335868                         1
   119863.75488335868                         1
   120063.75488335868                         1
   120263.75488335868                         1
   120463.75488335868                         1
   120663.75488335868                         1
   120863.75488335868                         1
   121063.75488335868                         1
   121263.75488335868                         1
   121463.75488335868                         1
   121663.75488335868                         1
   121863.75488335868                         1
   122063.75488335868                         1
   122263.75488335868                         1
   122463.75488335868                         1
   122663.75488335868                         1
   122863.75488335868                         1
   123063.75488335868                         1
   123263.75488335868                         1
   123463.75488335868                         1
   123663.75488335868                         1
   123863.75488335868                         1
   124063.75488335868                         1
   124263.75488335868                         1
   124463.75488335868                         1
   124663.75488335868                         1
   124863.75488335868                         1
   125063.75488335868                         1
   125263.75488335868                         1
   125463.75488335868                         1
   125663.75488335868                         1
   125863.75488335868                         1
   126063.75488335868                         1
   126263.75488335868                         1
   126463.75488335868                         1
   126663.75488335868                         1
   126863.75488335868                         1
   127063.75488335868                         1
   127263.75488335868                         1
   127463.75488335868                         1
   127663.75488335868                         1
   127863.75488335868                         1
   128063.75488335868                         1
   128263.75488335868                         1
   128463.75488335868                         1
   128663.75488335868                         1
   128863.75488335868                         1
   129063.75488335868                         1
   129263.75488335868                         1
   129463.75488335868                         1
   129663.75488335868                         1
   129863.75488335868                         1
   130063.75488335868                         1
   130263.75488335868                         1
   130463.75488335868                         1
   130663.75488335868                         1
   130863.75488335868                         1
   131063.75488335868                         1
   131263.75488335866                         1
   131463.75488335866                         1
   131663.75488335866                         1
   131863.75488335866                         1
   132063.75488335866                         1
   132263.75488335866                         1
   132463.75488335866                         1
   132663.75488335866                         1
   132863.75488335866                         1
   133063.75488335866                         1
   133263.75488335866                         1
   133463.75488335866                         1
   133663.75488335866                         1
   133863.75488335866                         1
   134063.75488335866                         1
   134263.75488335866                         1
   134463.75488335866                         1
   134663.75488335866                         1
   134863.75488335866                         1
   135063.75488335866                         1
   135263.75488335866                         1
   135463.75488335866                         1
   135663.75488335866                         1
   135863.75488335866                         1
   136063.75488335866                         1
   136263.75488335866                         1
   136463.75488335866                         1
   136663.75488335866                         1
   136863.75488335866                         1
   137063.75488335866                         1
   137263.75488335866                         1
   137463.75488335866                         1
   137663.75488335866                         1
   137863.75488335866                         1
   138063.75488335866                         1
   138263.75488335866                         1
   138463.75488335866                         1
   138663.75488335866                         1
   138863.75488335866                         1
   139063.75488335866                         1
   139263.75488335866                         1
   139463.75488335866                         1
   139663.75488335866                         1
   139863.75488335866                         1
   140063.75488335866                         1
   140263.75488335866                         1
   140463.75488335866                         1
   140663.75488335866                         1
   140863.75488335866                         1
   141063.75488335866                         1
   141263.75488335866                         1
   141463.75488335866                         1
   141663.75488335866                         1
   141863.75488335866                         1
   142063.75488335866                         1
   142263.75488335866                         1
   142463.75488335866                         1
   142663.75488335866                         1
   142863.75488335866                         1
   143063.75488335866                         1
   143263.75488335866                         1
   143463.75488335866                         1
   143663.75488335866                         1
   143863.75488335866                         1
   144063.75488335866                         1
   144263.75488335866                         1
   144463.75488335866                         1
   144663.75488335866                         1
   144863.75488335866                         1
   145063.75488335866                         1
   145263.75488335866                         1
   145463.75488335866                         1
   145663.75488335866                         1
   145863.75488335866                         1
   146063.75488335866                         1
   146263.75488335866                         1
   146463.75488335866                         1
   146663.75488335866                         1
   146863.75488335866                         1
   147063.75488335866                         1
   147263.75488335866                         1
   147463.75488335866                         1
   147663.75488335866                         1
   147863.75488335866                         1
   148063.75488335866                         1
   148263.75488335866                         1
   148463.75488335866                         1
   148663.75488335866                         1
   148863.75488335866                         1
   149063.75488335866                         1
   149263.75488335866                         1
   149463.75488335866                         1
   149663.75488335866                         1
   149863.75488335866                         1
   150063.75488335866                         1
   150263.75488335866                         1
   150463.75488335866                         1
   150663.75488335866                         1
   150863.75488335866                         1
   151063.75488335866                         1
   151263.75488335866                         1
   151463.75488335866                         1
   151663.75488335866                         1
   151863.75488335866                         1
   152063.75488335866                         1
   152263.75488335866                         1
   152463.75488335866                         1
   152663.75488335866                         1
   152863.75488335866                         1
   153063.75488335866                         1
   153263.75488335866                         1
   153463.75488335866                         1
   153663.75488335866                         1
   153863.75488335866                         1
   154063.75488335866                         1
   154263.75488335866                         1
   154463.75488335866                         1
   154663.75488335866                         1
   154863.75488335866                         1
   155063.75488335866                         1
   155263.75488335866                         1
   155463.75488335866                         1
   155663.75488335866                         1
   155863.75488335866                         1
   156063.75488335866                         1
   156263.75488335866                         1
   156463.75488335866                         1
   156663.75488335866                         1
   156863.75488335866                         1
   157063.75488335866                         1
   157263.75488335866                         1
   157463.75488335866                         1
   157663.75488335866                         1
   157863.75488335866                         1
   158063.75488335866                         1
   158263.75488335866                         1
   158463.75488335866                         1
   158663.75488335866                         1
   158863.75488335866                         1
   159063.75488335866                         1
   159263.75488335866                         1
   159463.75488335866                         1
   159663.75488335866                         1
   159863.75488335866                         1
   160063.75488335866                         1
   160263.75488335866                         1
   160463.75488335866                         1
   160663.75488335866                         1
   160863.75488335866                         1
   161063.75488335866                         1
   161263.75488335866                         1
   161463.75488335866                         1
   161663.75488335866                         1
   161863.75488335866                         1
   162063.75488335866                         1
   162263.75488335866                         1
   162463.75488335866                         1
   162663.75488335866                         1
   162863.75488335866                         1
   163063.75488335866                         1
   163263.75488335866                         1
   163463.75488335866                         1
   163663.75488335866                         1
   163863.75488335866                         1
   164063.75488335866                         1
   164263.75488335866                         1
   164463.75488335866                         1
   164663.75488335866                         1
   164863.75488335866                         1
   165063.75488335866                         1
   165263.75488335866                         1
   165463.75488335866                         1
   165663.75488335866                         1
   165863.75488335866                         1
   166063.75488335866                         1
   166263.75488335866                         1
   166463.75488335866                         1
   166663.75488335866                         1
   166863.75488335866                         1
   167063.75488335866                         1
   167263.75488335866                         1
   167463.75488335866                         1
   167663.75488335866                         1
   167863.75488335866                         1
   168063.75488335866                         1
   168263.75488335866                         1
   168463.75488335866                         1
   168663.75488335866                         1
   168863.75488335866                         1
   169063.75488335866                         1
   169263.75488335866                         1
   169463.75488335866                         1
   169663.75488335866                         1
   169863.75488335866                         1
   170063.75488335866                         1
   170263.75488335866                         1
   170463.75488335866                         1
   170663.75488335866                         1
   170863.75488335866                         1
   171063.75488335866                         1
   171263.75488335866                         1
   171463.75488335866                         1
   171663.75488335866                         1
   171863.75488335866                         1
   172063.75488335866                         1
   172263.75488335866                         1
   172463.75488335866                         1
   172663.75488335866                         1
   172863.75488335866                         1
   173063.75488335866                         1
   173263.75488335866                         1
   173463.75488335866                         1
   173663.75488335866                         1
   173863.75488335866                         1
   174063.75488335866                         1
   174263.75488335866                         1
   174463.75488335866                         1
   174663.75488335866                         1
   174863.75488335866                         1
   175063.75488335866                         1
   175263.75488335866                         1
   175463.75488335866                         1
   175663.75488335866                         1
   175863.75488335866                         1
   176063.75488335866                         1
   176263.75488335866                         1
   176463.75488335866                         1
   176663.75488335866                         1
   176863.75488335866                         1
   177063.75488335866                         1
   177263.75488335866                         1
   177463.75488335866                         1
   177663.75488335866                         1
   177863.75488335866                         1
   178063.75488335866                         1
   178263.75488335866                         1
   178463.75488335866                         1
   178663.75488335866                         1
   178863.75488335866                         1
   179063.75488335866                         1
   179263.75488335866                         1
   179463.75488335866                         1
   179663.75488335866                         1
   179863.75488335866                         1
   180063.75488335866                         1
   180263.75488335866                         1
   180463.75488335866                         1
   180663.75488335866                         1
   180863.75488335866                         1
   181063.75488335866                         1
   181263.75488335866                         1
   181463.75488335866                         1
   181663.75488335866                         1
   181863.75488335866                         1
   182063.75488335866                         1
   182263.75488335866                         1
   182463.75488335866                         1
   182663.75488335866                         1
   182863.75488335866                         1
   183063.75488335866                         1
   183263.75488335866                         1
   183463.75488335866                         1
   183663.75488335866                         1
   183863.75488335866                         1
   184063.75488335866                         1
   184263.75488335866                         1
   184463.75488335866                         1
   184663.75488335866                         1
   184863.75488335866                         1
   185063.75488335866                         1
   185263.75488335866                         1
   185463.75488335866                         1
   185663.75488335866                         1
   185863.75488335866                         1
   186063.75488335866                         1
   186263.75488335866                         1
   186463.75488335866                         1
   186663.75488335866                         1
   186863.75488335866                         1
   187063.75488335866                         1
   187263.75488335866                         1
   187463.75488335866                         1
   187663.75488335866                         1
   187863.75488335866                         1
   188063.75488335866                         1
   188263.75488335866                         1
   188463.75488335866                         1
   188663.75488335866                         1
   188863.75488335866                         1
   189063.75488335866                         1
   189263.75488335866                         1
   189463.75488335866                         1
   189663.75488335866                         1
   189863.75488335866                         1
   190063.75488335866                         1
   190263.75488335866                         1
   190463.75488335866                         1
   190663.75488335866                         1
   190863.75488335866                         1
   191063.75488335866                         1
   191263.75488335866                         1
   191463.75488335866                         1
   191663.75488335866                         1
   191863.75488335866                         1
   192063.75488335866                         1
   192263.75488335866                         1
   192463.75488335866                         1
   192663.75488335866                         1
   192863.75488335866                         1
   193063.75488335866                         1
   193263.75488335866                         1
   193463.75488335866                         1
   193663.75488335866                         1
   193863.75488335866                         1
   194063.75488335866                         1
   194263.75488335866                         1
   194463.75488335866                         1
   194663.75488335866                         1
   194863.75488335866                         1
   195063.75488335866                         1
   195263.75488335866                         1
   195463.75488335866                         1
   195663.75488335866                         1
   195863.75488335866                         1
   196063.75488335866                         1
   196263.75488335866                         1
   196463.75488335866                         1
   196663.75488335866                         1
   196863.75488335866                         1
   197063.75488335866                         1
   197263.75488335866                         1
   197463.75488335866                         1
   197663.75488335866                         1
   197863.75488335866                         1
   198063.75488335866                         1
   198263.75488335866                         1
   198463.75488335866                         1
   198663.75488335866                         1
   198863.75488335866                         1
   199063.75488335866                         1
   199263.75488335866                         1
   199463.75488335866                         1
   199663.75488335866                         1
   199863.75488335866                         1
   200063.75488335866                         1
   200263.75488335866                         1
   200463.75488335866                         1
   200663.75488335866                         1
   200863.75488335866                         1
   201063.75488335866                         1
   201263.75488335866                         1
   201463.75488335866                         1
   201663.75488335866                         1
   201863.75488335866                         1
   202063.75488335866                         1
   202263.75488335866                         1
   202463.75488335866                         1
   202663.75488335866                         1
   202863.75488335866                         1
   203063.75488335866                         1
   203263.75488335866                         1
   203463.75488335866                         1
   203663.75488335866                         1
   203863.75488335866                         1
   204063.75488335866                         1
   204263.75488335866                         1
   204463.75488335866                         1
   204663.75488335866                         1
   204863.75488335866                         1
   205063.75488335866                         1
   205263.75488335866                         1
   205463.75488335866                         1
   205663.75488335866                         1
   205863.75488335866                         1
   206063.75488335866                         1
   206263.75488335866                         1
   206463.75488335866                         1
   206663.75488335866                         1
   206863.75488335866                         1
   207063.75488335866                         1
   207263.75488335866                         1
   207463.75488335866                         1
   207663.75488335866                         1
   207863.75488335866                         1
   208063.75488335866                         1
   208263.75488335866                         1
   208463.75488335866                         1
   208663.75488335866                         1
   208863.75488335866                         1
   209063.75488335866                         1
   209263.75488335866                         1
   209463.75488335866                         1
   209663.75488335866                         1
   209863.75488335866                         1
   210063.75488335866                         1
   210263.75488335866                         1
   210463.75488335866                         1
   210663.75488335866                         1
   210863.75488335866                         1
   211063.75488335866                         1
   211263.75488335866                         1
   211463.75488335866                         1
   211663.75488335866                         1
   211863.75488335866                         1
   212063.75488335866                         1
   212263.75488335866                         1
   212463.75488335866                         1
   212663.75488335866                         1
   212863.75488335866                         1
   213063.75488335866                         1
   213263.75488335866                         1
   213463.75488335866                         1
   213663.75488335866                         1
   213863.75488335866                         1
   214063.75488335866                         1
   214263.75488335866                         1
   214463.75488335866                         1
   214663.75488335866                         1
   214863.75488335866                         1
   215063.75488335866                         1
   215263.75488335866                         1
   215463.75488335866                         1
   215663.75488335866                         1
   215863.75488335866                         1
   216063.75488335866                         1
   216263.75488335866                         1
   216463.75488335866                         1
   216663.75488335866                         1
   216863.75488335866                         1
   217063.75488335866                         1
   217263.75488335866                         1
   217463.75488335866                         1
   217663.75488335866                         1
   217863.75488335866                         1
   218063.75488335866                         1
   218263.75488335866                         1
   218463.75488335866                         1
   218663.75488335866                         1
   218863.75488335866                         1
   219063.75488335866                         1
   219263.75488335866                         1
   219463.75488335866                         1
   219663.75488335866                         1
   219863.75488335866                         1
   220063.75488335866                         1
   220263.75488335866                         1
   220463.75488335866                         1
   220663.75488335866                         1
   220863.75488335866                         1
   221063.75488335866                         1
   221263.75488335866                         1
   221463.75488335866                         1
   221663.75488335866                         1
   221863.75488335866                         1
   222063.75488335866                         1
   222263.75488335866                         1
   222463.75488335866                         1
   222663.75488335866                         1
   222863.75488335866                         1
   223063.75488335866                         1
   223263.75488335866                         1
   223463.75488335866                         1
   223663.75488335866                         1
   223863.75488335866                         1
   224063.75488335866                         1
   224263.75488335866                         1
   224463.75488335866                         1
   224663.75488335866                         1
   224863.75488335866                         1
   225063.75488335866                         1
   225263.75488335866                         1
   225463.75488335866                         1
   225663.75488335866                         1
   225863.75488335866                         1
   226063.75488335866                         1
   226263.75488335866                         1
   226463.75488335866                         1
   226663.75488335866                         1
   226863.75488335866                         1
   227063.75488335866                         1
   227263.75488335866                         1
   227463.75488335866                         1
   227663.75488335866                         1
   227863.75488335866                         1
   228063.75488335866                         1
   228263.75488335866                         1
   228463.75488335866                         1
   228663.75488335866                         1
   228863.75488335866                         1
   229063.75488335866                         1
   229263.75488335866                         1
   229463.75488335866                         1
   229663.75488335866                         1
   229863.75488335866                         1
   230063.75488335866                         1
   230263.75488335866                         1
   230463.75488335866                         1
   230663.75488335866                         1
   230863.75488335866                         1
   231063.75488335866                         1
   231263.75488335866                         1
   231463.75488335866                         1
   231663.75488335866                         1
   231863.75488335866                         1
   232063.75488335866                         1
   232263.75488335866                         1
   232463.75488335866                         1
   232663.75488335866                         1
   232863.75488335866                         1
   233063.75488335866                         1
   233263.75488335866                         1
   233463.75488335866                         1
   233663.75488335866                         1
   233863.75488335866                         1
   234063.75488335866                         1
   234263.75488335866                         1
   234463.75488335866                         1
   234663.75488335866                         1
   234863.75488335866                         1
   235063.75488335866                         1
   235263.75488335866                         1
   235463.75488335866                         1
   235663.75488335866                         1
   235863.75488335866                         1
   236063.75488335866                         1
   236263.75488335866                         1
   236463.75488335866                         1
   236663.75488335866                         1
   236863.75488335866                         1
   237063.75488335866                         1
   237263.75488335866                         1
   237463.75488335866                         1
   237663.75488335866                         1
   237863.75488335866                         1
   238063.75488335866                         1
   238263.75488335866                         1
   238463.75488335866                         1
   238663.75488335866                         1
   238863.75488335866                         1
   239063.75488335866                         1
   239263.75488335866                         1
   239463.75488335866                         1
   239663.75488335866                         1
   239863.75488335866                         1
   240063.75488335866                         1
   240263.75488335866                         1
   240463.75488335866                         1
   240663.75488335866                         1
   240863.75488335866                         1
   241063.75488335866                         1
   241263.75488335866                         1
   241463.75488335866                         1
   241663.75488335866                         1
   241863.75488335866                         1
   242063.75488335866                         1
   242263.75488335866                         1
   242463.75488335866                         1
   242663.75488335866                         1
   242863.75488335866                         1
   243063.75488335866                         1
   243263.75488335866                         1
   243463.75488335866                         1
   243663.75488335866                         1
   243863.75488335866                         1
   244063.75488335866                         1
   244263.75488335866                         1
   244463.75488335866                         1
   244663.75488335866                         1
   244863.75488335866                         1
   245063.75488335866                         1
   245263.75488335866                         1
   245463.75488335866                         1
   245663.75488335866                         1
   245863.75488335866                         1
   246063.75488335866                         1
   246263.75488335866                         1
   246463.75488335866                         1
   246663.75488335866                         1
   246863.75488335866                         1
   247063.75488335866                         1
   247263.75488335866                         1
   247463.75488335866                         1
   247663.75488335866                         1
   247863.75488335866                         1
   248063.75488335866                         1
   248263.75488335866                         1
   248463.75488335866                         1
   248663.75488335866                         1
   248863.75488335866                         1
   249063.75488335866                         1
   249263.75488335866                         1
   249463.75488335866                         1
   249663.75488335866                         1
   249863.75488335866                         1
   250063.75488335866                         1
   250263.75488335866                         1
   250463.75488335866                         1
   250663.75488335866                         1
   250863.75488335866                         1
   251063.75488335866                         1
   251263.75488335866                         1
   251463.75488335866                         1
   251663.75488335866                         1
   251863.75488335866                         1
   252063.75488335866                         1
   252263.75488335866                         1
   252463.75488335866                         1
   252663.75488335866                         1
   252863.75488335866                         1
   253063.75488335866                         1
   253263.75488335866                         1
   253463.75488335866                         1
   253663.75488335866                         1
   253863.75488335866                         1
   254063.75488335866                         1
   254263.75488335866                         1
   254463.75488335866                         1
   254663.75488335866                         1
   254863.75488335866                         1
   255063.75488335866                         1
   255263.75488335866                         1
   255463.75488335866                         1
   255663.75488335866                         1
   255863.75488335866                         1
   256063.75488335866                         1
   256263.75488335866                         1
   256463.75488335866                         1
   256663.75488335866                         1
   256863.75488335866                         1
   257063.75488335866                         1
   257263.75488335866                         1
   257463.75488335866                         1
   257663.75488335866                         1
   257863.75488335866                         1
   258063.75488335866                         1
   258263.75488335866                         1
   258463.75488335866                         1
   258663.75488335866                         1
   258863.75488335866                         1
   259063.75488335866                         1
