                    1   2.5000000000000001E-003  -608.93242809311459     
                    2   7.4999999999999997E-003  -575.93795130543594     
                    3   1.2500000000000001E-002  -542.24561985081073     
                    4   1.7500000000000002E-002  -508.52482971036466     
                    5   2.2499999999999999E-002  -474.85869852318007     
                    6   2.7500000000000000E-002  -441.28591394265004     
                    7   3.2500000000000001E-002  -407.77751695326032     
                    8   3.7500000000000006E-002  -374.34035196158248     
                    9   4.2499999999999996E-002  -341.03633229922650     
                   10   4.7500000000000001E-002  -307.85392440705095     
                   11   5.2500000000000005E-002  -274.79878863575988     
                   12   5.7499999999999996E-002  -241.93792976874877     
                   13   6.2500000000000000E-002  -209.30513950204994     
                   14   6.7500000000000004E-002  -176.97205463482015     
                   15   7.2500000000000009E-002  -145.02728241842857     
                   16   7.7499999999999999E-002  -113.60090845980170     
                   17   8.2500000000000004E-002  -83.149593244034293     
                   18   8.7499999999999994E-002  -55.733117633762298     
                   19   9.2499999999999999E-002  -39.771129171288671     
                   20   9.7500000000000003E-002  -31.175610783811315     
                   21  0.10250000000000001       -28.649235154057962     
                   22  0.10750000000000000       -28.251211992376305     
                   23  0.11250000000000000       -27.997842463213345     
                   24  0.11749999999999999       -27.744604705550387     
                   25  0.12250000000000000       -27.513567115379065     
                   26  0.12750000000000000       -27.303918740852637     
                   27  0.13250000000000001       -27.114298169718460     
                   28  0.13750000000000001       -26.943062155848491     
                   29  0.14250000000000002       -26.788504041075100     
                   30  0.14749999999999999       -26.648989979434305     
                   31  0.15250000000000000       -26.523026017174264     
                   32  0.15750000000000000       -26.409279880972591     
                   33  0.16250000000000001       -26.306577914206905     
                   34  0.16750000000000001       -26.213890819944591     
                   35  0.17250000000000001       -26.130316003230057     
                   36  0.17749999999999999       -26.055060350176571     
                   37  0.18250000000000000       -25.987424984118789     
                   38  0.18750000000000000       -25.926792363320331     
                   39  0.19250000000000000       -25.872615566242583     
                   40  0.19750000000000001       -25.824409435121044     
                   41  0.20250000000000001       -25.781743231697948     
                   42  0.20750000000000002       -25.744234502761060     
                   43  0.21249999999999999       -25.711543911409379     
                   44  0.21750000000000000       -25.683370843851154     
                   45  0.22250000000000000       -25.659449645353028     
                   46  0.22750000000000001       -25.639546372597884     
                   47  0.23250000000000001       -25.623455974947202     
                   48  0.23749999999999999       -25.610999835991105     
                   49  0.24249999999999999       -25.602023621047287     
                   50  0.24750000000000000       -25.596395387251825     
                   51  0.25250000000000000       -25.594003921501752     
                   52  0.25750000000000001       -25.594757278403250     
                   53  0.26250000000000001       -25.598581495991553     
                   54  0.26750000000000002       -25.605419471625027     
                   55  0.27250000000000002       -25.615229984333602     
                   56  0.27750000000000002       -25.627986853180197     
                   57  0.28250000000000003       -25.643678223990555     
                   58  0.28749999999999998       -25.662305979207474     
                   59  0.29249999999999998       -25.683885267676981     
                   60  0.29749999999999999       -25.708444152864740     
