                    1   0.0000000000000000       -18.689271537928541     
                    2   5.0000000000000001E-003  -21.283632491551554     
                    3   1.0000000000000000E-002  -21.396386545360542     
                    4   1.4999999999999999E-002  -21.568415676430067     
                    5   2.0000000000000000E-002  -21.532372831597520     
                    6   2.5000000000000001E-002  -21.538015697905799     
                    7   2.9999999999999999E-002  -21.543748550780109     
                    8   3.5000000000000003E-002  -21.682344398461101     
                    9   4.0000000000000001E-002  -21.577506708575886     
                   10   4.4999999999999998E-002  -21.607853224313921     
                   11   5.0000000000000003E-002  -21.727864798626978     
                   12   5.5000000000000000E-002  -21.586755871392914     
                   13   5.9999999999999998E-002  -21.671289675465957     
                   14   6.5000000000000002E-002  -21.542373805388170     
                   15   7.0000000000000007E-002  -21.475546198085720     
                   16   7.4999999999999997E-002  -21.399652141732954     
                   17   8.0000000000000002E-002  -21.257494776716641     
                   18   8.5000000000000006E-002  -21.156801432184686     
                   19   8.9999999999999997E-002  -20.959017950868159     
                   20   9.5000000000000001E-002  -20.772898194359477     
                   21  0.10000000000000001       -20.529749271331042     
                   22  0.10500000000000000       -20.169332414088746     
                   23  0.11000000000000000       -19.956892243853812     
                   24  0.11500000000000000       -19.569988179801722     
                   25  0.12000000000000000       -19.143205305787649     
                   26  0.12500000000000000       -18.653103375527916     
                   27  0.13000000000000000       -18.013494286236448     
                   28  0.13500000000000001       -17.194920472086867     
                   29  0.14000000000000001       -16.086808347335506     
                   30  0.14499999999999999       -15.860842222041738     
                   31  0.14999999999999999       -22.569647197373321     
                   32  0.15500000000000000       -27.495864450019976     
                   33  0.16000000000000000       -29.508503012406518     
                   34  0.16500000000000001       -29.888263189319378     
                   35  0.17000000000000001       -29.837797745912610     
                   36  0.17500000000000002       -29.792484443014793     
                   37  0.17999999999999999       -29.752511797654606     
                   38  0.18500000000000000       -29.717846033814453     
                   39  0.19000000000000000       -29.688308248334081     
                   40  0.19500000000000001       -29.663640685768293     
                   41  0.20000000000000001       -29.643557085980778     
                   42  0.20500000000000002       -29.627776635083531     
                   43  0.20999999999999999       -29.616043837124767     
                   44  0.21500000000000000       -29.608137808168600     
                   45  0.22000000000000000       -29.603874534554720     
                   46  0.22500000000000001       -29.603105040209254     
                   47  0.23000000000000001       -29.605711587414483     
                   48  0.23500000000000001       -29.611603257667543     
                   49  0.23999999999999999       -29.620711651732446     
                   50  0.24500000000000000       -29.632987038630990     
                   51  0.25000000000000000       -29.648395044456507     
                   52  0.25500000000000000       -29.666913855270206     
                   53  0.26000000000000001       -29.688531866697854     
                   54  0.26500000000000001       -29.713245709793760     
                   55  0.27000000000000002       -29.741058594734685     
                   56  0.27500000000000002       -29.771978928200525     
                   57  0.28000000000000003       -29.806019171574061     
                   58  0.28500000000000003       -29.843194914322819     
                   59  0.28999999999999998       -29.883524141085090     
                   60  0.29499999999999998       -29.927026673651074     
                   61  0.29999999999999999       -29.973723771731244     
