                    1   2.5000000000000001E-003  0.35081225296826390     
                    2   7.4999999999999997E-003  0.30000021971504048     
                    3   1.2500000000000001E-002  0.29249965810735268     
                    4   1.7500000000000002E-002  0.28748475365022663     
                    5   2.2499999999999999E-002  0.28395819986807241     
                    6   2.7500000000000000E-002  0.28120579855218780     
                    7   3.2500000000000001E-002  0.27995271330208277     
                    8   3.7500000000000006E-002  0.27851982093956679     
                    9   4.2499999999999996E-002  0.27697531589975444     
                   10   4.7500000000000001E-002  0.27524796679367008     
                   11   5.2500000000000005E-002  0.27456005246431414     
                   12   5.7499999999999996E-002  0.27364907774432656     
                   13   6.2500000000000000E-002  0.27289088988222765     
                   14   6.7500000000000004E-002  0.27315886347641244     
                   15   7.2500000000000009E-002  0.27246788440715325     
                   16   7.7499999999999999E-002  0.27147475410349464     
                   17   8.2500000000000004E-002  0.27107520288915593     
                   18   8.7499999999999994E-002  0.27061069292624657     
                   19   9.2499999999999999E-002  0.27007947334072763     
                   20   9.7500000000000003E-002  0.26995352670413547     
                   21  0.10250000000000001       0.26899546295198096     
                   22  0.10750000000000000       0.26754369311380277     
                   23  0.11250000000000000       0.26672847790612925     
                   24  0.11749999999999999       0.26575267776857758     
                   25  0.12250000000000000       0.26439721113082759     
                   26  0.12750000000000000       0.26358069898968506     
                   27  0.13250000000000001       0.26250493470266312     
                   28  0.13750000000000001       0.26019637008812485     
                   29  0.14250000000000002       0.25916237334942532     
                   30  0.14749999999999999       0.25852608583413395     
                   31  0.15250000000000000       0.25889758037605437     
                   32  0.15750000000000000       0.25912906302437511     
                   33  0.16250000000000001       0.25889051995928580     
                   34  0.16750000000000001       0.26097326061689019     
                   35  0.17250000000000001       0.26521148023954122     
                   36  0.17749999999999999       0.27156118548265784     
                   37  0.18250000000000000       0.23867161004718740     
                   38  0.18750000000000000       0.16659305236570082     
                   39  0.19250000000000000       0.12736859268908382     
                   40  0.19750000000000001       0.11889486918899260     
                   41  0.20250000000000001       0.11784919488512530     
                   42  0.20750000000000002       0.11796409646655839     
                   43  0.21249999999999999       0.11805792102723486     
                   44  0.21750000000000000       0.11813026140164898     
                   45  0.22250000000000000       0.11818099746397620     
                   46  0.22750000000000001       0.11821025193385432     
                   47  0.23250000000000001       0.11821834602793338     
                   48  0.23749999999999999       0.11820575644074724     
                   49  0.24249999999999999       0.11817307479029636     
                   50  0.24750000000000000       0.11812097034460747     
                   51  0.25250000000000000       0.11805015656045950     
                   52  0.25750000000000001       0.11796136171707439     
                   53  0.26250000000000001       0.11785530371724998     
                   54  0.26750000000000002       0.11773266895686983     
                   55  0.27250000000000002       0.11759409503111656     
                   56  0.27750000000000002       0.11744015695158196     
                   57  0.28250000000000003       0.11727135649156072     
                   58  0.28749999999999998       0.11708811425494425     
                   59  0.29249999999999998       0.11689076407412116     
                   60  0.29749999999999999       0.11667954937998321     
