                    1   2.5000000000000001E-003  -585.97483119610433     
                    2   7.4999999999999997E-003  -563.69323241113625     
                    3   1.2500000000000001E-002  -537.77836715097123     
                    4   1.7500000000000002E-002  -511.05016254921634     
                    5   2.2499999999999999E-002  -483.77255347837263     
                    6   2.7500000000000000E-002  -456.10208781971676     
                    7   3.2500000000000001E-002  -428.20002424777329     
                    8   3.7500000000000006E-002  -400.16271396224596     
                    9   4.2499999999999996E-002  -371.97316521112612     
                   10   4.7500000000000001E-002  -343.61386466134513     
                   11   5.2500000000000005E-002  -315.14857141209296     
                   12   5.7499999999999996E-002  -286.63795777703905     
                   13   6.2500000000000000E-002  -258.07932582194780     
                   14   6.7500000000000004E-002  -229.55697839287228     
                   15   7.2500000000000009E-002  -201.07628434092391     
                   16   7.7499999999999999E-002  -172.54855721287200     
                   17   8.2500000000000004E-002  -143.99262384353020     
                   18   8.7499999999999994E-002  -115.44536322407025     
                   19   9.2499999999999999E-002  -86.933109672967618     
                   20   9.7500000000000003E-002  -59.082007932338108     
                   21  0.10250000000000001       -35.394501547310078     
                   22  0.10750000000000000       -30.158408200280810     
                   23  0.11250000000000000       -21.126306827475780     
                   24  0.11749999999999999       -20.885048383716622     
                   25  0.12250000000000000       -20.808170224920296     
                   26  0.12750000000000000       -20.716240258981440     
                   27  0.13250000000000001       -20.628437310675025     
                   28  0.13750000000000001       -20.544468482236340     
                   29  0.14250000000000002       -20.464349355655223     
                   30  0.14749999999999999       -20.388170203870324     
                   31  0.15250000000000000       -20.316005753261791     
                   32  0.15750000000000000       -20.247886975301729     
                   33  0.16250000000000001       -20.183798863462538     
                   34  0.16750000000000001       -20.123688104613862     
                   35  0.17250000000000001       -20.067473450271528     
                   36  0.17749999999999999       -20.015055665084379     
                   37  0.18250000000000000       -19.966325845227971     
                   38  0.18750000000000000       -19.921171810115741     
                   39  0.19250000000000000       -19.879482690430081     
                   40  0.19750000000000001       -19.841152005348910     
                   41  0.20250000000000001       -19.806079563471322     
                   42  0.20750000000000002       -19.774172500327534     
                   43  0.21249999999999999       -19.745345716522543     
                   44  0.21750000000000000       -19.719521924406564     
                   45  0.22250000000000000       -19.696631458100093     
                   46  0.22750000000000001       -19.676611956475988     
                   47  0.23250000000000001       -19.659407992760240     
                   48  0.23749999999999999       -19.644970697396321     
                   49  0.24249999999999999       -19.633257401501663     
                   50  0.24750000000000000       -19.624231315115065     
                   51  0.25250000000000000       -19.617861246005035     
                   52  0.25750000000000001       -19.614121359790055     
                   53  0.26250000000000001       -19.612990979480742     
                   54  0.26750000000000002       -19.614454421541012     
                   55  0.27250000000000002       -19.618500865729406     
                   56  0.27750000000000002       -19.625124257225199     
                   57  0.28250000000000003       -19.634323242269765     
                   58  0.28749999999999998       -19.646101143999914     
                   59  0.29249999999999998       -19.660465996058608     
                   60  0.29749999999999999       -19.677430673432980     
