                    1   2.5000000000000001E-003  -8.2352254743278408     
                    2   7.4999999999999997E-003  -10.458161574775916     
                    3   1.2500000000000001E-002  -10.858231926532092     
                    4   1.7500000000000002E-002  -13.101602260892502     
                    5   2.2499999999999999E-002  -17.391131577600540     
                    6   2.7500000000000000E-002  -19.572378771573103     
                    7   3.2500000000000001E-002  -19.318540489085116     
                    8   3.7500000000000006E-002  -19.022011480965890     
                    9   4.2499999999999996E-002  -18.783303435765415     
                   10   4.7500000000000001E-002  -18.581125830173590     
                   11   5.2500000000000005E-002  -18.404783106201407     
                   12   5.7499999999999996E-002  -18.248728310196455     
                   13   6.2500000000000000E-002  -18.109698071814393     
                   14   6.7500000000000004E-002  -17.985431556343798     
                   15   7.2500000000000009E-002  -17.874136803815844     
                   16   7.7499999999999999E-002  -17.774281163512534     
                   17   8.2500000000000004E-002  -17.684514319470836     
                   18   8.7499999999999994E-002  -17.603641061988007     
                   19   9.2499999999999999E-002  -17.530609526549604     
                   20   9.7500000000000003E-002  -17.464501907043658     
                   21  0.10250000000000001       -17.404523705359399     
                   22  0.10750000000000000       -17.349991160862153     
                   23  0.11250000000000000       -17.300317672287271     
                   24  0.11749999999999999       -17.255000185520672     
                   25  0.12250000000000000       -17.213606316210317     
                   26  0.12750000000000000       -17.175762690605183     
                   27  0.13250000000000001       -17.141144735593823     
                   28  0.13750000000000001       -17.109467964109378     
                   29  0.14250000000000002       -17.080480684401770     
                   30  0.14749999999999999       -17.053957997717788     
                   31  0.15250000000000000       -17.029696922744890     
                   32  0.15750000000000000       -17.007512482801520     
                   33  0.16250000000000001       -16.987234602618642     
                   34  0.16750000000000001       -16.968705678439726     
                   35  0.17250000000000001       -16.951778703606710     
                   36  0.17749999999999999       -16.936315849343877     
                   37  0.18250000000000000       -16.922187415983188     
                   38  0.18750000000000000       -16.909271083085653     
                   39  0.19250000000000000       -16.897451397933839     
                   40  0.19750000000000001       -16.886619451023051     
                   41  0.20250000000000001       -16.876672694835062     
                   42  0.20750000000000002       -16.867514868681212     
                   43  0.21249999999999999       -16.859055998034027     
                   44  0.21750000000000000       -16.851212441741346     
                   45  0.22250000000000000       -16.843906964985649     
                   46  0.22750000000000001       -16.837068819914361     
                   47  0.23250000000000001       -16.830633819587526     
                   48  0.23749999999999999       -16.824544394304532     
                   49  0.24249999999999999       -16.818749622502885     
                   50  0.24750000000000000       -16.813205231281593     
                   51  0.25250000000000000       -16.807873564197742     
                   52  0.25750000000000001       -16.802723516324484     
                   53  0.26250000000000001       -16.797730438649758     
                   54  0.26750000000000002       -16.792876015746167     
                   55  0.27250000000000002       -16.788148122263774     
                   56  0.27750000000000002       -16.783540665198608     
                   57  0.28250000000000003       -16.779053420081443     
                   58  0.28749999999999998       -16.774691870222092     
                   59  0.29249999999999998       -16.770467058943037     
                   60  0.29749999999999999       -16.766395465349447     
