                    1   2.5000000000000001E-003  0.29946063104637632     
                    2   7.4999999999999997E-003  0.25312101024895983     
                    3   1.2500000000000001E-002  0.24620498322192597     
                    4   1.7500000000000002E-002  0.24154334447804734     
                    5   2.2499999999999999E-002  0.23822730294827132     
                    6   2.7500000000000000E-002  0.23560558457242953     
                    7   3.2500000000000001E-002  0.23433740895362887     
                    8   3.7500000000000006E-002  0.23289255227208169     
                    9   4.2499999999999996E-002  0.23133086245476636     
                   10   4.7500000000000001E-002  0.22958479408141932     
                   11   5.2500000000000005E-002  0.22876419207895621     
                   12   5.7499999999999996E-002  0.22771630806060417     
                   13   6.2500000000000000E-002  0.22677851398374088     
                   14   6.7500000000000004E-002  0.22674052268509426     
                   15   7.2500000000000009E-002  0.22578813066122999     
                   16   7.7499999999999999E-002  0.22450839381844045     
                   17   8.2500000000000004E-002  0.22370361887266416     
                   18   8.7499999999999994E-002  0.22275743352200145     
                   19   9.2499999999999999E-002  0.22164384479974358     
                   20   9.7500000000000003E-002  0.22075819310558170     
                   21  0.10250000000000001       0.21892335556766174     
                   22  0.10750000000000000       0.21636568196077324     
                   23  0.11250000000000000       0.21398554197262779     
                   24  0.11749999999999999       0.21084179296977562     
                   25  0.12250000000000000       0.20632752858646497     
                   26  0.12750000000000000       0.20042906970013102     
                   27  0.13250000000000001       0.19030843906001874     
                   28  0.13750000000000001       0.16337173731455534     
                   29  0.14250000000000002       0.10135741313975064     
                   30  0.14749999999999999        4.7239250915818667E-002
                   31  0.15250000000000000        6.1103343123607911E-003
                   32  0.15750000000000000        3.3870569140720478E-004
                   33  0.16250000000000001        0.0000000000000000     
                   34  0.16750000000000001        0.0000000000000000     
                   35  0.17250000000000001        0.0000000000000000     
                   36  0.17749999999999999        0.0000000000000000     
                   37  0.18250000000000000        0.0000000000000000     
                   38  0.18750000000000000        0.0000000000000000     
                   39  0.19250000000000000        0.0000000000000000     
                   40  0.19750000000000001        0.0000000000000000     
                   41  0.20250000000000001        0.0000000000000000     
                   42  0.20750000000000002        0.0000000000000000     
                   43  0.21249999999999999        0.0000000000000000     
                   44  0.21750000000000000        0.0000000000000000     
                   45  0.22250000000000000        0.0000000000000000     
                   46  0.22750000000000001        0.0000000000000000     
                   47  0.23250000000000001        0.0000000000000000     
                   48  0.23749999999999999        0.0000000000000000     
                   49  0.24249999999999999        0.0000000000000000     
                   50  0.24750000000000000        0.0000000000000000     
                   51  0.25250000000000000        0.0000000000000000     
                   52  0.25750000000000001        0.0000000000000000     
                   53  0.26250000000000001        0.0000000000000000     
                   54  0.26750000000000002        0.0000000000000000     
                   55  0.27250000000000002        0.0000000000000000     
                   56  0.27750000000000002        0.0000000000000000     
                   57  0.28250000000000003        0.0000000000000000     
                   58  0.28749999999999998        0.0000000000000000     
                   59  0.29249999999999998        0.0000000000000000     
                   60  0.29749999999999999        0.0000000000000000     
