                    1   2.5000000000000001E-003  0.32893855668155286     
                    2   7.4999999999999997E-003  0.27807873090006530     
                    3   1.2500000000000001E-002  0.27051979416931354     
                    4   1.7500000000000002E-002  0.26544122758194272     
                    5   2.2499999999999999E-002  0.26184576521574437     
                    6   2.7500000000000000E-002  0.25901901984469833     
                    7   3.2500000000000001E-002  0.25768599981264306     
                    8   3.7500000000000006E-002  0.25616724773410099     
                    9   4.2499999999999996E-002  0.25453023292539101     
                   10   4.7500000000000001E-002  0.25270287769387390     
                   11   5.2500000000000005E-002  0.25190679825424955     
                   12   5.7499999999999996E-002  0.25087874475117072     
                   13   6.2500000000000000E-002  0.24999344187275663     
                   14   6.7500000000000004E-002  0.25012339994463073     
                   15   7.2500000000000009E-002  0.24928211678639373     
                   16   7.7499999999999999E-002  0.24812421432247173     
                   17   8.2500000000000004E-002  0.24754346446792044     
                   18   8.7499999999999994E-002  0.24687912130924533     
                   19   9.2499999999999999E-002  0.24612645568916972     
                   20   9.7500000000000003E-002  0.24575412320440321     
                   21  0.10250000000000001       0.24452013405890574     
                   22  0.10750000000000000       0.24275641211186560     
                   23  0.11250000000000000       0.24158614097474901     
                   24  0.11749999999999999       0.24020347306066250     
                   25  0.12250000000000000       0.23837693392764858     
                   26  0.12750000000000000       0.23700960331291565     
                   27  0.13250000000000001       0.23528252428101210     
                   28  0.13750000000000001       0.23219002055855981     
                   29  0.14250000000000002       0.23019658686431771     
                   30  0.14749999999999999       0.22836703811576786     
                   31  0.15250000000000000       0.22722404734798723     
                   32  0.15750000000000000       0.22548068062613466     
                   33  0.16250000000000001       0.22256514073203632     
                   34  0.16750000000000001       0.22085321430935242     
                   35  0.17250000000000001       0.21941453784350642     
                   36  0.17749999999999999       0.21670512257167632     
                   37  0.18250000000000000       0.16652869539977533     
                   38  0.18750000000000000        6.9912721280597862E-002
                   39  0.19250000000000000        9.8218671420161885E-003
                   40  0.19750000000000001        5.3081611408495549E-004
                   41  0.20250000000000001        0.0000000000000000     
                   42  0.20750000000000002        0.0000000000000000     
                   43  0.21249999999999999        0.0000000000000000     
                   44  0.21750000000000000        0.0000000000000000     
                   45  0.22250000000000000        0.0000000000000000     
                   46  0.22750000000000001        0.0000000000000000     
                   47  0.23250000000000001        0.0000000000000000     
                   48  0.23749999999999999        0.0000000000000000     
                   49  0.24249999999999999        0.0000000000000000     
                   50  0.24750000000000000        0.0000000000000000     
                   51  0.25250000000000000        0.0000000000000000     
                   52  0.25750000000000001        0.0000000000000000     
                   53  0.26250000000000001        0.0000000000000000     
                   54  0.26750000000000002        0.0000000000000000     
                   55  0.27250000000000002        0.0000000000000000     
                   56  0.27750000000000002        0.0000000000000000     
                   57  0.28250000000000003        0.0000000000000000     
                   58  0.28749999999999998        0.0000000000000000     
                   59  0.29249999999999998        0.0000000000000000     
                   60  0.29749999999999999        0.0000000000000000     
