                    1   2.5000000000000001E-003  -273.45445201895291     
                    2   7.4999999999999997E-003  -269.64427326599991     
                    3   1.2500000000000001E-002  -262.83864279263202     
                    4   1.7500000000000002E-002  -242.18810411519837     
                    5   2.2499999999999999E-002  -137.73513400385943     
                    6   2.7500000000000000E-002  -108.28706526441829     
                    7   3.2500000000000001E-002  -104.67198147659927     
                    8   3.7500000000000006E-002  -100.76285026281693     
                    9   4.2499999999999996E-002  -96.587998188440508     
                   10   4.7500000000000001E-002  -92.185765216010083     
                   11   5.2500000000000005E-002  -87.601944168068897     
                   12   5.7499999999999996E-002  -82.884885471492822     
                   13   6.2500000000000000E-002  -78.082252235003878     
                   14   6.7500000000000004E-002  -73.239354686150705     
                   15   7.2500000000000009E-002  -68.398394373091463     
                   16   7.7499999999999999E-002  -63.598120645381755     
                   17   8.2500000000000004E-002  -58.873642840340153     
                   18   8.7499999999999994E-002  -54.256298529556503     
                   19   9.2499999999999999E-002  -49.773555141178868     
                   20   9.7500000000000003E-002  -45.448951051812017     
                   21  0.10250000000000001       -41.302087822449344     
                   22  0.10750000000000000       -37.348681866716490     
                   23  0.11250000000000000       -33.600678235846225     
                   24  0.11749999999999999       -30.066424070321418     
                   25  0.12250000000000000       -26.750895406604709     
                   26  0.12750000000000000       -23.655968490345931     
                   27  0.13250000000000001       -20.780725343479517     
                   28  0.13750000000000001       -18.121782826347282     
                   29  0.14250000000000002       -15.673634611815885     
                   30  0.14749999999999999       -13.428996164149504     
                   31  0.15250000000000000       -11.379143840109718     
                   32  0.15750000000000000       -9.5142404785651511     
                   33  0.16250000000000001       -7.8236412151751740     
                   34  0.16750000000000001       -6.2961746667801961     
                   35  0.17250000000000001       -4.9203960092894468     
                   36  0.17749999999999999       -3.6848097713176671     
                   37  0.18250000000000000       -2.5780613456458830     
                   38  0.18750000000000000       -1.5890972556465157     
                   39  0.19250000000000000      -0.70729508888632742     
                   40  0.19750000000000001        7.7435281024839819E-002
                   41  0.20250000000000001       0.77457701914755428     
                   42  0.20750000000000002        1.3929556484539876     
                   43  0.21249999999999999        1.9407095698710057     
                   44  0.21750000000000000        2.4252788317089884     
                   45  0.22250000000000000        2.8534118121071823     
                   46  0.22750000000000001        3.2311765517286566     
                   47  0.23250000000000001        3.5639898895004647     
                   48  0.23749999999999999        3.8566512746429451     
                   49  0.24249999999999999        4.1133817447121199     
                   50  0.24750000000000000        4.3378659993644737     
                   51  0.25250000000000000        4.5332958593799617     
                   52  0.25750000000000001        4.7024136544712185     
                   53  0.26250000000000001        4.8475543296506727     
                   54  0.26750000000000002        4.9706852861653799     
                   55  0.27250000000000002        5.0734431751538489     
                   56  0.27750000000000002        5.1571670378600203     
                   57  0.28250000000000003        5.2229273348621428     
                   58  0.28749999999999998        5.2715505290037123     
                   59  0.29249999999999998        5.3036389845393055     
                   60  0.29749999999999999        5.3195860211834729     
