                    1   2.5000000000000001E-003  -62.430213417313425     
                    2   7.4999999999999997E-003  -62.411383517660610     
                    3   1.2500000000000001E-002  -62.386092216045462     
                    4   1.7500000000000002E-002  -62.354124471044472     
                    5   2.2499999999999999E-002  -62.315280583024247     
                    6   2.7500000000000000E-002  -62.269264406016049     
                    7   3.2500000000000001E-002  -62.215791599885442     
                    8   3.7500000000000006E-002  -62.154462002498427     
                    9   4.2499999999999996E-002  -62.084785492561899     
                   10   4.7500000000000001E-002  -62.006110681571954     
                   11   5.2500000000000005E-002  -61.917629983471429     
                   12   5.7499999999999996E-002  -61.818261338046518     
                   13   6.2500000000000000E-002  -61.706563329925750     
                   14   6.7500000000000004E-002  -61.580633893045572     
                   15   7.2500000000000009E-002  -61.437779797106543     
                   16   7.7499999999999999E-002  -61.274178465847456     
                   17   8.2500000000000004E-002  -61.084274615332085     
                   18   8.7499999999999994E-002  -60.859693207335965     
                   19   9.2499999999999999E-002  -60.587209585030180     
                   20   9.7500000000000003E-002  -60.244911213060121     
                   21  0.10250000000000001       -59.793963339595152     
                   22  0.10750000000000000       -59.159756095672407     
                   23  0.11250000000000000       -58.182421115580141     
                   24  0.11749999999999999       -56.468538925981989     
                   25  0.12250000000000000       -52.901529263835421     
                   26  0.12750000000000000       -46.426270689640404     
                   27  0.13250000000000001       -43.567561685349119     
                   28  0.13750000000000001       -42.962365993039278     
                   29  0.14250000000000002       -42.822653938908466     
                   30  0.14749999999999999       -42.695086692566576     
                   31  0.15250000000000000       -42.572196250330038     
                   32  0.15750000000000000       -42.453760953685517     
                   33  0.16250000000000001       -42.339478977498892     
                   34  0.16750000000000001       -42.229092816758019     
                   35  0.17250000000000001       -42.122429994187726     
                   36  0.17749999999999999       -42.019400278825614     
                   37  0.18250000000000000       -41.919977062361802     
                   38  0.18750000000000000       -41.824176902668427     
                   39  0.19250000000000000       -41.732042640719833     
                   40  0.19750000000000001       -41.643631213020704     
                   41  0.20250000000000001       -41.559005572466859     
                   42  0.20750000000000002       -41.478229684679732     
                   43  0.21249999999999999       -41.401365634716782     
                   44  0.21750000000000000       -41.328472098025863     
                   45  0.22250000000000000       -41.259603650623589     
                   46  0.22750000000000001       -41.194810569728062     
                   47  0.23250000000000001       -41.134138902558163     
                   48  0.23749999999999999       -41.077630666595446     
                   49  0.24249999999999999       -41.025324100384694     
                   50  0.24750000000000000       -40.977253919311167     
                   51  0.25250000000000000       -40.933451552644108     
                   52  0.25750000000000001       -40.893945351228965     
                   53  0.26250000000000001       -40.858760762705678     
                   54  0.26750000000000002       -40.827920475032130     
                   55  0.27250000000000002       -40.801444530676306     
                   56  0.27750000000000002       -40.779350413912319     
                   57  0.28250000000000003       -40.761653112932834     
                   58  0.28749999999999998       -40.748365158040940     
                   59  0.29249999999999998       -40.739496639650383     
                   60  0.29749999999999999       -40.735055221191601     
