                    1   0.0000000000000000       -5.5840600792580419     
                    2   5.0000000000000001E-003  -5.3868047877434524     
                    3   1.0000000000000000E-002  -5.1836198493270595     
                    4   1.4999999999999999E-002  -4.9803466305973014     
                    5   2.0000000000000000E-002  -4.7764979571716859     
                    6   2.5000000000000001E-002  -4.5724247003920775     
                    7   2.9999999999999999E-002  -4.3685770531695090     
                    8   3.5000000000000003E-002  -4.1645155170394492     
                    9   4.0000000000000001E-002  -3.9602718528279213     
                   10   4.4999999999999998E-002  -3.7559453570288204     
                   11   5.0000000000000003E-002  -3.5517737271619656     
                   12   5.5000000000000000E-002  -3.3474481182844249     
                   13   5.9999999999999998E-002  -3.1436590128252764     
                   14   6.5000000000000002E-002  -2.9405018029954544     
                   15   7.0000000000000007E-002  -2.7376628023562097     
                   16   7.4999999999999997E-002  -2.5353292439481265     
                   17   8.0000000000000002E-002  -2.3338395588642076     
                   18   8.5000000000000006E-002  -2.1336516549178093     
                   19   8.9999999999999997E-002  -1.9346040959944772     
                   20   9.5000000000000001E-002  -1.7368715058094548     
                   21  0.10000000000000001       -1.5406256193117809     
                   22  0.10500000000000000       -1.3458528038156876     
                   23  0.11000000000000000       -1.1532483434291867     
                   24  0.11500000000000000      -0.96335244437134038     
                   25  0.12000000000000000      -0.77699175496206219     
                   26  0.12500000000000000      -0.59450741027734066     
                   27  0.13000000000000000      -0.42399059860749100     
                   28  0.13500000000000001      -0.25797769726194519     
                   29  0.14000000000000001       -9.2346674565913126E-002
                   30  0.14499999999999999        7.2801635741066087E-002
                   31  0.14999999999999999       0.23733211808526791     
                   32  0.15500000000000000       0.40127345408174891     
                   33  0.16000000000000000       0.56465304123210835     
                   34  0.16500000000000001       0.72749639636118302     
                   35  0.17000000000000001       0.88982724582799277     
                   36  0.17500000000000002        1.0516679163602891     
                   37  0.17999999999999999        1.2130397819625758     
                   38  0.18500000000000000        1.3739636510596565     
                   39  0.19000000000000000        1.5344600578369214     
                   40  0.19500000000000001        1.6945494612227634     
                   41  0.20000000000000001        1.8542523697898801     
                   42  0.20500000000000002        2.0135894131504042     
                   43  0.20999999999999999        2.1725813775189913     
                   44  0.21500000000000000        2.3312492188138276     
                   45  0.22000000000000000        2.4896140626313428     
                   46  0.22500000000000001        2.6476971972282399     
                   47  0.23000000000000001        2.8055200633257544     
                   48  0.23500000000000001        2.9631042429745853     
                   49  0.23999999999999999        3.1204714487000276     
                   50  0.24500000000000000        3.2776435135187496     
                   51  0.25000000000000000        3.4346423820507668     
                   52  0.25500000000000000        3.5914901027480313     
                   53  0.26000000000000001        3.7482088211596980     
                   54  0.26500000000000001        3.9048207741109318     
                   55  0.27000000000000002        4.0613482846597320     
                   56  0.27500000000000002        4.2178137576979084     
                   57  0.28000000000000003        4.3742396760683313     
                   58  0.28500000000000003        4.5306485970769650     
                   59  0.28999999999999998        4.6870631492875576     
                   60  0.29499999999999998        4.8435060295134233     
                   61  0.29999999999999999        5.0000000000000000     
