                    1   2.5000000000000001E-003  -5.4854324335007476     
                    2   7.4999999999999997E-003  -5.2852123185352564     
                    3   1.2500000000000001E-002  -5.0819832399621809     
                    4   1.7500000000000002E-002  -4.8784222938844941     
                    5   2.2499999999999999E-002  -4.6744613287818817     
                    6   2.7500000000000000E-002  -4.4705008767807932     
                    7   3.2500000000000001E-002  -4.2665462851044786     
                    8   3.7500000000000006E-002  -4.0623936849336850     
                    9   4.2499999999999996E-002  -3.8581086049283710     
                   10   4.7500000000000001E-002  -3.6538595420953932     
                   11   5.2500000000000005E-002  -3.4496109227231955     
                   12   5.7499999999999996E-002  -3.2455535655548506     
                   13   6.2500000000000000E-002  -3.0420804079103654     
                   14   6.7500000000000004E-002  -2.8390823026758323     
                   15   7.2500000000000009E-002  -2.6364960231521684     
                   16   7.7499999999999999E-002  -2.4345844014061671     
                   17   8.2500000000000004E-002  -2.2337456068910084     
                   18   8.7499999999999994E-002  -2.0341278754561434     
                   19   9.2499999999999999E-002  -1.8357378009019660     
                   20   9.7500000000000003E-002  -1.6387485625606177     
                   21  0.10250000000000001       -1.4432392115637342     
                   22  0.10750000000000000       -1.2495505736224373     
                   23  0.11250000000000000       -1.0583003939002635     
                   24  0.11749999999999999      -0.87017209966670128     
                   25  0.12250000000000000      -0.68574958261970143     
                   26  0.12750000000000000      -0.50924900444241583     
                   27  0.13250000000000001      -0.34098414793471810     
                   28  0.13750000000000001      -0.17516218591392915     
                   29  0.14250000000000002       -9.7725194124235193E-003
                   30  0.14749999999999999       0.15506687691316701     
                   31  0.15250000000000000       0.31930278608350843     
                   32  0.15750000000000000       0.48296324765692866     
                   33  0.16250000000000001       0.64607471879664569     
                   34  0.16750000000000001       0.80866182109458795     
                   35  0.17250000000000001       0.97074758109414094     
                   36  0.17749999999999999        1.1323538491614324     
                   37  0.18250000000000000        1.2935017165111162     
                   38  0.18750000000000000        1.4542118544482889     
                   39  0.19250000000000000        1.6145047595298423     
                   40  0.19750000000000001        1.7744009155063218     
                   41  0.20250000000000001        1.9339208914701422     
                   42  0.20750000000000002        2.0930853953346977     
                   43  0.21249999999999999        2.2519152981664092     
                   44  0.21750000000000000        2.4104316407225852     
                   45  0.22250000000000000        2.5686556299297916     
                   46  0.22750000000000001        2.7266086302769974     
                   47  0.23250000000000001        2.8843121531501699     
                   48  0.23749999999999999        3.0417878458373062     
                   49  0.24249999999999999        3.1990574811093886     
                   50  0.24750000000000000        3.3561429477847584     
                   51  0.25250000000000000        3.5130662423993990     
                   52  0.25750000000000001        3.6698494619538646     
                   53  0.26250000000000001        3.8265147976353147     
                   54  0.26750000000000002        3.9830845293853319     
                   55  0.27250000000000002        4.1395810211788202     
                   56  0.27750000000000002        4.2960267168831194     
                   57  0.28250000000000003        4.4524441365726481     
                   58  0.28749999999999998        4.6088558731822609     
                   59  0.29249999999999998        4.7652845894004905     
                   60  0.29749999999999999        4.9217530147567121     
