                    1   2.5000000000000001E-003  -5.5803768141369838     
                    2   7.4999999999999997E-003  -5.4171668383644462     
                    3   1.2500000000000001E-002  -5.2514566486546572     
                    4   1.7500000000000002E-002  -5.0854133885516610     
                    5   2.2499999999999999E-002  -4.9189658015040543     
                    6   2.7500000000000000E-002  -4.7524250192220840     
                    7   3.2500000000000001E-002  -4.5857789755856295     
                    8   3.7500000000000006E-002  -4.4188440268318860     
                    9   4.2499999999999996E-002  -4.2516560830325485     
                   10   4.7500000000000001E-002  -4.0843349054066174     
                   11   5.2500000000000005E-002  -3.9168316389269560     
                   12   5.7499999999999996E-002  -3.7492830591977313     
                   13   6.2500000000000000E-002  -3.5819912854953357     
                   14   6.7500000000000004E-002  -3.4148428560957105     
                   15   7.2500000000000009E-002  -3.2477594292997618     
                   16   7.7499999999999999E-002  -3.0809294942625458     
                   17   8.2500000000000004E-002  -2.9146512716204338     
                   18   8.7499999999999994E-002  -2.7490080136032784     
                   19   9.2499999999999999E-002  -2.5839537205878749     
                   20   9.7500000000000003E-002  -2.4195628578294515     
                   21  0.10250000000000001       -2.2557920200519939     
                   22  0.10750000000000000       -2.0927521167454062     
                   23  0.11250000000000000       -1.9306217409352755     
                   24  0.11749999999999999       -1.7691775679772304     
                   25  0.12250000000000000       -1.6083578213322474     
                   26  0.12750000000000000       -1.4484495405514544     
                   27  0.13250000000000001       -1.2896047710643752     
                   28  0.13750000000000001       -1.1320186713373839     
                   29  0.14250000000000002      -0.97625792791512855     
                   30  0.14749999999999999      -0.82313652999071252     
                   31  0.15250000000000000      -0.66337586654241909     
                   32  0.15750000000000000      -0.48624552516285879     
                   33  0.16250000000000001      -0.29764393956551066     
                   34  0.16750000000000001      -0.10604460466855205     
                   35  0.17250000000000001        8.6281644532844259E-002
                   36  0.17749999999999999       0.27861050546856059     
                   37  0.18250000000000000       0.47094431031570960     
                   38  0.18750000000000000       0.66328546681163258     
                   39  0.19250000000000000       0.85563648100804091     
                   40  0.19750000000000001        1.0479999769571240     
                   41  0.20250000000000001        1.2403787131328512     
                   42  0.20750000000000002        1.4327755955064987     
                   43  0.21249999999999999        1.6251936873000947     
                   44  0.21750000000000000        1.8176362155317571     
                   45  0.22250000000000000        2.0101065745407549     
                   46  0.22750000000000001        2.2026083267365379     
                   47  0.23250000000000001        2.3951452008550049     
                   48  0.23749999999999999        2.5877210880278261     
                   49  0.24249999999999999        2.7803400359782922     
                   50  0.24750000000000000        2.9730062416519161     
                   51  0.25250000000000000        3.1657240425742823     
                   52  0.25750000000000001        3.3584979072047756     
                   53  0.26250000000000001        3.5513324245252322     
                   54  0.26750000000000002        3.7442322930695013     
                   55  0.27250000000000002        3.9372023095653379     
                   56  0.27750000000000002        4.1302473573257004     
                   57  0.28250000000000003        4.3233723944938198     
                   58  0.28749999999999998        4.5165824422164631     
                   59  0.29249999999999998        4.7098825727935090     
                   60  0.29749999999999999        4.9032778978298861     
