                    1   0.0000000000000000       -5.6607633263491621     
                    2   5.0000000000000001E-003  -5.4999903019248055     
                    3   1.0000000000000000E-002  -5.3343433748040878     
                    4   1.4999999999999999E-002  -5.1685699225052266     
                    5   2.0000000000000000E-002  -5.0022568545980963     
                    6   2.5000000000000001E-002  -4.8356747484100122     
                    7   2.9999999999999999E-002  -4.6691752900341559     
                    8   3.5000000000000003E-002  -4.5023826611371032     
                    9   4.0000000000000001E-002  -4.3353053925266680     
                   10   4.4999999999999998E-002  -4.1680067735384299     
                   11   5.0000000000000003E-002  -4.0006630372748058     
                   12   5.5000000000000000E-002  -3.8330002405791066     
                   13   5.9999999999999998E-002  -3.6655658778163565     
                   14   6.5000000000000002E-002  -3.4984166931743150     
                   15   7.0000000000000007E-002  -3.3312690190171059     
                   16   7.4999999999999997E-002  -3.1642498395824177     
                   17   8.0000000000000002E-002  -2.9976091489426744     
                   18   8.5000000000000006E-002  -2.8316933942981937     
                   19   8.9999999999999997E-002  -2.6663226329083631     
                   20   9.5000000000000001E-002  -2.5015848082673866     
                   21  0.10000000000000001       -2.3375409073915163     
                   22  0.10500000000000000       -2.1740431327124714     
                   23  0.11000000000000000       -2.0114611007783405     
                   24  0.11500000000000000       -1.8497823810922105     
                   25  0.12000000000000000       -1.6885727548622502     
                   26  0.12500000000000000       -1.5281428878022447     
                   27  0.13000000000000000       -1.3687561933006642     
                   28  0.13500000000000001       -1.2104533488280860     
                   29  0.14000000000000001       -1.0535839938466818     
                   30  0.14499999999999999      -0.89893186198357533     
                   31  0.14999999999999999      -0.74734119799784959     
                   32  0.15500000000000000      -0.57941053508698859     
                   33  0.16000000000000000      -0.39308051523872906     
                   34  0.16500000000000001      -0.20220736389229230     
                   35  0.17000000000000001       -9.8818454448117987E-003
                   36  0.17500000000000002       0.18244513451050032     
                   37  0.17999999999999999       0.37477587642662080     
                   38  0.18500000000000000       0.56711274420479840     
                   39  0.19000000000000000       0.75945818941846666     
                   40  0.19500000000000001       0.95181477259761516     
                   41  0.20000000000000001        1.1441851813166330     
                   42  0.20500000000000002        1.3365722449490693     
                   43  0.20999999999999999        1.5289789460639280     
                   44  0.21500000000000000        1.7214084285362614     
                   45  0.22000000000000000        1.9138640025272529     
                   46  0.22500000000000001        2.1063491465542570     
                   47  0.23000000000000001        2.2988675069188194     
                   48  0.23500000000000001        2.4914228947911905     
                   49  0.23999999999999999        2.6840192812644621     
                   50  0.24500000000000000        2.8766607906921227     
                   51  0.25000000000000000        3.0693516926117095     
                   52  0.25500000000000000        3.2620963925368551     
                   53  0.26000000000000001        3.4548994218726961     
                   54  0.26500000000000001        3.6477654271777684     
                   55  0.27000000000000002        3.8406991589612347     
                   56  0.27500000000000002        4.0337054601694415     
                   57  0.28000000000000003        4.2267892544819592     
                   58  0.28500000000000003        4.4199555345056805     
                   59  0.28999999999999998        4.6132093499272457     
                   60  0.29499999999999998        4.8065557956597722     
                   61  0.29999999999999999        5.0000000000000000     
