   0.0000000000000000                         2
   1.0000000000000000                         2
   1.9540000000000002                         2
   2.8641160000000001                         2
   3.8288389600000006                         2
   4.8514452976000007                         2
   5.9354080154560007                         2
   7.0844084963833609                         2
   8.3023490061663630                         2
   9.5933659465363448                         2
   10.961843903328527                         2
   12.412430537528239                         2
   13.950052369779934                         2
   15.579931511966731                         2
   17.307603402684734                         2
   19.138935606845820                         2
   21.080147743256571                         2
   23.137832607851966                         2
   25.318978564323086                         2
   27.630993278182473                         2
   30.081728874873424                         2
   32.679508607365833                         2
   35.433155123807786                         2
   38.352020431236255                         2
   41.446017657110431                         2
   44.725654716537058                         2
   48.202069999529286                         2
   51.887070199501046                         2
   55.793170411471110                         2
   59.933636636159378                         2
   63.444751994695032                         4
   67.166534274742830                         2
   70.888316554790620                         2
   74.833405771641281                         2
   79.015200341502975                         2
   83.447902585556378                         2
   88.146566964252983                         2
   93.127151205671382                         2
   98.406570501574890                         2
   104.00275495523260                         3
   109.93471047610979                         2
   115.86666599698697                         2
   122.15453884911678                         2
   128.81968407237437                         2
   135.88473800902742                         2
   143.37369518187967                         2
   151.31198978510304                         2
   159.72658206451982                         2
   168.64604988070161                         2
   178.10068576585431                         2
   188.12259980411616                         3
   198.74582868467374                         3
   209.36905756523132                         3
   219.99228644578889                         3
   230.61551532634647                         2
   241.23874420690404                         2
   252.49936682029508                         3
   264.43562679048955                         3
   276.37188676068405                         2
   288.30814673087855                         2
   300.96058229928468                         2
   314.37216400179523                         2
   328.58844060645640                         2
   343.65769380739721                         2
   359.63110220039448                         2
   376.56291509697161                         2
   394.51063676734333                         4
   413.53522173793738                         3
   432.55980670853143                         2
   451.58439167912547                         3
   471.75045174795520                         3
   491.91651181678492                         2
   512.08257188561458                         3
   533.45859555857407                         2
   554.83461923153357                         2
   577.49320432487059                         2
   601.51130452380789                         3
   626.97049073468145                         2
   652.42967694555500                         3
   679.41641432908091                         3
   706.40315171260681                         3
   733.38988909613272                         3
   760.37662647965863                         2
   787.36336386318453                         2
   815.96930548972205                         3
   846.29160361385175                         2
   876.61390173798145                         3
   908.75553774955893                         3
   940.89717376113640                         3
   973.03880977271388                         3
   1005.1804457842914                         3
   1037.3220817958688                         2
   1069.4637178074463                         3
   1103.5338519797185                         3
   1137.6039861519907                         2
   1171.6741203242630                         2
   1207.7884625468714                         2
   1246.0696653028365                         3
   1286.6477402241594                         2
   1327.2258151454823                         3
   1370.2385745620845                         3
   1413.2513339786867                         3
   1456.2640933952889                         3
   1499.2768528118911                         2
   1542.2896122284933                         3
   1587.8831372100917                         2
   1624.3579571953705                         3
   1663.0212663797661                         2
   1701.6845755641616                         3
   1742.6676832996209                         3
   1783.6507910350801                         2
   1824.6338987705394                         2
   1868.0759929701262                         2
   1914.1246128216883                         3
   1962.9361498643441                         2
   2011.7476869069999                         2
   2063.4879161722151                         3
   2118.3325591933431                         3
   2173.1772022144710                         3
   2228.0218452355989                         3
   2282.8664882567268                         3
   2337.7111312778547                         2
   2392.5557742989827                         2
   2450.6910959013785                         3
   2512.3145367999177                         3
   2561.6132895187493                         3
   2610.9120422375809                         2
   2660.2107949564124                         2
   2712.4674728383739                         2
   2767.8595513932528                         2
   2826.5751546614247                         2
   2888.8136941256867                         3
   2954.7865459578047                         2
   3007.5648274234991                         3
   3063.5098057771352                         2
   3119.4547841307713                         2
   3178.7564611856255                         2
   3241.6162388637708                         3
   3308.2476032026048                         2
   3374.8789675414387                         3
   3445.5082137406030                         2
   3516.1374599397673                         3
   3591.0044609108813                         3
   3665.8714618819954                         3
   3740.7384628531095                         2
   3815.6054638242235                         2
   3894.9644848536045                         2
   3979.0850471447484                         3
   4068.2528431733608                         3
   4157.4206392019732                         2
   4228.7548760248628                         2
   4304.3691670571261                         2
   4384.5203155513254                         3
   4469.4805329551764                         3
   4554.4407503590273                         2
   4639.4009677628783                         2
   4729.4587982109606                         3
   4824.9200984859272                         3
   4920.3813987608937                         2
   4981.4766309368724                         3
   5046.2375770434101                         2
   5110.9985231499477                         2
   5179.6451260228778                         2
   5252.4105250681832                         3
   5329.5418480562075                         3
   5406.6731710442318                         3
   5483.8044940322561                         2
   5560.9358170202804                         2
   5642.6950193875855                         2
   5729.3597738969293                         2
   5802.8514857208529                         3
   5880.7527002542120                         3
   5958.6539147875710                         3
   6036.5551293209301                         2
   6114.4563438542891                         3
   6197.0316312596497                         3
   6279.6069186650102                         2
   6362.1822060703707                         2
   6449.7120107200526                         3
   6542.4936036487161                         2
   6635.2751965773796                         3
   6733.6236850817622                         2
   6831.9721735861449                         3
   6936.2215714007907                         3
   7040.4709692154365                         2
   7144.7203670300823                         2
   7255.2247287136070                         3
   7372.3593520981431                         3
   7489.4939754826792                         3
   7606.6285988672153                         2
   7723.7632222517514                         3
   7847.9259230393600                         2
   7972.0886238269686                         3
   8103.7010866618330                         3
   8235.3135494966973                         2
   8366.9260123315617                         3
   8506.4352229365177                         3
   8645.9444335414737                         3
   8785.4536441464297                         3
   8924.9628547513857                         3
   9064.4720653563418                         3
   9203.9812759612978                         3
   9343.4904865662538                         2
   9482.9996971712098                         3
   9630.8794604124632                         2
   9778.7592236537166                         3
   9935.5117726894459                         3
   10092.264321725175                         2
   10249.016870760905                         3
   10415.174572738777                         3
   10581.332274716649                         2
   10747.489976694522                         2
   10923.617140791068                         3
   11110.311934733407                         3
   11297.006728675746                         2
   11483.701522618085                         3
   11681.598004196963                         3
   11879.494485775842                         3
   12077.390967354720                         3
   12275.287448933599                         3
   12473.183930512478                         3
   12671.080412091356                         2
   12868.976893670235                         3
   13068.976893670235                         3
   13268.976893670235                         3
   13468.976893670235                         3
   13668.976893670235                         2
   13868.976893670235                         3
   14068.976893670235                         3
   14268.976893670235                         3
   14468.976893670235                         3
   14668.976893670235                         3
   14868.976893670235                         2
   15068.976893670235                         3
   15268.976893670235                         3
   15468.976893670235                         3
   15668.976893670235                         3
   15868.976893670235                         2
   16068.976893670235                         2
   16268.976893670235                         3
   16468.976893670235                         2
   16668.976893670235                         3
   16868.976893670235                         3
   17068.976893670235                         3
   17268.976893670235                         2
   17468.976893670235                         3
   17668.976893670235                         3
   17868.976893670235                         3
   18068.976893670235                         2
   18268.976893670235                         2
   18468.976893670235                         3
   18668.976893670235                         2
   18868.976893670235                         3
   19068.976893670235                         3
   19268.976893670235                         3
   19468.976893670235                         3
   19668.976893670235                         2
   19868.976893670235                         2
   20068.976893670235                         3
   20268.976893670235                         3
   20468.976893670235                         3
   20668.976893670235                         2
   20868.976893670235                         2
   21068.976893670235                         3
   21268.976893670235                         2
   21468.976893670235                         2
   21668.976893670235                         2
   21868.976893670235                         3
   22068.976893670235                         3
   22268.976893670235                         3
   22468.976893670235                         2
   22668.976893670235                         3
   22868.976893670235                         2
   23068.976893670235                         3
   23268.976893670235                         2
   23468.976893670235                         2
   23668.976893670235                         3
   23868.976893670235                         2
   24068.976893670235                         2
   24268.976893670235                         2
   24468.976893670235                         2
   24668.976893670235                         2
   24868.976893670235                         3
   25068.976893670235                         3
   25268.976893670235                         2
   25468.976893670235                         3
   25668.976893670235                         2
   25868.976893670235                         2
   26068.976893670235                         2
   26268.976893670235                         2
   26468.976893670235                         2
   26668.976893670235                         2
   26868.976893670235                         2
   27068.976893670235                         2
   27268.976893670235                         2
   27468.976893670235                         2
   27668.976893670235                         2
   27868.976893670235                         2
   28068.976893670235                         3
   28268.976893670235                         2
   28468.976893670235                         3
   28668.976893670235                         2
   28868.976893670235                         2
   29068.976893670235                         2
   29268.976893670235                         2
   29468.976893670235                         2
   29668.976893670235                         2
   29868.976893670235                         2
   30068.976893670235                         2
   30268.976893670235                         2
   30468.976893670235                         2
   30668.976893670235                         2
   30868.976893670235                         2
   31068.976893670235                         2
   31268.976893670235                         2
   31468.976893670235                         2
   31668.976893670235                         2
   31868.976893670235                         3
   32068.976893670235                         2
   32268.976893670235                         2
   32468.976893670235                         2
   32668.976893670235                         2
   32868.976893670231                         2
   33068.976893670231                         2
   33268.976893670231                         2
   33468.976893670231                         2
   33668.976893670231                         2
   33868.976893670231                         2
   34068.976893670231                         2
   34268.976893670231                         2
   34468.976893670231                         2
   34668.976893670231                         2
   34868.976893670231                         2
   35068.976893670231                         2
   35268.976893670231                         2
   35468.976893670231                         3
   35668.976893670231                         2
   35868.976893670231                         2
   36068.976893670231                         2
   36268.976893670231                         2
   36468.976893670231                         2
   36668.976893670231                         2
   36868.976893670231                         2
   37068.976893670231                         2
   37268.976893670231                         2
   37468.976893670231                         2
   37668.976893670231                         2
   37868.976893670231                         2
   38068.976893670231                         2
   38268.976893670231                         2
   38468.976893670231                         2
   38668.976893670231                         2
   38868.976893670231                         2
   39068.976893670231                         2
   39268.976893670231                         2
   39468.976893670231                         2
   39668.976893670231                         3
   39868.976893670231                         2
   40068.976893670231                         2
   40268.976893670231                         2
   40468.976893670231                         2
   40668.976893670231                         2
   40868.976893670231                         2
   41068.976893670231                         2
   41268.976893670231                         2
   41468.976893670231                         2
   41668.976893670231                         2
   41868.976893670231                         2
   42068.976893670231                         2
   42268.976893670231                         2
   42468.976893670231                         2
   42668.976893670231                         2
   42868.976893670231                         2
   43068.976893670231                         2
   43268.976893670231                         2
   43468.976893670231                         2
   43668.976893670231                         2
   43868.976893670231                         2
   44068.976893670231                         2
   44268.976893670231                         3
   44468.976893670231                         2
   44668.976893670231                         2
   44868.976893670231                         2
   45068.976893670231                         2
   45268.976893670231                         2
   45468.976893670231                         2
   45668.976893670231                         2
   45868.976893670231                         2
   46068.976893670231                         2
   46268.976893670231                         2
   46468.976893670231                         2
   46668.976893670231                         2
   46868.976893670231                         2
   47068.976893670231                         2
   47268.976893670231                         2
   47468.976893670231                         2
   47668.976893670231                         2
   47868.976893670231                         2
   48068.976893670231                         2
   48268.976893670231                         2
   48468.976893670231                         2
   48668.976893670231                         2
   48868.976893670231                         2
   49068.976893670231                         2
   49268.976893670231                         2
   49468.976893670231                         2
   49668.976893670231                         2
   49868.976893670231                         2
   50068.976893670231                         2
   50268.976893670231                         2
   50468.976893670231                         2
   50668.976893670231                         2
   50868.976893670231                         2
   51068.976893670231                         2
   51268.976893670231                         2
   51468.976893670231                         2
   51668.976893670231                         2
   51868.976893670231                         2
   52068.976893670231                         2
   52268.976893670231                         2
   52468.976893670231                         2
   52668.976893670231                         2
   52868.976893670231                         2
   53068.976893670231                         2
   53268.976893670231                         2
   53468.976893670231                         2
   53668.976893670231                         2
   53868.976893670231                         2
   54068.976893670231                         2
   54268.976893670231                         2
   54468.976893670231                         2
   54668.976893670231                         2
   54868.976893670231                         2
   55068.976893670231                         2
   55268.976893670231                         2
   55468.976893670231                         2
   55668.976893670231                         2
   55868.976893670231                         2
   56068.976893670231                         2
   56268.976893670231                         2
   56468.976893670231                         1
   56668.976893670231                         2
   56868.976893670231                         2
   57068.976893670231                         2
   57268.976893670231                         2
   57468.976893670231                         2
   57668.976893670231                         2
   57868.976893670231                         2
   58068.976893670231                         2
   58268.976893670231                         2
   58468.976893670231                         2
   58668.976893670231                         1
   58868.976893670231                         1
   59068.976893670231                         2
   59268.976893670231                         2
   59468.976893670231                         2
   59668.976893670231                         2
   59868.976893670231                         2
   60068.976893670231                         2
   60268.976893670231                         2
   60468.976893670231                         2
   60668.976893670231                         2
   60868.976893670231                         2
   61068.976893670231                         2
   61268.976893670231                         2
   61468.976893670231                         2
   61668.976893670231                         2
   61868.976893670231                         2
   62068.976893670231                         2
   62268.976893670231                         2
   62468.976893670231                         2
   62668.976893670231                         2
   62868.976893670231                         1
   63068.976893670231                         1
   63268.976893670231                         1
   63468.976893670231                         1
   63668.976893670231                         2
   63868.976893670231                         1
   64068.976893670231                         2
   64268.976893670231                         2
   64468.976893670231                         1
   64668.976893670231                         2
   64868.976893670231                         2
   65068.976893670231                         2
   65268.976893670231                         2
   65468.976893670231                         2
   65668.976893670231                         1
   65868.976893670231                         1
   66068.976893670231                         2
   66268.976893670231                         1
   66468.976893670231                         1
   66668.976893670231                         1
   66868.976893670231                         2
   67068.976893670231                         2
   67268.976893670231                         2
   67468.976893670231                         2
   67668.976893670231                         2
   67868.976893670231                         2
   68068.976893670231                         2
   68268.976893670231                         2
   68468.976893670231                         2
   68668.976893670231                         1
   68868.976893670231                         1
   69068.976893670231                         2
   69268.976893670231                         2
   69468.976893670231                         2
   69668.976893670231                         1
   69868.976893670231                         1
   70068.976893670231                         1
   70268.976893670231                         2
   70468.976893670231                         2
   70668.976893670231                         1
   70868.976893670231                         1
   71068.976893670231                         1
   71268.976893670231                         1
   71468.976893670231                         1
   71668.976893670231                         1
   71868.976893670231                         1
   72068.976893670231                         2
   72268.976893670231                         1
   72468.976893670231                         1
   72668.976893670231                         1
   72868.976893670231                         2
   73068.976893670231                         2
   73268.976893670231                         1
   73468.976893670231                         2
   73668.976893670231                         1
   73868.976893670231                         1
   74068.976893670231                         1
   74268.976893670231                         1
   74468.976893670231                         1
   74668.976893670231                         1
   74868.976893670231                         1
   75068.976893670231                         1
   75268.976893670231                         1
   75468.976893670231                         1
   75668.976893670231                         2
   75868.976893670231                         2
   76068.976893670231                         2
   76268.976893670231                         2
   76468.976893670231                         2
   76668.976893670231                         2
   76868.976893670231                         2
   77068.976893670231                         1
   77268.976893670231                         1
   77468.976893670231                         1
   77668.976893670231                         2
   77868.976893670231                         2
   78068.976893670231                         2
   78268.976893670231                         1
   78468.976893670231                         1
   78668.976893670231                         1
   78868.976893670231                         1
   79068.976893670231                         1
   79268.976893670231                         2
   79468.976893670231                         1
   79668.976893670231                         1
   79868.976893670231                         1
   80068.976893670231                         1
   80268.976893670231                         1
   80468.976893670231                         1
   80668.976893670231                         1
   80868.976893670231                         1
   81068.976893670231                         1
   81268.976893670231                         1
   81468.976893670231                         1
   81668.976893670231                         1
   81868.976893670231                         1
   82068.976893670231                         1
   82268.976893670231                         1
   82468.976893670231                         1
   82668.976893670231                         1
   82868.976893670231                         1
   83068.976893670231                         2
   83268.976893670231                         1
   83468.976893670231                         1
   83668.976893670231                         1
   83868.976893670231                         1
   84068.976893670231                         1
   84268.976893670231                         1
   84468.976893670231                         1
   84668.976893670231                         1
   84868.976893670231                         1
   85068.976893670231                         1
   85268.976893670231                         1
   85468.976893670231                         2
   85668.976893670231                         1
   85868.976893670231                         1
   86068.976893670231                         1
   86268.976893670231                         1
   86468.976893670231                         1
   86668.976893670231                         1
   86868.976893670231                         2
   87068.976893670231                         1
   87268.976893670231                         1
   87468.976893670231                         1
   87668.976893670231                         2
   87868.976893670231                         2
   88068.976893670231                         1
   88268.976893670231                         1
   88468.976893670231                         1
   88668.976893670231                         1
   88868.976893670231                         1
   89068.976893670231                         1
   89268.976893670231                         1
   89468.976893670231                         1
   89668.976893670231                         1
   89868.976893670231                         2
   90068.976893670231                         1
   90268.976893670231                         1
   90468.976893670231                         1
   90668.976893670231                         1
   90868.976893670231                         1
   91068.976893670231                         1
   91268.976893670231                         1
   91468.976893670231                         1
   91668.976893670231                         1
   91868.976893670231                         1
   92068.976893670231                         1
   92268.976893670231                         1
   92468.976893670231                         1
   92668.976893670231                         1
   92868.976893670231                         1
   93068.976893670231                         1
   93268.976893670231                         1
   93468.976893670231                         1
   93668.976893670231                         1
   93868.976893670231                         1
   94068.976893670231                         1
   94268.976893670231                         1
   94468.976893670231                         1
   94668.976893670231                         1
   94868.976893670231                         1
   95068.976893670231                         1
   95268.976893670231                         1
   95468.976893670231                         1
   95668.976893670231                         1
   95868.976893670231                         1
   96068.976893670231                         1
   96268.976893670231                         1
   96468.976893670231                         1
   96668.976893670231                         1
   96868.976893670231                         1
   97068.976893670231                         1
   97268.976893670231                         1
   97468.976893670231                         1
   97668.976893670231                         1
   97868.976893670231                         1
   98068.976893670231                         1
   98268.976893670231                         1
   98468.976893670231                         1
   98668.976893670231                         1
   98868.976893670231                         1
   99068.976893670231                         1
   99268.976893670231                         1
   99468.976893670231                         1
   99668.976893670231                         2
   99868.976893670231                         2
   100068.97689367023                         1
   100268.97689367023                         1
   100468.97689367023                         1
   100668.97689367023                         1
   100868.97689367023                         1
   101068.97689367023                         1
   101268.97689367023                         1
   101468.97689367023                         1
   101668.97689367023                         1
   101868.97689367023                         1
   102068.97689367023                         1
   102268.97689367023                         1
   102468.97689367023                         1
   102668.97689367023                         1
   102868.97689367023                         2
   103068.97689367023                         1
   103268.97689367023                         1
   103468.97689367023                         1
   103668.97689367023                         1
   103868.97689367023                         1
   104068.97689367023                         1
   104268.97689367023                         1
   104468.97689367023                         1
   104668.97689367023                         1
   104868.97689367023                         1
   105068.97689367023                         1
   105268.97689367023                         1
   105468.97689367023                         1
   105668.97689367023                         1
   105868.97689367023                         1
   106068.97689367023                         1
   106268.97689367023                         1
   106468.97689367023                         1
   106668.97689367023                         1
   106868.97689367023                         1
   107068.97689367023                         1
   107268.97689367023                         1
   107468.97689367023                         1
   107668.97689367023                         1
   107868.97689367023                         1
   108068.97689367023                         1
   108268.97689367023                         1
   108468.97689367023                         1
   108668.97689367023                         1
   108868.97689367023                         1
   109068.97689367023                         1
   109268.97689367023                         1
   109468.97689367023                         1
   109668.97689367023                         1
   109868.97689367023                         1
   110068.97689367023                         1
   110268.97689367023                         1
   110468.97689367023                         1
   110668.97689367023                         1
   110868.97689367023                         1
   111068.97689367023                         1
   111268.97689367023                         1
   111468.97689367023                         1
   111668.97689367023                         1
   111868.97689367023                         1
   112068.97689367023                         1
   112268.97689367023                         1
   112468.97689367023                         1
   112668.97689367023                         1
   112868.97689367023                         1
   113068.97689367023                         1
   113268.97689367023                         1
   113468.97689367023                         1
   113668.97689367023                         1
   113868.97689367023                         1
   114068.97689367023                         1
   114268.97689367023                         1
   114468.97689367023                         2
   114668.97689367023                         1
   114868.97689367023                         1
   115068.97689367023                         1
   115268.97689367023                         1
   115468.97689367023                         1
   115668.97689367023                         1
   115868.97689367023                         1
   116068.97689367023                         1
   116268.97689367023                         1
   116468.97689367023                         1
   116668.97689367023                         1
   116868.97689367023                         1
   117068.97689367023                         1
   117268.97689367023                         1
   117468.97689367023                         1
   117668.97689367023                         1
   117868.97689367023                         1
   118068.97689367023                         1
   118268.97689367023                         1
   118468.97689367023                         1
   118668.97689367023                         1
   118868.97689367023                         1
   119068.97689367023                         1
   119268.97689367023                         1
   119468.97689367023                         1
   119668.97689367023                         1
   119868.97689367023                         1
   120068.97689367023                         1
   120268.97689367023                         1
   120468.97689367023                         1
   120668.97689367023                         1
   120868.97689367023                         1
   121068.97689367023                         1
   121268.97689367023                         1
   121468.97689367023                         1
   121668.97689367023                         1
   121868.97689367023                         1
   122068.97689367023                         1
   122268.97689367023                         1
   122468.97689367023                         1
   122668.97689367023                         1
   122868.97689367023                         1
   123068.97689367023                         1
   123268.97689367023                         1
   123468.97689367023                         1
   123668.97689367023                         1
   123868.97689367023                         1
   124068.97689367023                         1
   124268.97689367023                         1
   124468.97689367023                         1
   124668.97689367023                         1
   124868.97689367023                         1
   125068.97689367023                         1
   125268.97689367023                         1
   125468.97689367023                         1
   125668.97689367023                         1
   125868.97689367023                         1
   126068.97689367023                         1
   126268.97689367023                         1
   126468.97689367023                         1
   126668.97689367023                         1
   126868.97689367023                         1
   127068.97689367023                         1
   127268.97689367023                         1
   127468.97689367023                         1
   127668.97689367023                         1
   127868.97689367023                         1
   128068.97689367023                         1
   128268.97689367023                         1
   128468.97689367023                         1
   128668.97689367023                         1
   128868.97689367023                         1
   129068.97689367023                         1
   129268.97689367023                         1
   129468.97689367023                         1
   129668.97689367023                         1
   129868.97689367023                         1
   130068.97689367023                         1
   130268.97689367023                         1
   130468.97689367023                         1
   130668.97689367023                         1
   130868.97689367023                         1
   131068.97689367023                         1
   131268.97689367022                         1
   131468.97689367022                         1
   131668.97689367022                         1
   131868.97689367022                         1
   132068.97689367022                         1
   132268.97689367022                         1
   132468.97689367022                         1
   132668.97689367022                         1
   132868.97689367022                         1
   133068.97689367022                         1
   133268.97689367022                         1
   133468.97689367022                         2
   133668.97689367022                         1
   133868.97689367022                         1
   134068.97689367022                         1
   134268.97689367022                         1
   134468.97689367022                         1
   134668.97689367022                         1
   134868.97689367022                         1
   135068.97689367022                         1
   135268.97689367022                         1
   135468.97689367022                         1
   135668.97689367022                         1
   135868.97689367022                         1
   136068.97689367022                         1
   136268.97689367022                         1
   136468.97689367022                         1
   136668.97689367022                         1
   136868.97689367022                         1
   137068.97689367022                         1
   137268.97689367022                         1
   137468.97689367022                         1
   137668.97689367022                         1
   137868.97689367022                         1
   138068.97689367022                         1
   138268.97689367022                         1
   138468.97689367022                         1
   138668.97689367022                         1
   138868.97689367022                         1
   139068.97689367022                         1
   139268.97689367022                         1
   139468.97689367022                         1
   139668.97689367022                         1
   139868.97689367022                         1
   140068.97689367022                         1
   140268.97689367022                         1
   140468.97689367022                         1
   140668.97689367022                         1
   140868.97689367022                         1
   141068.97689367022                         1
   141268.97689367022                         1
   141468.97689367022                         1
   141668.97689367022                         1
   141868.97689367022                         1
   142068.97689367022                         1
   142268.97689367022                         1
   142468.97689367022                         1
   142668.97689367022                         1
   142868.97689367022                         1
   143068.97689367022                         1
   143268.97689367022                         1
   143468.97689367022                         1
   143668.97689367022                         1
   143868.97689367022                         1
   144068.97689367022                         1
   144268.97689367022                         1
   144468.97689367022                         1
   144668.97689367022                         1
   144868.97689367022                         1
   145068.97689367022                         1
   145268.97689367022                         1
   145468.97689367022                         1
   145668.97689367022                         1
   145868.97689367022                         1
   146068.97689367022                         1
   146268.97689367022                         1
   146468.97689367022                         1
   146668.97689367022                         1
   146868.97689367022                         1
   147068.97689367022                         1
   147268.97689367022                         1
   147468.97689367022                         1
   147668.97689367022                         1
   147868.97689367022                         1
   148068.97689367022                         1
   148268.97689367022                         1
   148468.97689367022                         1
   148668.97689367022                         1
   148868.97689367022                         1
   149068.97689367022                         1
   149268.97689367022                         1
   149468.97689367022                         1
   149668.97689367022                         1
   149868.97689367022                         1
   150068.97689367022                         1
   150268.97689367022                         1
   150468.97689367022                         1
   150668.97689367022                         1
   150868.97689367022                         1
   151068.97689367022                         1
   151268.97689367022                         1
   151468.97689367022                         1
   151668.97689367022                         1
   151868.97689367022                         1
   152068.97689367022                         1
   152268.97689367022                         1
   152468.97689367022                         1
   152668.97689367022                         1
   152868.97689367022                         1
   153068.97689367022                         1
   153268.97689367022                         1
   153468.97689367022                         1
   153668.97689367022                         1
   153868.97689367022                         1
   154068.97689367022                         1
   154268.97689367022                         1
   154468.97689367022                         1
   154668.97689367022                         1
   154868.97689367022                         1
   155068.97689367022                         1
   155268.97689367022                         1
   155468.97689367022                         1
   155668.97689367022                         1
   155868.97689367022                         1
   156068.97689367022                         1
   156268.97689367022                         1
   156468.97689367022                         1
   156668.97689367022                         1
   156868.97689367022                         1
   157068.97689367022                         1
   157268.97689367022                         1
   157468.97689367022                         1
   157668.97689367022                         1
   157868.97689367022                         1
   158068.97689367022                         1
   158268.97689367022                         1
   158468.97689367022                         1
   158668.97689367022                         1
   158868.97689367022                         1
   159068.97689367022                         1
   159268.97689367022                         1
   159468.97689367022                         1
   159668.97689367022                         2
   159868.97689367022                         1
   160068.97689367022                         1
   160268.97689367022                         1
   160468.97689367022                         1
   160668.97689367022                         1
   160868.97689367022                         1
   161068.97689367022                         1
   161268.97689367022                         1
   161468.97689367022                         1
   161668.97689367022                         1
   161868.97689367022                         1
   162068.97689367022                         1
   162268.97689367022                         1
   162468.97689367022                         1
   162668.97689367022                         1
   162868.97689367022                         1
   163068.97689367022                         1
   163268.97689367022                         1
   163468.97689367022                         1
   163668.97689367022                         1
   163868.97689367022                         1
   164068.97689367022                         1
   164268.97689367022                         1
   164468.97689367022                         1
   164668.97689367022                         1
   164868.97689367022                         1
   165068.97689367022                         1
   165268.97689367022                         1
   165468.97689367022                         1
   165668.97689367022                         1
   165868.97689367022                         1
   166068.97689367022                         1
   166268.97689367022                         1
   166468.97689367022                         1
   166668.97689367022                         1
   166868.97689367022                         1
   167068.97689367022                         1
   167268.97689367022                         1
   167468.97689367022                         1
   167668.97689367022                         1
   167868.97689367022                         1
   168068.97689367022                         1
   168268.97689367022                         1
   168468.97689367022                         1
   168668.97689367022                         1
   168868.97689367022                         1
   169068.97689367022                         1
   169268.97689367022                         1
   169468.97689367022                         1
   169668.97689367022                         1
   169868.97689367022                         1
   170068.97689367022                         1
   170268.97689367022                         1
   170468.97689367022                         1
   170668.97689367022                         1
   170868.97689367022                         1
   171068.97689367022                         1
   171268.97689367022                         1
   171468.97689367022                         1
   171668.97689367022                         1
   171868.97689367022                         1
   172068.97689367022                         1
   172268.97689367022                         1
   172468.97689367022                         1
   172668.97689367022                         1
   172868.97689367022                         1
   173068.97689367022                         1
   173268.97689367022                         1
   173468.97689367022                         1
   173668.97689367022                         1
   173868.97689367022                         1
   174068.97689367022                         1
   174268.97689367022                         1
   174468.97689367022                         1
   174668.97689367022                         1
   174868.97689367022                         1
   175068.97689367022                         1
   175268.97689367022                         1
   175468.97689367022                         1
   175668.97689367022                         1
   175868.97689367022                         1
   176068.97689367022                         1
   176268.97689367022                         1
   176468.97689367022                         1
   176668.97689367022                         1
   176868.97689367022                         1
   177068.97689367022                         1
   177268.97689367022                         1
   177468.97689367022                         1
   177668.97689367022                         1
   177868.97689367022                         1
   178068.97689367022                         1
   178268.97689367022                         1
   178468.97689367022                         1
   178668.97689367022                         1
   178868.97689367022                         1
   179068.97689367022                         1
   179268.97689367022                         1
   179468.97689367022                         1
   179668.97689367022                         1
   179868.97689367022                         1
   180068.97689367022                         1
   180268.97689367022                         1
   180468.97689367022                         1
   180668.97689367022                         1
   180868.97689367022                         1
   181068.97689367022                         1
   181268.97689367022                         1
   181468.97689367022                         1
   181668.97689367022                         1
   181868.97689367022                         1
   182068.97689367022                         1
   182268.97689367022                         1
   182468.97689367022                         1
   182668.97689367022                         1
   182868.97689367022                         1
   183068.97689367022                         1
   183268.97689367022                         1
   183468.97689367022                         1
   183668.97689367022                         1
   183868.97689367022                         1
   184068.97689367022                         1
   184268.97689367022                         1
   184468.97689367022                         1
   184668.97689367022                         1
   184868.97689367022                         1
   185068.97689367022                         1
   185268.97689367022                         1
   185468.97689367022                         1
   185668.97689367022                         1
   185868.97689367022                         1
   186068.97689367022                         1
   186268.97689367022                         1
   186468.97689367022                         1
   186668.97689367022                         1
   186868.97689367022                         1
   187068.97689367022                         1
   187268.97689367022                         1
   187468.97689367022                         1
   187668.97689367022                         1
   187868.97689367022                         1
   188068.97689367022                         1
   188268.97689367022                         1
   188468.97689367022                         1
   188668.97689367022                         1
   188868.97689367022                         1
   189068.97689367022                         1
   189268.97689367022                         1
   189468.97689367022                         1
   189668.97689367022                         1
   189868.97689367022                         1
   190068.97689367022                         1
   190268.97689367022                         1
   190468.97689367022                         1
   190668.97689367022                         1
   190868.97689367022                         1
   191068.97689367022                         1
   191268.97689367022                         1
   191468.97689367022                         1
   191668.97689367022                         1
   191868.97689367022                         1
   192068.97689367022                         1
   192268.97689367022                         1
   192468.97689367022                         1
   192668.97689367022                         1
   192868.97689367022                         1
   193068.97689367022                         1
   193268.97689367022                         1
   193468.97689367022                         1
   193668.97689367022                         1
   193868.97689367022                         1
   194068.97689367022                         1
   194268.97689367022                         1
   194468.97689367022                         1
   194668.97689367022                         1
   194868.97689367022                         1
   195068.97689367022                         1
   195268.97689367022                         1
   195468.97689367022                         1
   195668.97689367022                         1
   195868.97689367022                         1
   196068.97689367022                         1
   196268.97689367022                         1
   196468.97689367022                         1
   196668.97689367022                         1
   196868.97689367022                         1
   197068.97689367022                         1
   197268.97689367022                         1
   197468.97689367022                         1
   197668.97689367022                         1
   197868.97689367022                         1
   198068.97689367022                         1
   198268.97689367022                         1
   198468.97689367022                         1
   198668.97689367022                         1
   198868.97689367022                         1
   199068.97689367022                         1
   199268.97689367022                         1
   199468.97689367022                         1
   199668.97689367022                         1
   199868.97689367022                         1
   200068.97689367022                         1
   200268.97689367022                         1
   200468.97689367022                         1
   200668.97689367022                         1
   200868.97689367022                         1
   201068.97689367022                         1
   201268.97689367022                         1
   201468.97689367022                         1
   201668.97689367022                         1
   201868.97689367022                         1
   202068.97689367022                         1
   202268.97689367022                         1
   202468.97689367022                         1
   202668.97689367022                         1
   202868.97689367022                         1
   203068.97689367022                         1
   203268.97689367022                         1
   203468.97689367022                         1
   203668.97689367022                         1
   203868.97689367022                         1
   204068.97689367022                         1
   204268.97689367022                         1
   204468.97689367022                         1
   204668.97689367022                         1
   204868.97689367022                         1
   205068.97689367022                         1
   205268.97689367022                         1
   205468.97689367022                         1
   205668.97689367022                         1
   205868.97689367022                         1
   206068.97689367022                         1
   206268.97689367022                         1
   206468.97689367022                         1
   206668.97689367022                         1
   206868.97689367022                         1
   207068.97689367022                         1
   207268.97689367022                         1
   207468.97689367022                         1
   207668.97689367022                         1
   207868.97689367022                         1
   208068.97689367022                         1
   208268.97689367022                         1
   208468.97689367022                         1
   208668.97689367022                         1
   208868.97689367022                         1
   209068.97689367022                         1
   209268.97689367022                         1
   209468.97689367022                         1
   209668.97689367022                         1
   209868.97689367022                         1
   210068.97689367022                         1
   210268.97689367022                         1
   210468.97689367022                         1
   210668.97689367022                         1
   210868.97689367022                         1
   211068.97689367022                         1
   211268.97689367022                         1
   211468.97689367022                         1
   211668.97689367022                         1
   211868.97689367022                         1
   212068.97689367022                         1
   212268.97689367022                         1
   212468.97689367022                         1
   212668.97689367022                         1
   212868.97689367022                         1
   213068.97689367022                         1
   213268.97689367022                         1
   213468.97689367022                         1
   213668.97689367022                         1
   213868.97689367022                         1
   214068.97689367022                         1
   214268.97689367022                         1
   214468.97689367022                         1
   214668.97689367022                         1
   214868.97689367022                         1
   215068.97689367022                         1
   215268.97689367022                         1
   215468.97689367022                         1
   215668.97689367022                         1
   215868.97689367022                         1
   216068.97689367022                         1
   216268.97689367022                         1
   216468.97689367022                         1
   216668.97689367022                         1
   216868.97689367022                         1
   217068.97689367022                         1
   217268.97689367022                         1
   217468.97689367022                         1
   217668.97689367022                         1
   217868.97689367022                         1
   218068.97689367022                         1
   218268.97689367022                         1
   218468.97689367022                         1
   218668.97689367022                         1
   218868.97689367022                         1
   219068.97689367022                         1
   219268.97689367022                         1
   219468.97689367022                         1
   219668.97689367022                         1
   219868.97689367022                         1
   220068.97689367022                         1
   220268.97689367022                         1
   220468.97689367022                         1
   220668.97689367022                         1
   220868.97689367022                         1
   221068.97689367022                         1
   221268.97689367022                         1
   221468.97689367022                         1
   221668.97689367022                         1
   221868.97689367022                         1
   222068.97689367022                         1
   222268.97689367022                         1
   222468.97689367022                         1
   222668.97689367022                         1
   222868.97689367022                         1
   223068.97689367022                         1
   223268.97689367022                         1
   223468.97689367022                         1
   223668.97689367022                         1
   223868.97689367022                         1
   224068.97689367022                         1
   224268.97689367022                         1
   224468.97689367022                         1
   224668.97689367022                         1
   224868.97689367022                         1
   225068.97689367022                         1
   225268.97689367022                         1
   225468.97689367022                         1
   225668.97689367022                         1
   225868.97689367022                         1
   226068.97689367022                         1
   226268.97689367022                         1
   226468.97689367022                         1
   226668.97689367022                         1
   226868.97689367022                         1
   227068.97689367022                         1
   227268.97689367022                         1
   227468.97689367022                         1
   227668.97689367022                         1
   227868.97689367022                         1
   228068.97689367022                         1
   228268.97689367022                         1
   228468.97689367022                         1
   228668.97689367022                         1
   228868.97689367022                         1
   229068.97689367022                         1
   229268.97689367022                         1
   229468.97689367022                         1
   229668.97689367022                         1
   229868.97689367022                         1
   230068.97689367022                         1
   230268.97689367022                         1
   230468.97689367022                         1
   230668.97689367022                         1
   230868.97689367022                         1
   231068.97689367022                         1
   231268.97689367022                         1
   231468.97689367022                         1
   231668.97689367022                         1
   231868.97689367022                         1
   232068.97689367022                         1
   232268.97689367022                         1
   232468.97689367022                         1
   232668.97689367022                         1
   232868.97689367022                         1
   233068.97689367022                         1
   233268.97689367022                         1
   233468.97689367022                         1
   233668.97689367022                         1
   233868.97689367022                         1
   234068.97689367022                         1
   234268.97689367022                         1
   234468.97689367022                         1
   234668.97689367022                         1
   234868.97689367022                         1
   235068.97689367022                         1
   235268.97689367022                         1
   235468.97689367022                         1
   235668.97689367022                         1
   235868.97689367022                         1
   236068.97689367022                         1
   236268.97689367022                         1
   236468.97689367022                         1
   236668.97689367022                         1
   236868.97689367022                         1
   237068.97689367022                         1
   237268.97689367022                         1
   237468.97689367022                         1
   237668.97689367022                         1
   237868.97689367022                         1
   238068.97689367022                         1
   238268.97689367022                         1
   238468.97689367022                         1
   238668.97689367022                         1
   238868.97689367022                         1
   239068.97689367022                         1
   239268.97689367022                         1
   239468.97689367022                         1
   239668.97689367022                         1
   239868.97689367022                         1
   240068.97689367022                         1
   240268.97689367022                         1
   240468.97689367022                         1
   240668.97689367022                         1
   240868.97689367022                         1
   241068.97689367022                         1
   241268.97689367022                         1
   241468.97689367022                         1
   241668.97689367022                         1
   241868.97689367022                         1
   242068.97689367022                         1
   242268.97689367022                         1
   242468.97689367022                         1
   242668.97689367022                         1
   242868.97689367022                         1
   243068.97689367022                         1
   243268.97689367022                         1
   243468.97689367022                         1
   243668.97689367022                         1
   243868.97689367022                         1
   244068.97689367022                         1
   244268.97689367022                         1
   244468.97689367022                         1
   244668.97689367022                         1
   244868.97689367022                         1
   245068.97689367022                         1
   245268.97689367022                         1
   245468.97689367022                         1
   245668.97689367022                         1
   245868.97689367022                         1
   246068.97689367022                         1
   246268.97689367022                         1
   246468.97689367022                         1
   246668.97689367022                         1
   246868.97689367022                         1
   247068.97689367022                         1
   247268.97689367022                         1
   247468.97689367022                         1
   247668.97689367022                         1
   247868.97689367022                         1
   248068.97689367022                         1
   248268.97689367022                         1
   248468.97689367022                         1
   248668.97689367022                         1
   248868.97689367022                         1
   249068.97689367022                         1
   249268.97689367022                         1
   249468.97689367022                         1
   249668.97689367022                         1
   249868.97689367022                         1
   250068.97689367022                         1
   250268.97689367022                         1
   250468.97689367022                         1
   250668.97689367022                         1
   250868.97689367022                         1
   251068.97689367022                         1
   251268.97689367022                         1
   251468.97689367022                         1
   251668.97689367022                         1
   251868.97689367022                         1
   252068.97689367022                         1
   252268.97689367022                         1
   252468.97689367022                         1
   252668.97689367022                         1
   252868.97689367022                         1
   253068.97689367022                         1
   253268.97689367022                         1
   253468.97689367022                         1
   253668.97689367022                         1
   253868.97689367022                         1
   254068.97689367022                         1
   254268.97689367022                         1
   254468.97689367022                         1
   254668.97689367022                         1
   254868.97689367022                         1
   255068.97689367022                         1
   255268.97689367022                         1
   255468.97689367022                         1
   255668.97689367022                         1
   255868.97689367022                         1
   256068.97689367022                         1
   256268.97689367022                         1
   256468.97689367022                         1
   256668.97689367022                         1
   256868.97689367022                         1
   257068.97689367022                         1
   257268.97689367022                         1
   257468.97689367022                         1
   257668.97689367022                         1
   257868.97689367022                         1
   258068.97689367022                         1
   258268.97689367022                         1
   258468.97689367022                         1
   258668.97689367022                         1
   258868.97689367022                         1
   259068.97689367022                         1
