                    1   2.5000000000000001E-003  -595.39873726686676     
                    2   7.4999999999999997E-003  -549.26004056879049     
                    3   1.2500000000000001E-002  -502.57434209922837     
                    4   1.7500000000000002E-002  -455.98522023247790     
                    5   2.2499999999999999E-002  -409.50704873313788     
                    6   2.7500000000000000E-002  -363.26380556061798     
                    7   3.2500000000000001E-002  -317.29545500371506     
                    8   3.7500000000000006E-002  -271.60601979002098     
                    9   4.2499999999999996E-002  -226.28046298822480     
                   10   4.7500000000000001E-002  -181.46867685562245     
                   11   5.2500000000000005E-002  -137.38373912278303     
                   12   5.7499999999999996E-002  -94.609864586354533     
                   13   6.2500000000000000E-002  -55.554015831512210     
                   14   6.7500000000000004E-002  -36.088972084572347     
                   15   7.2500000000000009E-002  -27.707189905197293     
                   16   7.7499999999999999E-002  -27.554326198199153     
                   17   8.2500000000000004E-002  -27.392028715186637     
                   18   8.7499999999999994E-002  -27.220651726662041     
                   19   9.2499999999999999E-002  -27.067240175804933     
                   20   9.7500000000000003E-002  -26.927905707799844     
                   21  0.10250000000000001       -26.800385017361840     
                   22  0.10750000000000000       -26.683225268306117     
                   23  0.11250000000000000       -26.575380807462345     
                   24  0.11749999999999999       -26.476019220020358     
                   25  0.12250000000000000       -26.384430242321550     
                   26  0.12750000000000000       -26.299983521584664     
                   27  0.13250000000000001       -26.222108819487239     
                   28  0.13750000000000001       -26.150286201005599     
                   29  0.14250000000000002       -26.084040530411610     
                   30  0.14749999999999999       -26.022937777744644     
                   31  0.15250000000000000       -25.966582082022931     
                   32  0.15750000000000000       -25.914613150480747     
                   33  0.16250000000000001       -25.866703841038856     
                   34  0.16750000000000001       -25.822557883292291     
                   35  0.17250000000000001       -25.781907733161180     
                   36  0.17749999999999999       -25.744512567837923     
                   37  0.18250000000000000       -25.710156427838484     
                   38  0.18750000000000000       -25.678646509127411     
                   39  0.19250000000000000       -25.649811603587782     
                   40  0.19750000000000001       -25.623500681899856     
                   41  0.20250000000000001       -25.599581609697548     
                   42  0.20750000000000002       -25.577939985805845     
                   43  0.21249999999999999       -25.558478090333463     
                   44  0.21750000000000000       -25.541113930218323     
                   45  0.22250000000000000       -25.525780370282384     
                   46  0.22750000000000001       -25.512424338741546     
                   47  0.23250000000000001       -25.501006097258291     
                   48  0.23749999999999999       -25.491498566881120     
                   49  0.24249999999999999       -25.483886702484117     
                   50  0.24750000000000000       -25.478166909534590     
                   51  0.25250000000000000       -25.474346498135528     
                   52  0.25750000000000001       -25.472443170291999     
                   53  0.26250000000000001       -25.472484537229747     
                   54  0.26750000000000002       -25.474507664352942     
                   55  0.27250000000000002       -25.478558642073668     
                   56  0.27750000000000002       -25.484692181288260     
                   57  0.28250000000000003       -25.492971232724379     
                   58  0.28749999999999998       -25.503466629742665     
                   59  0.29249999999999998       -25.516256754445617     
                   60  0.29749999999999999       -25.531427227103865     
