                    1   2.5000000000000001E-003  -4.6640117459906014E-018
                    2   7.4999999999999997E-003  -6.7811667753431591E-018
                    3   1.2500000000000001E-002  -9.4897744476944616E-018
                    4   1.7500000000000002E-002  -1.3508843249456710E-017
                    5   2.2499999999999999E-002  -1.9855804112856287E-017
                    6   2.7500000000000000E-002  -2.9558896031844074E-017
                    7   3.2500000000000001E-002  -4.5772167222734935E-017
                    8   3.7500000000000006E-002  -7.3204233391645069E-017
                    9   4.2499999999999996E-002  -1.2259936390356413E-016
                   10   4.7500000000000001E-002  -2.1502026161932379E-016
                   11   5.2500000000000005E-002  -4.0315778807663941E-016
                   12   5.7499999999999996E-002  -8.1668726672896712E-016
                   13   6.2500000000000000E-002  -1.8168583590696952E-015
                   14   6.7500000000000004E-002  -4.6785740050347816E-015
                   15   7.2500000000000009E-002  -1.4624783511763830E-014
                   16   7.7499999999999999E-002  -6.1740597702846741E-014
                   17   8.2500000000000004E-002  -4.3261279448390066E-013
                   18   8.7499999999999994E-002  -8.7206829758680720E-012
                   19   9.2499999999999999E-002  -1.6701215613590054E-009
                   20   9.7500000000000003E-002  -5.0565794316497849E-008
                   21  0.10250000000000001       -1.1121022854397686E-007
                   22  0.10750000000000000       -2.7066800937738747E-008
                   23  0.11250000000000000       -1.5471337717394292E-008
                   24  0.11749999999999999       -1.5156525440768131E-008
                   25  0.12250000000000000       -1.4802696567674223E-008
                   26  0.12750000000000000       -1.4438160649907859E-008
                   27  0.13250000000000001       -1.4075776057598670E-008
                   28  0.13750000000000001       -1.3718750153150050E-008
                   29  0.14250000000000002       -1.3365798903795713E-008
                   30  0.14749999999999999       -1.3014222508078368E-008
                   31  0.15250000000000000       -1.2661370598820795E-008
                   32  0.15750000000000000       -1.2305180559887074E-008
                   33  0.16250000000000001       -1.1944268258770566E-008
                   34  0.16750000000000001       -1.1577837897877811E-008
                   35  0.17250000000000001       -1.1205539740682106E-008
                   36  0.17749999999999999       -1.0827330513488430E-008
                   37  0.18250000000000000       -1.0443356125846969E-008
                   38  0.18750000000000000       -1.0053861120673765E-008
                   39  0.19250000000000000       -9.6591232065765890E-009
                   40  0.19750000000000001       -9.2594090846897737E-009
                   41  0.20250000000000001       -8.8549472619525111E-009
                   42  0.20750000000000002       -8.4459137102159194E-009
                   43  0.21249999999999999       -8.0324267091549661E-009
                   44  0.21750000000000000       -7.6145478258778132E-009
                   45  0.22250000000000000       -7.1922866337721552E-009
                   46  0.22750000000000001       -6.7656073889118628E-009
                   47  0.23250000000000001       -6.3344364214441544E-009
                   48  0.23749999999999999       -5.8986694396098895E-009
                   49  0.24249999999999999       -5.4581782814429000E-009
                   50  0.24750000000000000       -5.0128168914295208E-009
                   51  0.25250000000000000       -4.5624264611090257E-009
                   52  0.25750000000000001       -4.1068397712039513E-009
                   53  0.26250000000000001       -3.6458848249005006E-009
                   54  0.26750000000000002       -3.1793878823795627E-009
                   55  0.27250000000000002       -2.7071760069698033E-009
                   56  0.27750000000000002       -2.2290792228334780E-009
                   57  0.28250000000000003       -1.7449323693057154E-009
                   58  0.28749999999999998       -1.2545767232406183E-009
                   59  0.29249999999999998       -7.5786145312158520E-010
                   60  0.29749999999999999       -2.5464497394901812E-010
