                    1   2.5000000000000001E-003  -19.931259176069879     
                    2   7.4999999999999997E-003  -20.873490763076024     
                    3   1.2500000000000001E-002  -20.896696320938318     
                    4   1.7500000000000002E-002  -21.006048882284816     
                    5   2.2499999999999999E-002  -21.058973076470423     
                    6   2.7500000000000000E-002  -21.038659637203153     
                    7   3.2500000000000001E-002  -21.096806819377626     
                    8   3.7500000000000006E-002  -21.153477786553161     
                    9   4.2499999999999996E-002  -21.196634327692028     
                   10   4.7500000000000001E-002  -21.202366881420712     
                   11   5.2500000000000005E-002  -21.266015295203509     
                   12   5.7499999999999996E-002  -21.212831131609526     
                   13   6.2500000000000000E-002  -21.146906563436431     
                   14   6.7500000000000004E-002  -21.140532355379726     
                   15   7.2500000000000009E-002  -21.106368654177217     
                   16   7.7499999999999999E-002  -21.018637874279364     
                   17   8.2500000000000004E-002  -20.857564030321239     
                   18   8.7499999999999994E-002  -20.733406232434795     
                   19   9.2499999999999999E-002  -20.590147347979848     
                   20   9.7500000000000003E-002  -20.432768223993214     
                   21  0.10250000000000001       -20.302859112121322     
                   22  0.10750000000000000       -20.096192620144357     
                   23  0.11250000000000000       -19.887575353613023     
                   24  0.11749999999999999       -19.757035519524123     
                   25  0.12250000000000000       -19.555992121079562     
                   26  0.12750000000000000       -19.289809065605887     
                   27  0.13250000000000001       -18.994482308163612     
                   28  0.13750000000000001       -18.599871794429937     
                   29  0.14250000000000002       -18.007608823688379     
                   30  0.14749999999999999       -17.169388720096418     
                   31  0.15250000000000000       -20.704497511595086     
                   32  0.15750000000000000       -26.693877797885577     
                   33  0.16250000000000001       -29.121823454807068     
                   34  0.16750000000000001       -29.582596490784461     
                   35  0.17250000000000001       -29.608263020720166     
                   36  0.17749999999999999       -29.634385662499810     
                   37  0.18250000000000000       -29.660976409275506     
                   38  0.18750000000000000       -29.688055342206525     
                   39  0.19250000000000000       -29.715649773203868     
                   40  0.19750000000000001       -29.743793300318643     
                   41  0.20250000000000001       -29.772524812293653     
                   42  0.20750000000000002       -29.801887476394917     
                   43  0.21249999999999999       -29.831927740014919     
                   44  0.21750000000000000       -29.862694372025601     
                   45  0.22250000000000000       -29.894237564802008     
                   46  0.22750000000000001       -29.926608112568836     
                   47  0.23250000000000001       -29.959856676537871     
                   48  0.23749999999999999       -29.994033142449744     
                   49  0.24249999999999999       -30.029186071794431     
                   50  0.24750000000000000       -30.065362244287552     
                   51  0.25250000000000000       -30.102606286190834     
                   52  0.25750000000000001       -30.140960376803335     
                   53  0.26250000000000001       -30.180464023890440     
                   54  0.26750000000000002       -30.221153897907278     
                   55  0.27250000000000002       -30.263063714536699     
                   56  0.27750000000000002       -30.306224155215311     
                   57  0.28250000000000003       -30.350662815877516     
                   58  0.28749999999999998       -30.396404175023413     
                   59  0.29249999999999998       -30.443469573338355     
                   60  0.29749999999999999       -30.491877198395859     
