                    1   2.5000000000000001E-003  -648.52996597278127     
                    2   7.4999999999999997E-003  -623.09328012217838     
                    3   1.2500000000000001E-002  -597.29485374247065     
                    4   1.7500000000000002E-002  -571.47379673508976     
                    5   2.2499999999999999E-002  -545.62170780953943     
                    6   2.7500000000000000E-002  -519.78940198227792     
                    7   3.2500000000000001E-002  -493.97734747146154     
                    8   3.7500000000000006E-002  -468.15983496816716     
                    9   4.2499999999999996E-002  -442.34518331419139     
                   10   4.7500000000000001E-002  -416.55469696124976     
                   11   5.2500000000000005E-002  -390.78373688288355     
                   12   5.7499999999999996E-002  -365.05652804316765     
                   13   6.2500000000000000E-002  -339.42234858877595     
                   14   6.7500000000000004E-002  -313.86718244019198     
                   15   7.2500000000000009E-002  -288.38301799074384     
                   16   7.7499999999999999E-002  -263.00276604352399     
                   17   8.2500000000000004E-002  -237.77622558473220     
                   18   8.7499999999999994E-002  -212.72153708586603     
                   19   9.2499999999999999E-002  -187.83922617076476     
                   20   9.7500000000000003E-002  -163.15061701122207     
                   21  0.10250000000000001       -138.66514494925255     
                   22  0.10750000000000000       -114.42513895307370     
                   23  0.11250000000000000       -90.507208518463287     
                   24  0.11749999999999999       -67.036179430112185     
                   25  0.12250000000000000       -45.168481763723754     
                   26  0.12750000000000000       -34.880786270885842     
                   27  0.13250000000000001       -28.055078379911730     
                   28  0.13750000000000001       -27.995298257748022     
                   29  0.14250000000000002       -27.975621682848271     
                   30  0.14749999999999999       -27.913185660018318     
                   31  0.15250000000000000       -27.855741339058632     
                   32  0.15750000000000000       -27.803155238232360     
                   33  0.16250000000000001       -27.755129270571377     
                   34  0.16750000000000001       -27.711300209758068     
                   35  0.17250000000000001       -27.671318573009351     
                   36  0.17749999999999999       -27.634890387122951     
                   37  0.18250000000000000       -27.601789389311424     
                   38  0.18750000000000000       -27.571852101756853     
                   39  0.19250000000000000       -27.544965732974788     
                   40  0.19750000000000001       -27.521054945877356     
                   41  0.20250000000000001       -27.500070386050005     
                   42  0.20750000000000002       -27.481979897709529     
                   43  0.21249999999999999       -27.466762342655642     
                   44  0.21750000000000000       -27.454403533916292     
                   45  0.22250000000000000       -27.444893720186858     
                   46  0.22750000000000001       -27.438226127765915     
                   47  0.23250000000000001       -27.434396182266571     
                   48  0.23749999999999999       -27.433401144577932     
                   49  0.24249999999999999       -27.435239986170100     
                   50  0.24750000000000000       -27.439913394793848     
                   51  0.25250000000000000       -27.447423846201840     
                   52  0.25750000000000001       -27.457775705818438     
                   53  0.26250000000000001       -27.470975341191483     
                   54  0.26750000000000002       -27.487031235510358     
                   55  0.27250000000000002       -27.505954097392241     
                   56  0.27750000000000002       -27.527756964628399     
                   57  0.28250000000000003       -27.552455301219624     
                   58  0.28749999999999998       -27.580067089076991     
                   59  0.29249999999999998       -27.610612919131473     
                   60  0.29749999999999999       -27.644116091063420     
