                    1   2.5000000000000001E-003  -628.77627975553241     
                    2   7.4999999999999997E-003  -595.65108951588491     
                    3   1.2500000000000001E-002  -562.08130572608218     
                    4   1.7500000000000002E-002  -528.51516771874833     
                    5   2.2499999999999999E-002  -494.94818818306646     
                    6   2.7500000000000000E-002  -461.45300546067142     
                    7   3.2500000000000001E-002  -428.03745607676416     
                    8   3.7500000000000006E-002  -394.67606179522801     
                    9   4.2499999999999996E-002  -361.38827702855548     
                   10   4.7500000000000001E-002  -328.21141007282876     
                   11   5.2500000000000005E-002  -295.15163360672005     
                   12   5.7499999999999996E-002  -262.25454692644240     
                   13   6.2500000000000000E-002  -229.60244330205092     
                   14   6.7500000000000004E-002  -197.20629294875658     
                   15   7.2500000000000009E-002  -165.10154302872456     
                   16   7.7499999999999999E-002  -133.40912070412801     
                   17   8.2500000000000004E-002  -102.35128101878597     
                   18   8.7499999999999994E-002  -72.373861774433038     
                   19   9.2499999999999999E-002  -45.737206217262823     
                   20   9.7500000000000003E-002  -33.621681274672525     
                   21  0.10250000000000001       -27.740790753039441     
                   22  0.10750000000000000       -27.623756586928444     
                   23  0.11250000000000000       -27.543204007354852     
                   24  0.11749999999999999       -27.426479570339144     
                   25  0.12250000000000000       -27.316929501258798     
                   26  0.12750000000000000       -27.214311229035140     
                   27  0.13250000000000001       -27.118226008390675     
                   28  0.13750000000000001       -27.028245298063744     
                   29  0.14250000000000002       -26.943972894253040     
                   30  0.14749999999999999       -26.865065015613315     
                   31  0.15250000000000000       -26.791229862020515     
                   32  0.15750000000000000       -26.722219638551891     
                   33  0.16250000000000001       -26.657821320763667     
                   34  0.16750000000000001       -26.597848616403965     
                   35  0.17250000000000001       -26.542135758611145     
                   36  0.17749999999999999       -26.490533029010294     
                   37  0.18250000000000000       -26.442903678579199     
                   38  0.18750000000000000       -26.399121891120615     
                   39  0.19250000000000000       -26.359071482879106     
                   40  0.19750000000000001       -26.322645096961782     
                   41  0.20250000000000001       -26.289743712728676     
                   42  0.20750000000000002       -26.260276342170215     
                   43  0.21249999999999999       -26.234159826524049     
                   44  0.21750000000000000       -26.211318677776404     
                   45  0.22250000000000000       -26.191684932587556     
                   46  0.22750000000000001       -26.175198002090493     
                   47  0.23250000000000001       -26.161804511432404     
                   48  0.23749999999999999       -26.151458129237913     
                   49  0.24249999999999999       -26.144119390558835     
                   50  0.24750000000000000       -26.139755518304074     
                   51  0.25250000000000000       -26.138340248359171     
                   52  0.25750000000000001       -26.139853663147559     
                   53  0.26250000000000001       -26.144282037624077     
                   54  0.26750000000000002       -26.151617700860761     
                   55  0.27250000000000002       -26.161858915620492     
                   56  0.27750000000000002       -26.175009777682156     
                   57  0.28250000000000003       -26.191080136200053     
                   58  0.28749999999999998       -26.210085536037369     
                   59  0.29249999999999998       -26.232047182769112     
                   60  0.29749999999999999       -26.256991930834470     
