                    1   2.5000000000000001E-003  -649.28157667677760     
                    2   7.4999999999999997E-003  -623.09089306590386     
                    3   1.2500000000000001E-002  -596.73171184910382     
                    4   1.7500000000000002E-002  -570.37641910641082     
                    5   2.2499999999999999E-002  -544.02717561914972     
                    6   2.7500000000000000E-002  -517.74492883227981     
                    7   3.2500000000000001E-002  -491.54614898232097     
                    8   3.7500000000000006E-002  -465.40073258483881     
                    9   4.2499999999999996E-002  -439.29796948660169     
                   10   4.7500000000000001E-002  -413.22397817218729     
                   11   5.2500000000000005E-002  -387.18224191518698     
                   12   5.7499999999999996E-002  -361.20269452469836     
                   13   6.2500000000000000E-002  -335.29551378255064     
                   14   6.7500000000000004E-002  -309.45166819926709     
                   15   7.2500000000000009E-002  -283.66683183704572     
                   16   7.7499999999999999E-002  -257.96590065613560     
                   17   8.2500000000000004E-002  -232.38352774956513     
                   18   8.7499999999999994E-002  -206.93266176252254     
                   19   9.2499999999999999E-002  -181.63209314455167     
                   20   9.7500000000000003E-002  -156.50158894893397     
                   21  0.10250000000000001       -131.54944353062507     
                   22  0.10750000000000000       -106.82579387729805     
                   23  0.11250000000000000       -82.434979388815577     
                   24  0.11749999999999999       -58.791720117418450     
                   25  0.12250000000000000       -38.567950817561304     
                   26  0.12750000000000000       -31.207113117490188     
                   27  0.13250000000000001       -27.273537353507948     
                   28  0.13750000000000001       -27.143525033479349     
                   29  0.14250000000000002       -26.989368841706124     
                   30  0.14749999999999999       -26.847448632308360     
                   31  0.15250000000000000       -26.716257700564014     
                   32  0.15750000000000000       -26.595031088244646     
                   33  0.16250000000000001       -26.483342841367225     
                   34  0.16750000000000001       -26.380863631715307     
                   35  0.17250000000000001       -26.287249477323122     
                   36  0.17749999999999999       -26.202111099941401     
                   37  0.18250000000000000       -26.125021839382818     
                   38  0.18750000000000000       -26.055537848651110     
                   39  0.19250000000000000       -25.993217603014742     
                   40  0.19750000000000001       -25.937636136935087     
                   41  0.20250000000000001       -25.888393645626543     
                   42  0.20750000000000002       -25.845119684925464     
                   43  0.21249999999999999       -25.807474460703169     
                   44  0.21750000000000000       -25.775148428751777     
                   45  0.22250000000000000       -25.747861043996018     
                   46  0.22750000000000001       -25.725359172028824     
                   47  0.23250000000000001       -25.707415447141962     
                   48  0.23749999999999999       -25.693826718101512     
                   49  0.24249999999999999       -25.684412641219488     
                   50  0.24750000000000000       -25.679014437244653     
                   51  0.25250000000000000       -25.677493808048872     
                   52  0.25750000000000001       -25.679732000776067     
                   53  0.26250000000000001       -25.685629005072986     
                   54  0.26750000000000002       -25.695102869948201     
                   55  0.27250000000000002       -25.708089128999859     
                   56  0.27750000000000002       -25.724540325399513     
                   57  0.28250000000000003       -25.744425630820110     
                   58  0.28749999999999998       -25.767730555451578     
                   59  0.29249999999999998       -25.794456749521849     
                   60  0.29749999999999999       -25.824621900508010     
