                    1   2.5000000000000001E-003  0.15373328930401342     
                    2   7.4999999999999997E-003  0.14972570513083153     
                    3   1.2500000000000001E-002  0.14971691707899326     
                    4   1.7500000000000002E-002  0.14920258445844534     
                    5   2.2499999999999999E-002  0.14917984404648266     
                    6   2.7500000000000000E-002  0.14986825142899071     
                    7   3.2500000000000001E-002  0.15013639772936699     
                    8   3.7500000000000006E-002  0.15014344368754279     
                    9   4.2499999999999996E-002  0.15012461559819590     
                   10   4.7500000000000001E-002  0.14977231957149187     
                   11   5.2500000000000005E-002  0.14974452967589397     
                   12   5.7499999999999996E-002  0.14992915941097210     
                   13   6.2500000000000000E-002  0.15000863055582034     
                   14   6.7500000000000004E-002  0.14986330061485989     
                   15   7.2500000000000009E-002  0.14965373625147332     
                   16   7.7499999999999999E-002  0.14973268037825371     
                   17   8.2500000000000004E-002  0.14971684953730482     
                   18   8.7499999999999994E-002  0.14878467588268943     
                   19   9.2499999999999999E-002  0.14400785347136888     
                   20   9.7500000000000003E-002  0.13355687717739462     
                   21  0.10250000000000001       0.12580990159824776     
                   22  0.10750000000000000       0.12482867459317032     
                   23  0.11250000000000000       0.12594376106594099     
                   24  0.11749999999999999       0.12695602027131594     
                   25  0.12250000000000000       0.12785486214304642     
                   26  0.12750000000000000       0.12864590706792609     
                   27  0.13250000000000001       0.12933921736018264     
                   28  0.13750000000000001       0.12994526925492153     
                   29  0.14250000000000002       0.13047387677457123     
                   30  0.14749999999999999       0.13093397499766063     
                   31  0.15250000000000000       0.13133360679133221     
                   32  0.15750000000000000       0.13167995698470170     
                   33  0.16250000000000001       0.13197940514216630     
                   34  0.16750000000000001       0.13223758901563318     
                   35  0.17250000000000001       0.13245947209714223     
                   36  0.17749999999999999       0.13264940977610803     
                   37  0.18250000000000000       0.13281121075854546     
                   38  0.18750000000000000       0.13294819242421646     
                   39  0.19250000000000000       0.13306323010624790     
                   40  0.19750000000000001       0.13315880090773741     
                   41  0.20250000000000001       0.13323702285645356     
                   42  0.20750000000000002       0.13329969016028048     
                   43  0.21249999999999999       0.13334830520344268     
                   44  0.21750000000000000       0.13338410778944765     
                   45  0.22250000000000000       0.13340810202067377     
                   46  0.22750000000000001       0.13342108111390172     
                   47  0.23250000000000001       0.13342365038366630     
                   48  0.23749999999999999       0.13341624857602982     
                   49  0.24249999999999999       0.13339916769915830     
                   50  0.24750000000000000       0.13337257146975923     
                   51  0.25250000000000000       0.13333651247292164     
                   52  0.25750000000000001       0.13329094811501160     
                   53  0.26250000000000001       0.13323575543358551     
                   54  0.26750000000000002       0.13317074481397401     
                   55  0.27250000000000002       0.13309567264911312     
                   56  0.27750000000000002       0.13301025296819280     
                   57  0.28250000000000003       0.13291416805341244     
                   58  0.28749999999999998       0.13280707806848979     
                   59  0.29249999999999998       0.13268862974704748     
                   60  0.29749999999999999       0.13255846423386036     
