                    1     0.0000000000000000          266.22670351728482     
                    2     5.0000000000000001E-003     267.33834565679643     
                    3     1.0000000000000000E-002     268.50074991396247     
                    4     1.4999999999999999E-002     269.66354790193640     
                    5     2.0000000000000000E-002     270.82956527905776     
                    6     2.5000000000000001E-002     271.75801541584030     
                    7     2.9999999999999999E-002     272.58713827775949     
                    8     3.5000000000000003E-002     273.37748023925764     
                    9     4.0000000000000001E-002     274.13385150690306     
                   10     4.4999999999999998E-002     274.85669777099349     
                   11     5.0000000000000003E-002     275.54541538788357     
                   12     5.5000000000000000E-002     276.19919973105897     
                   13     5.9999999999999998E-002     276.81736590923072     
                   14     6.5000000000000002E-002     277.39947418901409     
                   15     7.0000000000000007E-002     277.94537121460297     
                   16     7.4999999999999997E-002     278.45519371168643     
                   17     8.0000000000000002E-002     278.92935511135329     
                   18     8.5000000000000006E-002     279.36852405121317     
                   19     8.9999999999999997E-002     279.77359872860563     
                   20     9.5000000000000001E-002     280.14567900728645     
                   21    0.10000000000000001          280.48603735842920     
                   22    0.10500000000000000          280.79608940033199     
                   23    0.11000000000000000          281.07736466821206     
                   24    0.11500000000000000          281.33147816816972     
                   25    0.12000000000000000          281.56010320177825     
                   26    0.12500000000000000          281.76494587630106     
                   27    0.13000000000000000          281.94772163860978     
                   28    0.13500000000000001          282.11013409078572     
                   29    0.14000000000000001          282.25385626523013     
                   30    0.14499999999999999          282.38051445988771     
                   31    0.14999999999999999          282.49167466233285     
                   32    0.15500000000000000          282.58883152687645     
                   33    0.16000000000000000          282.67339981281583     
                   34    0.16500000000000001          282.74670814526451     
                   35    0.17000000000000001          282.80999492298770     
                   36    0.17500000000000002          282.86440617025249     
                   37    0.17999999999999999          282.91099511147991     
                   38    0.18500000000000000          282.95072323777589     
                   39    0.19000000000000000          282.98446263235866     
                   40    0.19500000000000001          283.01299932645861     
                   41    0.20000000000000001          283.03703746736113     
                   42    0.20500000000000002          283.05720409476015     
                   43    0.20999999999999999          283.07405433939209     
                   44    0.21500000000000000          283.08807687796576     
                   45    0.22000000000000000          283.09969949974993     
                   46    0.22500000000000001          283.10929466196512     
                   47    0.23000000000000001          283.11718493264055     
                   48    0.23500000000000001          283.12364824023911     
                   49    0.23999999999999999          283.12892286869169     
                   50    0.24500000000000000          283.13321215416602     
                   51    0.25000000000000000          283.13668885574248     
                   52    0.25500000000000000          283.13949918606573     
                   53    0.26000000000000001          283.14176649998706     
                   54    0.26500000000000001          283.14359464926343     
                   55    0.27000000000000002          283.14507101966740     
                   56    0.27500000000000002          283.14626927354175     
                   57    0.28000000000000003          283.14725182610368     
                   58    0.28500000000000003          283.14807208786129     
                   59    0.28999999999999998          283.14877650856897     
                   60    0.29499999999999998          283.14940646043340     
                   61    0.29999999999999999          283.14999999999998     
