                    1     2.5000000000000001E-003     3.6782686834476087E-002
                    2     7.4999999999999997E-003     3.7162716826172268E-002
                    3     1.2500000000000001E-002     3.7585943150851973E-002
                    4     1.7500000000000002E-002     3.8043067271385719E-002
                    5     2.2499999999999999E-002     3.8538892095086014E-002
                    6     2.7500000000000000E-002     3.9078315553277065E-002
                    7     3.2500000000000001E-002     3.9667840238485144E-002
                    8     3.7500000000000006E-002     4.0316495001025687E-002
                    9     4.2499999999999996E-002     4.1034911448112284E-002
                   10     4.7500000000000001E-002     4.1836624778341561E-002
                   11     5.2500000000000005E-002     4.2739120114388164E-002
                   12     5.7499999999999996E-002     4.3765352900016458E-002
                   13     6.2500000000000000E-002     4.4945514604166355E-002
                   14     6.7500000000000004E-002     4.6321339186114960E-002
                   15     7.2500000000000009E-002     4.7956453743928394E-002
                   16     7.7499999999999999E-002     4.9944586303364832E-002
                   17     8.2500000000000004E-002     5.2428858549487270E-002
                   18     8.7499999999999994E-002     5.5652511098174443E-002
                   19     9.2499999999999999E-002     6.0057531254574519E-002
                   20     9.7500000000000003E-002     6.6519662933803875E-002
                   21    0.10250000000000001          7.6908134392280031E-002
                   22    0.10750000000000000          9.5162806474318740E-002
                   23    0.11250000000000000         0.12627901196489602     
                   24    0.11749999999999999         0.15930765925062820     
                   25    0.12250000000000000         0.17323213882530297     
                   26    0.12750000000000000         0.17765195728094163     
                   27    0.13250000000000001         0.18060588227319335     
                   28    0.13750000000000001         0.18311390050653237     
                   29    0.14250000000000002         0.18528261231033560     
                   30    0.14749999999999999         0.18716217753673275     
                   31    0.15250000000000000         0.18878542006233162     
                   32    0.15750000000000000         0.19019222628438240     
                   33    0.16250000000000001         0.19141050922952416     
                   34    0.16750000000000001         0.19246471945991361     
                   35    0.17250000000000001         0.19337530110894943     
                   36    0.17749999999999999         0.19415950916608851     
                   37    0.18250000000000000         0.19483201819711404     
                   38    0.18750000000000000         0.19540538439945987     
                   39    0.19250000000000000         0.19589040257327783     
                   40    0.19750000000000001         0.19629638634842664     
                   41    0.20250000000000001         0.19663139141257979     
                   42    0.20750000000000002         0.19690239578750085     
                   43    0.21249999999999999         0.19711544731875716     
                   44    0.21750000000000000         0.19727578583745434     
                   45    0.22250000000000000         0.19738794552983391     
                   46    0.22750000000000001         0.19745584166267013     
                   47    0.23250000000000001         0.19748284479576741     
                   48    0.23749999999999999         0.19747184485835104     
                   49    0.24249999999999999         0.19742530690009258     
                   50    0.24750000000000000         0.19734531989948137     
                   51    0.25250000000000000         0.19723363968700269     
                   52    0.25750000000000001         0.19709172679285805     
                   53    0.26250000000000001         0.19692077984019163     
                   54    0.26750000000000002         0.19672176496099342     
                   55    0.27250000000000002         0.19649544160231908     
                   56    0.27750000000000002         0.19624238500689828     
                   57    0.28250000000000003         0.19596300558811289     
                   58    0.28749999999999998         0.19565756536964674     
                   59    0.29249999999999998         0.19532619162086234     
                   60    0.29749999999999999         0.19496888778703209     
